MPI_Wtime measured for total run by process 0 = 0.005121
Total time by each process = 0.305519  And Average = 0.004774 , Comm_TIME = 0.000000
Printing Matrix A
0.737159	0.908290	0.753998	0.242423	0.329327	0.788876	0.230028	0.864821	0.716800	0.614327	0.260402	0.643822	0.594164	0.867117	0.147638	0.760896	0.858356	0.389759	0.386120	0.792218	0.677268	0.984579	0.844609	0.326142	0.642895	0.034553	0.775927	0.740087	0.973490	0.416984	0.646455	0.005925	0.847065	0.117164	0.027866	0.948631	0.490477	0.612429	0.782610	0.896495	0.879041	0.328802	0.609424	0.025059	0.676092	0.704041	0.619922	0.827358	
0.105650	0.700171	0.853905	0.838650	0.582012	0.679469	0.389650	0.790128	0.507012	0.923659	0.187818	0.699349	0.390761	0.186458	0.113357	0.477670	0.958338	0.352523	0.826643	0.156626	0.642252	0.773277	0.412059	0.300592	0.682334	0.035508	0.172969	0.734063	0.138248	0.574413	0.934337	0.470611	0.229924	0.704918	0.014306	0.465221	0.697639	0.688460	0.801903	0.028769	0.213303	0.354390	0.799134	0.950003	0.008974	0.188985	0.576499	0.835985	
0.482730	0.862989	0.402446	0.153595	0.566709	0.209783	0.831106	0.852849	0.302829	0.430683	0.295692	0.039344	0.905102	0.247976	0.887926	0.288024	0.624863	0.867693	0.479223	0.127395	0.863342	0.414543	0.575730	0.738858	0.474631	0.980522	0.550226	0.074989	0.248197	0.936929	0.406925	0.506779	0.375966	0.059097	0.395759	0.901121	0.523670	0.953549	0.583057	0.977959	0.861947	0.828011	0.978348	0.867502	0.225964	0.362668	0.029385	0.664676	
0.243920	0.260540	0.910265	0.898780	0.477325	0.533335	0.544736	0.118070	0.469776	0.818857	0.849081	0.674670	0.490791	0.707933	0.906786	0.925526	0.096382	0.790384	0.347727	0.440583	0.541493	0.885434	0.485212	0.492912	0.949585	0.403113	0.998128	0.873710	0.115121	0.009094	0.954252	0.172612	0.120686	0.057281	0.652160	0.293466	0.471782	0.279882	0.182404	0.911982	0.084563	0.930655	0.392878	0.571609	0.386008	0.529905	0.515322	0.390894	
0.665513	0.104422	0.946039	0.511327	0.576788	0.374815	0.564003	0.891182	0.601893	0.731256	0.626202	0.502770	0.883567	0.352471	0.735191	0.034898	0.191540	0.718377	0.537208	0.555400	0.020913	0.873189	0.217014	0.233481	0.586208	0.813678	0.267602	0.224621	0.349122	0.550059	0.320456	0.485017	0.724276	0.649575	0.433098	0.375480	0.135191	0.038926	0.013040	0.171111	0.237145	0.811659	0.301236	0.655916	0.613372	0.734671	0.790932	0.445825	
0.423083	0.776692	0.300375	0.310192	0.400841	0.787770	0.621525	0.013129	0.943670	0.363416	0.861069	0.895264	0.225307	0.408270	0.849624	0.531447	0.949494	0.128887	0.460310	0.685435	0.788196	0.275032	0.432086	0.268391	0.112949	0.620662	0.651139	0.448459	0.145862	0.892686	0.710823	0.268191	0.732271	0.910186	0.836157	0.053732	0.068825	0.034074	0.616924	0.876667	0.934271	0.703892	0.013255	0.461857	0.009079	0.154602	0.778675	0.380219	
0.819872	0.703526	0.886026	0.280381	0.086022	0.455762	0.616919	0.432820	0.829758	0.136601	0.289062	0.002130	0.953001	0.018043	0.579526	0.242622	0.688668	0.055426	0.703407	0.529545	0.650263	0.492374	0.317736	0.818373	0.061905	0.990506	0.553433	0.649108	0.149368	0.238110	0.065413	0.128291	0.426881	0.328775	0.519524	0.919716	0.843627	0.436969	0.337284	0.308857	0.210316	0.750156	0.291999	0.270183	0.066414	0.170259	0.989026	0.885909	
0.482267	0.546194	0.073005	0.171578	0.878000	0.077995	0.863889	0.614473	0.686215	0.837954	0.763892	0.419580	0.616430	0.962135	0.888389	0.021362	0.062728	0.372447	0.033466	0.052364	0.152573	0.126749	0.517212	0.090667	0.105850	0.181641	0.036757	0.700049	0.191060	0.258643	0.510227	0.450105	0.847561	0.708688	0.366578	0.792492	0.891412	0.535613	0.660462	0.612051	0.554900	0.636055	0.394913	0.244844	0.998288	0.665422	0.783491	0.081471	
0.938079	0.512079	0.551211	0.823807	0.223812	0.851247	0.985699	0.650587	0.256990	0.132256	0.622746	0.237875	0.880587	0.129550	0.018823	0.295131	0.001180	0.261559	0.111781	0.995014	0.444786	0.219867	0.309558	0.971085	0.157095	0.218449	0.480442	0.400876	0.359621	0.025107	0.741448	0.335346	0.127447	0.295018	0.682271	0.574820	0.136292	0.557543	0.665140	0.012397	0.631969	0.602077	0.687170	0.473439	0.533380	0.425234	0.818783	0.017455	
0.357484	0.185457	0.602505	0.166812	0.554963	0.184646	0.252983	0.042339	0.427889	0.997362	0.647369	0.161850	0.969346	0.455576	0.347664	0.734358	0.785503	0.744904	0.680093	0.126804	0.636071	0.455159	0.508493	0.774005	0.141914	0.051440	0.242167	0.970031	0.800374	0.999641	0.898637	0.853187	0.653815	0.072147	0.509808	0.568964	0.510401	0.034932	0.521621	0.955275	0.580304	0.452817	0.220006	0.033983	0.848455	0.168419	0.767624	0.431232	
0.619698	0.755348	0.702330	0.275384	0.348435	0.231625	0.119254	0.533591	0.193615	0.522028	0.409257	0.434001	0.589636	0.004804	0.624026	0.778700	0.939414	0.373229	0.858359	0.854475	0.958929	0.076850	0.273000	0.777740	0.596849	0.880236	0.855779	0.263817	0.916656	0.802675	0.704656	0.784406	0.115421	0.285814	0.806248	0.180574	0.226390	0.843360	0.867864	0.966005	0.920869	0.470818	0.160477	0.222062	0.003255	0.617815	0.606111	0.351981	
0.559856	0.695313	0.778084	0.131281	0.133311	0.503863	0.595742	0.465888	0.316108	0.293258	0.671341	0.553718	0.540058	0.382507	0.573755	0.867701	0.372282	0.499715	0.438901	0.154840	0.605637	0.573387	0.128571	0.717990	0.975981	0.921264	0.526569	0.321918	0.646516	0.212795	0.438911	0.353882	0.643511	0.961559	0.484592	0.654624	0.775102	0.291609	0.267287	0.348353	0.020846	0.890590	0.744600	0.614041	0.916931	0.611387	0.907333	0.167036	
0.818865	0.633257	0.244994	0.393687	0.515892	0.923770	0.694894	0.026447	0.541740	0.263155	0.129543	0.677456	0.704032	0.402317	0.254112	0.162210	0.697948	0.376434	0.083347	0.963039	0.455416	0.382418	0.158932	0.866050	0.325901	0.987013	0.006400	0.501919	0.953312	0.321798	0.473590	0.280401	0.279474	0.114480	0.426957	0.962061	0.964328	0.032683	0.753344	0.823933	0.027937	0.534690	0.475414	0.744769	0.940846	0.636151	0.550575	0.585974	
0.573388	0.192871	0.777974	0.882718	0.499411	0.865562	0.814134	0.332001	0.500440	0.876407	0.903301	0.404582	0.687743	0.258584	0.957286	0.068367	0.545013	0.531019	0.416169	0.065288	0.329138	0.168336	0.620345	0.985342	0.367029	0.096641	0.482925	0.114478	0.541955	0.408986	0.217619	0.029915	0.738591	0.085618	0.974672	0.070341	0.081757	0.447082	0.739015	0.822888	0.294174	0.376375	0.420751	0.947768	0.863914	0.461948	0.834107	0.844166	
0.052798	0.727458	0.080691	0.331279	0.036476	0.864550	0.210786	0.881535	0.606968	0.282058	0.748762	0.990426	0.586580	0.694210	0.944237	0.993384	0.468160	0.024504	0.518640	0.711298	0.134145	0.330606	0.263287	0.849890	0.470051	0.897974	0.361774	0.831490	0.340774	0.369040	0.064076	0.282046	0.083265	0.081086	0.662334	0.157021	0.368232	0.141410	0.699769	0.501775	0.123248	0.388634	0.288149	0.433375	0.745824	0.913934	0.164838	0.342135	
0.502531	0.850009	0.215605	0.961345	0.494658	0.215357	0.094056	0.364248	0.116880	0.702325	0.973007	0.033951	0.938115	0.528731	0.143866	0.351056	0.294088	0.811262	0.208095	0.093530	0.875363	0.897181	0.026018	0.186722	0.014312	0.547926	0.024747	0.706150	0.529763	0.065814	0.105749	0.320025	0.617935	0.909528	0.903894	0.528785	0.311944	0.748675	0.687395	0.480860	0.824443	0.689026	0.610663	0.812052	0.630059	0.814054	0.294737	0.135644	
0.265365	0.738703	0.048230	0.948516	0.693453	0.698136	0.632587	0.082556	0.207782	0.306220	0.166759	0.958871	0.996139	0.532626	0.907004	0.203547	0.713441	0.341629	0.209738	0.121846	0.987335	0.284039	0.998978	0.076952	0.138178	0.025205	0.501445	0.101755	0.757001	0.788459	0.302650	0.836374	0.934256	0.777763	0.468147	0.047185	0.719590	0.075404	0.697819	0.925328	0.535528	0.140934	0.934609	0.534556	0.877071	0.355614	0.315021	0.195812	
0.369991	0.393271	0.873183	0.293620	0.771679	0.311342	0.521380	0.305496	0.187203	0.093882	0.689120	0.813421	0.951453	0.745912	0.361024	0.515751	0.915300	0.569153	0.349477	0.381257	0.231798	0.590654	0.929268	0.810087	0.342581	0.238282	0.532406	0.597892	0.220739	0.750333	0.285529	0.312778	0.175106	0.989311	0.744704	0.645739	0.063166	0.729680	0.132543	0.108905	0.443735	0.506825	0.398890	0.460001	0.448521	0.201391	0.476418	0.934879	
0.396100	0.176107	0.294758	0.117307	0.058239	0.350358	0.386754	0.665907	0.806450	0.806631	0.277449	0.824968	0.476966	0.460020	0.540529	0.604909	0.319089	0.077434	0.602862	0.971771	0.041728	0.851884	0.781392	0.258972	0.690522	0.793181	0.332235	0.693941	0.644509	0.762586	0.548860	0.121667	0.148511	0.481795	0.393841	0.412475	0.775694	0.864052	0.782149	0.144928	0.188627	0.440643	0.556258	0.330064	0.288545	0.385804	0.460146	0.705353	
0.706571	0.360030	0.640713	0.535981	0.036864	0.973494	0.523056	0.291685	0.056531	0.232546	0.866912	0.813555	0.655261	0.992862	0.706829	0.724064	0.885363	0.513812	0.856599	0.942484	0.449825	0.712477	0.034401	0.684566	0.736490	0.703720	0.479723	0.758858	0.716634	0.250391	0.449935	0.836863	0.058548	0.861375	0.400468	0.808611	0.719838	0.823175	0.525250	0.845170	0.424853	0.865141	0.066166	0.039559	0.375719	0.206263	0.264404	0.160953	
0.393801	0.238101	0.826187	0.644563	0.567800	0.300263	0.975479	0.354788	0.694324	0.304907	0.843928	0.543290	0.634417	0.045302	0.792679	0.221774	0.228582	0.980749	0.506586	0.600793	0.093050	0.167435	0.046489	0.468860	0.742153	0.501303	0.118234	0.805728	0.794145	0.651472	0.057284	0.773303	0.333120	0.340634	0.379364	0.914092	0.842482	0.540943	0.603751	0.629784	0.783570	0.931984	0.175680	0.654455	0.588741	0.556648	0.179172	0.931890	
0.084003	0.351998	0.213950	0.935781	0.347618	0.945404	0.486526	0.297273	0.706276	0.171901	0.966969	0.851780	0.132283	0.201735	0.738379	0.823747	0.406149	0.285749	0.441836	0.676532	0.698254	0.740823	0.197124	0.454877	0.267353	0.785355	0.453135	0.790033	0.045563	0.896873	0.125393	0.606324	0.896365	0.151641	0.113604	0.127655	0.450109	0.996638	0.906574	0.550633	0.078294	0.408250	0.973124	0.116847	0.190051	0.802630	0.734340	0.846986	
0.301027	0.968906	0.826800	0.226489	0.965040	0.924142	0.674642	0.045542	0.810764	0.284365	0.652075	0.802575	0.414931	0.157569	0.014159	0.779976	0.003182	0.729817	0.845444	0.106891	0.179433	0.682098	0.505809	0.607012	0.181432	0.100461	0.292589	0.675633	0.508241	0.856791	0.837756	0.837586	0.385649	0.670920	0.523709	0.041576	0.808845	0.557218	0.451315	0.631227	0.055607	0.466254	0.634724	0.055716	0.975088	0.665365	0.549273	0.653783	
0.070354	0.166014	0.102514	0.297206	0.931265	0.226012	0.018654	0.015327	0.588927	0.422457	0.623468	0.366617	0.390680	0.411401	0.534933	0.874874	0.389886	0.199351	0.248479	0.403758	0.350982	0.562324	0.487009	0.443898	0.059232	0.299586	0.344529	0.281256	0.698184	0.675161	0.757841	0.838405	0.590924	0.640127	0.534314	0.019148	0.673655	0.254932	0.159124	0.236599	0.565185	0.901056	0.202387	0.644922	0.874970	0.133689	0.870118	0.780538	
0.009851	0.300446	0.464551	0.429461	0.901066	0.298870	0.383222	0.278546	0.071653	0.858121	0.361914	0.174612	0.823126	0.869694	0.280397	0.154286	0.070898	0.834413	0.774326	0.673654	0.948267	0.735582	0.507992	0.279897	0.193729	0.853686	0.641060	0.792527	0.336600	0.157429	0.312453	0.907245	0.766447	0.918799	0.005532	0.216165	0.564977	0.285288	0.965874	0.652614	0.703202	0.715245	0.534599	0.808448	0.169993	0.488196	0.277593	0.865798	
0.137099	0.584814	0.377050	0.096431	0.752726	0.014995	0.946905	0.878202	0.173910	0.994370	0.101219	0.579707	0.768696	0.753659	0.463344	0.090330	0.404053	0.743076	0.476123	0.723129	0.221227	0.947447	0.405734	0.818238	0.419096	0.288153	0.615426	0.791527	0.935763	0.430410	0.164642	0.999552	0.195883	0.349798	0.582135	0.900854	0.811052	0.971493	0.673951	0.796431	0.602339	0.613362	0.952443	0.601886	0.950075	0.287314	0.553036	0.683413	
0.029493	0.420925	0.106138	0.414990	0.170082	0.133977	0.176214	0.937079	0.014991	0.996318	0.955331	0.855640	0.630500	0.020124	0.429820	0.932455	0.736747	0.070942	0.675160	0.760075	0.872415	0.689274	0.824460	0.827182	0.176795	0.806884	0.421703	0.037533	0.805480	0.235738	0.761193	0.694614	0.521573	0.340826	0.251488	0.041974	0.994954	0.172532	0.357602	0.658864	0.823213	0.666523	0.128273	0.297119	0.761712	0.169053	0.701050	0.020847	
0.629223	0.419356	0.462574	0.004614	0.192578	0.276941	0.176859	0.084576	0.401553	0.244988	0.455155	0.463578	0.074964	0.739773	0.496298	0.998637	0.122292	0.006231	0.879322	0.042394	0.187990	0.622080	0.255140	0.364920	0.457755	0.186518	0.152014	0.129776	0.282727	0.002992	0.630168	0.904545	0.419622	0.337326	0.921621	0.370844	0.699054	0.474459	0.699580	0.610886	0.449286	0.070244	0.447501	0.828278	0.069568	0.509253	0.832900	0.452195	
0.324575	0.551467	0.169240	0.355806	0.915235	0.822488	0.669643	0.772149	0.230779	0.720229	0.042412	0.408508	0.379778	0.811716	0.331560	0.465200	0.053431	0.902330	0.938978	0.090965	0.088400	0.469028	0.346828	0.876972	0.083570	0.255886	0.145707	0.237963	0.582155	0.738163	0.313590	0.569849	0.220030	0.589692	0.730314	0.013221	0.594111	0.576758	0.723427	0.518546	0.050929	0.932980	0.438825	0.722121	0.220622	0.934695	0.663647	0.901233	
0.976722	0.042685	0.171582	0.525752	0.538155	0.706632	0.556238	0.068579	0.999609	0.803804	0.172501	0.459415	0.986210	0.927335	0.898654	0.533534	0.319492	0.582413	0.632125	0.256768	0.210674	0.431862	0.188578	0.374080	0.501999	0.626622	0.703810	0.067623	0.480147	0.339877	0.823526	0.254176	0.449631	0.634092	0.944753	0.252035	0.854260	0.922339	0.184337	0.231025	0.474303	0.360836	0.943684	0.868133	0.423417	0.802631	0.081422	0.389961	
0.893397	0.612808	0.914913	0.993577	0.548741	0.812012	0.212335	0.419414	0.900684	0.864751	0.208709	0.268198	0.940895	0.879069	0.127637	0.553370	0.293082	0.859184	0.031022	0.977169	0.768677	0.312840	0.832218	0.667650	0.512503	0.577269	0.265285	0.353338	0.916296	0.228497	0.501436	0.064967	0.948045	0.002514	0.776912	0.558830	0.768865	0.526601	0.603923	0.333983	0.726652	0.837639	0.756718	0.198117	0.423384	0.716947	0.208481	0.719338	
0.706065	0.135594	0.701536	0.028566	0.566093	0.071483	0.749418	0.286443	0.316718	0.468006	0.315059	0.746451	0.092737	0.663262	0.245312	0.457745	0.104453	0.434353	0.287763	0.276389	0.018086	0.023873	0.753338	0.243573	0.434398	0.143493	0.377702	0.487899	0.353342	0.771658	0.533761	0.550031	0.822742	0.444202	0.447304	0.964361	0.068464	0.232893	0.298550	0.891859	0.188044	0.482405	0.925295	0.036185	0.121465	0.877291	0.037245	0.293440	
0.411707	0.970492	0.458234	0.324400	0.923087	0.348500	0.033757	0.954585	0.275710	0.787547	0.407294	0.479642	0.631575	0.183985	0.784256	0.528807	0.215067	0.054973	0.434151	0.199999	0.936665	0.578875	0.788858	0.192224	0.970450	0.265573	0.803503	0.906503	0.102149	0.103898	0.567912	0.082367	0.132003	0.456280	0.516712	0.923392	0.204778	0.423800	0.035726	0.058203	0.595796	0.383919	0.068992	0.834377	0.380910	0.057545	0.570979	0.731802	
0.277251	0.269136	0.844360	0.247341	0.694795	0.042773	0.287166	0.736697	0.424753	0.282261	0.411038	0.664885	0.054913	0.740770	0.862341	0.328874	0.660653	0.933556	0.790538	0.554151	0.852039	0.215854	0.697901	0.022167	0.073166	0.616398	0.421066	0.276152	0.003713	0.101870	0.489493	0.005648	0.028755	0.655159	0.120102	0.304626	0.806236	0.111346	0.473030	0.626791	0.437941	0.030400	0.524472	0.334985	0.323474	0.394241	0.867600	0.963113	
0.339093	0.715647	0.827583	0.431336	0.540752	0.137956	0.676195	0.559978	0.007935	0.973142	0.896931	0.060593	0.744982	0.033372	0.854723	0.508936	0.614758	0.653010	0.244856	0.076160	0.627027	0.799390	0.978861	0.417358	0.949747	0.519204	0.698628	0.067082	0.034632	0.056191	0.096939	0.083170	0.789710	0.154038	0.820525	0.820173	0.444313	0.750775	0.978932	0.409971	0.558634	0.775357	0.508972	0.700871	0.942893	0.432959	0.322189	0.751529	
0.252308	0.146464	0.135763	0.520386	0.586201	0.003250	0.439294	0.493812	0.342396	0.255190	0.111608	0.394972	0.713124	0.094332	0.344059	0.147212	0.751427	0.669201	0.260313	0.467267	0.460747	0.411648	0.883738	0.897970	0.174629	0.077503	0.109221	0.340737	0.300406	0.857658	0.280931	0.240832	0.298545	0.919548	0.099619	0.405373	0.857332	0.460408	0.722481	0.967205	0.511537	0.183346	0.517182	0.443103	0.959153	0.462053	0.305631	0.272441	
0.612918	0.163034	0.578804	0.272904	0.385428	0.177206	0.091689	0.005018	0.189118	0.223984	0.712448	0.523888	0.967848	0.911684	0.688825	0.877655	0.376115	0.014280	0.609097	0.391055	0.020496	0.102432	0.712671	0.715411	0.295815	0.608089	0.606483	0.679863	0.117917	0.847810	0.775673	0.108484	0.766155	0.106707	0.409949	0.369775	0.066022	0.542630	0.579658	0.680482	0.197436	0.883735	0.420548	0.378249	0.155146	0.345206	0.951525	0.082608	
0.576455	0.092930	0.687076	0.416849	0.934913	0.531792	0.217519	0.390043	0.500845	0.218874	0.837377	0.459858	0.823183	0.923342	0.258755	0.492386	0.195265	0.821614	0.048021	0.635439	0.197941	0.497505	0.379504	0.830415	0.161327	0.801743	0.646412	0.991227	0.066666	0.244302	0.920520	0.160631	0.322004	0.998125	0.220708	0.352960	0.800794	0.834109	0.738014	0.060648	0.713813	0.898045	0.123993	0.829820	0.803842	0.516080	0.810810	0.840145	
0.658956	0.502840	0.471834	0.298313	0.706266	0.452926	0.796946	0.343621	0.375966	0.870984	0.130938	0.690619	0.774926	0.659141	0.883410	0.718551	0.337556	0.422030	0.077192	0.082018	0.852764	0.227738	0.048519	0.160469	0.813024	0.924445	0.732257	0.878741	0.821762	0.092920	0.037167	0.247538	0.032862	0.184113	0.389910	0.893512	0.801075	0.892384	0.692608	0.274078	0.084305	0.449593	0.813587	0.323745	0.866216	0.340521	0.228136	0.278107	
0.257626	0.371052	0.728351	0.890210	0.385813	0.379019	0.835446	0.584053	0.851620	0.736313	0.361981	0.300556	0.476723	0.131580	0.229136	0.965856	0.871908	0.134298	0.601472	0.129684	0.807101	0.065706	0.161799	0.562297	0.683404	0.678626	0.358668	0.273582	0.620259	0.540249	0.814850	0.336157	0.843013	0.287016	0.494963	0.431770	0.925402	0.944611	0.147233	0.100620	0.805518	0.876022	0.758428	0.999576	0.554766	0.228083	0.045931	0.056372	
0.034696	0.333429	0.760087	0.831723	0.262673	0.772690	0.283242	0.240544	0.652556	0.252946	0.266170	0.789672	0.792347	0.190551	0.581996	0.727221	0.590311	0.146351	0.825848	0.035887	0.754409	0.498428	0.681887	0.126411	0.855538	0.745426	0.631878	0.942643	0.552853	0.262503	0.380116	0.751540	0.050374	0.320826	0.875966	0.964743	0.165290	0.668026	0.202143	0.181619	0.173793	0.179388	0.462144	0.229897	0.255224	0.149846	0.482123	0.605768	
0.799278	0.408719	0.283306	0.305618	0.836633	0.295773	0.768080	0.096457	0.404438	0.747545	0.397877	0.881578	0.469842	0.288442	0.932810	0.484462	0.820803	0.407331	0.266643	0.552706	0.686592	0.142052	0.325871	0.396546	0.514355	0.596891	0.121534	0.565333	0.509893	0.543341	0.747985	0.174792	0.920984	0.672898	0.295072	0.290903	0.074084	0.436337	0.671464	0.130264	0.976974	0.098051	0.205624	0.689883	0.517160	0.158222	0.261028	0.833934	
0.915137	0.369639	0.732437	0.191873	0.093496	0.206476	0.461092	0.950780	0.063895	0.536574	0.712216	0.985037	0.459682	0.494521	0.476273	0.902721	0.835288	0.601618	0.932901	0.374245	0.421701	0.791358	0.917460	0.320859	0.790969	0.250875	0.083890	0.732561	0.379172	0.264281	0.555537	0.246853	0.439362	0.958550	0.641962	0.398660	0.913515	0.946455	0.932156	0.812331	0.124748	0.226311	0.299118	0.752210	0.185954	0.533734	0.183493	0.132316	
0.629058	0.995118	0.423660	0.334682	0.583797	0.168150	0.548451	0.239079	0.043687	0.881837	0.424261	0.021095	0.650537	0.351706	0.335416	0.456886	0.574887	0.235493	0.845782	0.335722	0.851312	0.945532	0.484354	0.072961	0.650000	0.870846	0.588844	0.684476	0.446770	0.073412	0.520203	0.746660	0.982302	0.093637	0.552328	0.257662	0.933232	0.803402	0.387805	0.945627	0.831161	0.112067	0.708413	0.659388	0.832724	0.937369	0.263098	0.448017	
0.666181	0.073483	0.971014	0.622148	0.534340	0.321833	0.301914	0.959951	0.083932	0.553082	0.868560	0.947528	0.945269	0.054210	0.568925	0.453767	0.043881	0.453615	0.858396	0.919141	0.501314	0.314880	0.508433	0.936304	0.346848	0.384710	0.701854	0.916691	0.217135	0.855491	0.473128	0.021166	0.836508	0.531904	0.550544	0.087639	0.692019	0.855086	0.677350	0.792816	0.280775	0.239606	0.509764	0.629753	0.127199	0.512959	0.794502	0.117336	
0.008905	0.325915	0.100285	0.611306	0.816074	0.992755	0.257782	0.517623	0.963098	0.521185	0.913527	0.199761	0.636182	0.641053	0.246843	0.061695	0.407629	0.815196	0.801164	0.300216	0.892895	0.110662	0.078542	0.689233	0.385514	0.514502	0.361356	0.339767	0.426982	0.428223	0.739209	0.929573	0.877528	0.654752	0.171272	0.295929	0.247939	0.214843	0.034875	0.368122	0.114495	0.719430	0.596886	0.473390	0.040018	0.697693	0.391530	0.926066	
0.372035	0.947749	0.535785	0.607474	0.650269	0.110207	0.726394	0.105533	0.360952	0.316740	0.884161	0.981706	0.691742	0.703407	0.306664	0.352330	0.210290	0.222006	0.543757	0.529800	0.651798	0.879170	0.118336	0.219080	0.809668	0.437126	0.325949	0.618008	0.098231	0.100963	0.950887	0.083595	0.753373	0.907252	0.135082	0.491156	0.077060	0.165071	0.355030	0.674683	0.919970	0.858527	0.530642	0.263609	0.797950	0.033769	0.817866	0.910015	
0.422966	0.868369	0.254320	0.344928	0.729852	0.526775	0.894149	0.249580	0.313268	0.060038	0.584643	0.472784	0.688220	0.131431	0.623918	0.077324	0.858713	0.604932	0.305218	0.444412	0.459858	0.119953	0.172645	0.168126	0.477641	0.329823	0.551811	0.444876	0.309159	0.746116	0.617752	0.979961	0.769133	0.589498	0.534754	0.109422	0.005097	0.348619	0.598908	0.663655	0.744910	0.138832	0.796084	0.536752	0.160016	0.038320	0.106308	0.254233	

Printing Matrix B
0.819105	0.504962	0.716934	0.179865	0.045086	0.269132	0.263514	0.418847	0.793495	0.473144	0.835458	0.836790	0.295114	0.046893	0.039251	0.884797	0.669185	0.612354	0.632182	0.715447	0.581095	0.907295	0.849400	0.561409	0.940469	0.903297	0.678375	0.370091	0.607204	0.121128	0.177879	0.504811	0.395684	0.233184	0.909383	0.705134	0.933210	0.335087	0.938571	0.425505	0.931048	0.654968	0.068889	0.582913	0.442043	0.322547	0.709966	0.466987	
0.944522	0.133516	0.648802	0.344383	0.451079	0.364622	0.575964	0.268691	0.118929	0.116436	0.948718	0.863911	0.403391	0.010683	0.013816	0.219007	0.177841	0.812243	0.191173	0.408655	0.836095	0.031902	0.563405	0.919072	0.224251	0.870152	0.734857	0.563730	0.920521	0.251604	0.052083	0.892675	0.823134	0.056566	0.861544	0.656558	0.238498	0.109698	0.989052	0.484237	0.064277	0.386273	0.088453	0.937381	0.524416	0.943310	0.659596	0.806423	
0.540903	0.497036	0.328210	0.100085	0.842054	0.368612	0.238552	0.044410	0.207239	0.101963	0.380686	0.304665	0.228330	0.481601	0.083960	0.370656	0.151013	0.027310	0.021287	0.045932	0.337178	0.694448	0.267392	0.878559	0.169541	0.770323	0.019867	0.455328	0.322964	0.136123	0.224953	0.031788	0.374472	0.855189	0.186492	0.259101	0.315664	0.099400	0.692407	0.057688	0.958482	0.412174	0.903000	0.226545	0.804432	0.632888	0.869448	0.405351	
0.723773	0.639679	0.161661	0.433935	0.852329	0.060382	0.511294	0.406683	0.946081	0.448125	0.686359	0.075045	0.037338	0.520175	0.372609	0.150705	0.186066	0.006647	0.689164	0.825053	0.973918	0.086229	0.003504	0.954988	0.311769	0.798666	0.077783	0.488918	0.581643	0.021906	0.934620	0.050634	0.962996	0.468414	0.497864	0.193653	0.178900	0.956994	0.772794	0.131989	0.315095	0.082691	0.804365	0.507999	0.580702	0.340260	0.702517	0.636008	
0.448175	0.317673	0.397888	0.417821	0.791209	0.759193	0.286798	0.648566	0.821837	0.994771	0.302865	0.012211	0.032675	0.398889	0.743364	0.400704	0.139320	0.137579	0.229704	0.113996	0.930216	0.584915	0.764371	0.818907	0.964737	0.212411	0.316447	0.151169	0.577092	0.084313	0.584957	0.511996	0.203394	0.261484	0.204975	0.454011	0.248669	0.352204	0.272407	0.599248	0.984789	0.504747	0.036280	0.650358	0.205975	0.933829	0.219688	0.515208	
0.095400	0.856181	0.152172	0.435566	0.349118	0.413881	0.958881	0.858670	0.824788	0.244906	0.019332	0.474441	0.629935	0.016239	0.854094	0.272706	0.308138	0.249869	0.439078	0.861151	0.473205	0.409721	0.288161	0.375756	0.631807	0.974018	0.515926	0.876447	0.856729	0.995485	0.424132	0.660317	0.397078	0.192581	0.595621	0.624353	0.328763	0.500911	0.302464	0.729874	0.497329	0.585411	0.152350	0.159117	0.354543	0.719902	0.422794	0.510946	
0.290405	0.656029	0.757258	0.954851	0.314455	0.702946	0.332429	0.551191	0.136711	0.843013	0.598459	0.298141	0.156732	0.731676	0.398262	0.399398	0.946148	0.574694	0.335807	0.789428	0.985307	0.267182	0.925194	0.147493	0.954974	0.350967	0.992636	0.506434	0.667151	0.728893	0.480732	0.754081	0.183717	0.130287	0.858320	0.169787	0.412090	0.161363	0.255342	0.399189	0.299363	0.763749	0.399264	0.441366	0.508293	0.131828	0.298550	0.415907	
0.214684	0.001791	0.465910	0.916632	0.608547	0.215284	0.386852	0.074205	0.364629	0.978214	0.108137	0.830307	0.589839	0.605456	0.848044	0.370656	0.567556	0.135732	0.544026	0.911465	0.130360	0.016462	0.741222	0.203427	0.928621	0.869742	0.601221	0.653187	0.662184	0.079449	0.280005	0.572955	0.822552	0.881027	0.761052	0.519151	0.919241	0.408624	0.626279	0.766313	0.793692	0.591657	0.336104	0.585973	0.503487	0.508516	0.115527	0.631052	
0.790159	0.304657	0.304571	0.442623	0.359420	0.884274	0.463298	0.540599	0.286642	0.651902	0.377100	0.621034	0.903296	0.664078	0.211021	0.956902	0.807210	0.552391	0.085366	0.335592	0.846260	0.430486	0.870454	0.566547	0.103341	0.779842	0.456324	0.361028	0.530426	0.378444	0.320237	0.742627	0.596904	0.239227	0.290032	0.127057	0.794686	0.445850	0.528628	0.822235	0.230846	0.112410	0.002953	0.046791	0.498546	0.274827	0.760580	0.946230	
0.312473	0.039755	0.760277	0.738796	0.724355	0.220103	0.197043	0.884951	0.644416	0.115059	0.470800	0.180749	0.587084	0.788129	0.473030	0.705149	0.919816	0.388008	0.911716	0.235056	0.311450	0.889054	0.497498	0.936381	0.771366	0.789283	0.213290	0.211513	0.425607	0.148039	0.734000	0.684140	0.598091	0.333908	0.198951	0.145879	0.024123	0.018894	0.808937	0.663535	0.006715	0.822471	0.422848	0.020380	0.033625	0.747092	0.021606	0.421440	
0.503379	0.129505	0.324312	0.212731	0.310316	0.870056	0.186900	0.699557	0.986408	0.413621	0.556011	0.257712	0.602420	0.357260	0.436035	0.243724	0.534047	0.641744	0.648613	0.206794	0.086100	0.078183	0.610440	0.466615	0.299768	0.006105	0.314237	0.445415	0.268620	0.540682	0.581374	0.644070	0.157635	0.973780	0.140289	0.765177	0.257424	0.499389	0.621100	0.464713	0.846240	0.776648	0.734635	0.077133	0.024737	0.707911	0.402221	0.721533	
0.637795	0.366104	0.875887	0.004474	0.974641	0.001175	0.469868	0.516610	0.936706	0.476585	0.515321	0.674596	0.171534	0.146169	0.734487	0.133611	0.563014	0.150366	0.630996	0.572212	0.658703	0.201379	0.039275	0.444679	0.011248	0.647322	0.474983	0.066626	0.704424	0.220271	0.080497	0.811193	0.853596	0.082412	0.116399	0.090229	0.228011	0.903674	0.009598	0.243268	0.269617	0.547415	0.212507	0.391116	0.826837	0.355843	0.965269	0.550844	
0.128595	0.303457	0.287881	0.020097	0.685295	0.783179	0.272123	0.715740	0.917036	0.286340	0.877196	0.046475	0.288843	0.611366	0.569353	0.072977	0.795466	0.942942	0.770121	0.599240	0.886809	0.150310	0.408865	0.700672	0.129204	0.455445	0.664469	0.710432	0.904237	0.207424	0.484008	0.171538	0.656836	0.362822	0.077519	0.882373	0.344479	0.123260	0.898733	0.079246	0.810945	0.034337	0.036610	0.428727	0.066567	0.414436	0.916553	0.830049	
0.700455	0.000345	0.154932	0.742302	0.915401	0.252756	0.689495	0.842070	0.866692	0.975855	0.621176	0.844147	0.040733	0.238318	0.844558	0.530674	0.261238	0.322986	0.413737	0.915581	0.930850	0.143272	0.500338	0.120786	0.861749	0.270330	0.501222	0.170669	0.373062	0.499241	0.477353	0.762632	0.560934	0.154760	0.150907	0.303810	0.238677	0.702103	0.432424	0.106044	0.919529	0.777099	0.490853	0.962707	0.356754	0.081534	0.491863	0.572698	
0.929784	0.027469	0.797798	0.162448	0.778361	0.775491	0.687439	0.504959	0.257910	0.027719	0.229826	0.612676	0.452374	0.420686	0.538376	0.997035	0.720842	0.548850	0.355784	0.555116	0.575849	0.344931	0.212142	0.870255	0.131948	0.218814	0.888400	0.948353	0.525700	0.285011	0.362424	0.532235	0.306551	0.601906	0.792384	0.796480	0.487628	0.631520	0.991300	0.169821	0.399749	0.485022	0.220124	0.628923	0.802414	0.809900	0.195980	0.248103	
0.423221	0.164865	0.007030	0.583837	0.102755	0.194428	0.717131	0.217304	0.752883	0.405029	0.135700	0.718831	0.947885	0.102953	0.870867	0.646397	0.201065	0.509692	0.772607	0.702754	0.308886	0.969418	0.261429	0.142898	0.889047	0.987319	0.581877	0.962862	0.234882	0.673628	0.416870	0.399836	0.131287	0.826031	0.003058	0.779256	0.425966	0.337962	0.935396	0.701707	0.028786	0.849190	0.395177	0.140426	0.877866	0.735807	0.134079	0.912672	
0.045172	0.169259	0.267487	0.360174	0.697190	0.380849	0.178996	0.457030	0.771582	0.818445	0.118272	0.796818	0.772925	0.290875	0.668269	0.172369	0.942250	0.761671	0.290145	0.903191	0.819982	0.619922	0.366595	0.206760	0.383172	0.304937	0.984076	0.497583	0.634381	0.664005	0.992006	0.016091	0.178003	0.143994	0.899608	0.455482	0.331224	0.718568	0.152356	0.835997	0.950533	0.036973	0.242690	0.691610	0.323015	0.179721	0.191988	0.249277	
0.973575	0.838138	0.440455	0.592774	0.369024	0.469499	0.236670	0.056909	0.446430	0.121811	0.628438	0.566191	0.169036	0.266474	0.941725	0.731015	0.909022	0.788483	0.862773	0.121156	0.692598	0.753178	0.896150	0.116471	0.903968	0.031701	0.051703	0.483859	0.343804	0.581763	0.266084	0.200828	0.881931	0.524583	0.370568	0.976502	0.236393	0.992434	0.539767	0.475124	0.347187	0.976141	0.104717	0.619629	0.210334	0.734050	0.514169	0.651524	
0.924190	0.140805	0.821846	0.357924	0.846987	0.190783	0.459263	0.830490	0.172732	0.205339	0.266632	0.725970	0.026360	0.953385	0.394899	0.936629	0.781016	0.613847	0.194741	0.661101	0.322129	0.428482	0.517791	0.587841	0.065603	0.967971	0.618149	0.809202	0.153961	0.185037	0.367495	0.867948	0.199100	0.751374	0.453566	0.435569	0.264359	0.557086	0.123024	0.472672	0.938109	0.520863	0.134584	0.200766	0.092650	0.837405	0.507470	0.608657	
0.187148	0.100412	0.772505	0.416408	0.400033	0.819013	0.118422	0.711684	0.732328	0.612789	0.562611	0.155457	0.199359	0.115407	0.698215	0.413400	0.084094	0.526076	0.049793	0.893463	0.915979	0.972882	0.004162	0.090932	0.917112	0.603401	0.517275	0.134984	0.751720	0.423463	0.974454	0.335298	0.350675	0.915148	0.803859	0.850293	0.521088	0.754239	0.507741	0.261739	0.548891	0.904575	0.623999	0.782800	0.289950	0.825654	0.043126	0.322953	
0.022327	0.794269	0.046712	0.546024	0.467738	0.093049	0.145433	0.400332	0.219929	0.760490	0.344467	0.219647	0.749552	0.898821	0.206254	0.186480	0.459874	0.054768	0.625312	0.074386	0.901056	0.068529	0.522224	0.740813	0.773767	0.586081	0.044592	0.752651	0.851029	0.586823	0.873245	0.285865	0.754052	0.839706	0.941426	0.472414	0.081527	0.888971	0.009803	0.345904	0.131087	0.901804	0.737712	0.969825	0.305927	0.646025	0.329951	0.512292	
0.272524	0.463367	0.266091	0.056433	0.476724	0.951369	0.575188	0.270097	0.229257	0.881955	0.826356	0.555710	0.408428	0.311455	0.133625	0.822382	0.175745	0.620099	0.221530	0.789454	0.621936	0.184780	0.038096	0.903400	0.626779	0.234322	0.637135	0.585418	0.991768	0.783942	0.720620	0.531542	0.892074	0.338201	0.828173	0.811858	0.868478	0.647233	0.451515	0.173928	0.335989	0.531429	0.198283	0.018687	0.013720	0.315444	0.408954	0.630705	
0.998627	0.414631	0.096562	0.276909	0.223127	0.871614	0.474776	0.752936	0.453792	0.783888	0.401212	0.842125	0.605205	0.149271	0.004555	0.315186	0.748882	0.829982	0.956306	0.810484	0.031034	0.854076	0.727640	0.316573	0.891377	0.833507	0.903036	0.707520	0.833202	0.522400	0.636767	0.840938	0.567403	0.231093	0.777811	0.703143	0.723675	0.314654	0.164230	0.632747	0.731688	0.348196	0.141887	0.142966	0.912506	0.812845	0.502951	0.934922	
0.324703	0.594064	0.207591	0.911358	0.854424	0.382580	0.857239	0.074262	0.481581	0.223651	0.478173	0.598556	0.031982	0.939953	0.065184	0.605288	0.040889	0.492400	0.496557	0.179744	0.629770	0.369636	0.577651	0.075935	0.866355	0.682700	0.666202	0.735208	0.692657	0.233118	0.550035	0.147727	0.037757	0.839403	0.043885	0.885296	0.581472	0.160664	0.698830	0.218356	0.536185	0.909714	0.182312	0.900572	0.320083	0.632811	0.972095	0.461042	
0.420665	0.544165	0.319594	0.138206	0.684393	0.060190	0.535468	0.948407	0.179602	0.274041	0.503043	0.236884	0.308302	0.693244	0.650232	0.290248	0.454732	0.535448	0.263874	0.675392	0.972524	0.331489	0.014127	0.579645	0.138017	0.555643	0.028298	0.464186	0.662221	0.616997	0.311716	0.383351	0.741658	0.540773	0.592453	0.953799	0.951747	0.072969	0.565185	0.159602	0.506300	0.344263	0.507772	0.871199	0.965878	0.482447	0.395441	0.044041	
0.784597	0.142632	0.800979	0.942027	0.381720	0.718599	0.667610	0.650107	0.593447	0.708508	0.802818	0.271212	0.067903	0.046289	0.619456	0.600444	0.675144	0.781103	0.839507	0.228848	0.738125	0.168131	0.825649	0.579644	0.812608	0.520315	0.867860	0.384121	0.545186	0.399108	0.520740	0.568695	0.742628	0.672006	0.072927	0.803362	0.848302	0.216787	0.789731	0.093047	0.084583	0.217765	0.404889	0.888206	0.032296	0.114718	0.286866	0.748919	
0.033211	0.611628	0.321780	0.917190	0.386483	0.844033	0.930408	0.778553	0.550442	0.967434	0.598204	0.905406	0.142955	0.183535	0.703537	0.459314	0.353380	0.842885	0.485932	0.845241	0.894052	0.048629	0.626353	0.839450	0.823500	0.132126	0.662525	0.052203	0.057657	0.235300	0.168193	0.497941	0.765556	0.196733	0.100902	0.123903	0.731248	0.819413	0.999713	0.534397	0.465748	0.244916	0.704056	0.933753	0.532857	0.522906	0.863667	0.222623	
0.361673	0.880711	0.461330	0.457528	0.177145	0.550179	0.935805	0.000072	0.751099	0.529826	0.542107	0.216867	0.632631	0.776014	0.760619	0.125520	0.417993	0.584866	0.010845	0.071900	0.319335	0.364848	0.706656	0.656692	0.609907	0.912909	0.650096	0.226978	0.869548	0.779025	0.001629	0.752459	0.910776	0.298944	0.379719	0.109610	0.992924	0.954194	0.839378	0.157334	0.797404	0.601300	0.200020	0.730228	0.831271	0.699736	0.413799	0.252522	
0.789520	0.246196	0.922311	0.868294	0.830264	0.614815	0.433374	0.118929	0.842393	0.678279	0.548507	0.111980	0.917761	0.212678	0.263911	0.656134	0.016667	0.222671	0.258136	0.854213	0.913454	0.758043	0.241177	0.577607	0.597200	0.125983	0.664394	0.525485	0.049679	0.913714	0.203363	0.367021	0.472179	0.159008	0.680657	0.818715	0.482249	0.940939	0.453729	0.806997	0.774432	0.196637	0.170943	0.020980	0.460284	0.534212	0.504544	0.883677	
0.490925	0.707037	0.055906	0.765693	0.102509	0.261582	0.225178	0.607168	0.001558	0.438435	0.525926	0.393123	0.394110	0.649857	0.828567	0.875376	0.576219	0.491075	0.108164	0.170280	0.963400	0.766912	0.500440	0.188187	0.177884	0.674500	0.086037	0.690020	0.994958	0.378800	0.873412	0.143018	0.836589	0.081755	0.890860	0.155427	0.683897	0.042838	0.296419	0.686336	0.857647	0.178113	0.428459	0.423831	0.208011	0.246943	0.056808	0.531053	
0.024053	0.838150	0.864844	0.769174	0.915916	0.733078	0.043037	0.686638	0.780250	0.844367	0.732884	0.632126	0.070829	0.022317	0.269029	0.021034	0.166178	0.207996	0.852761	0.579762	0.789181	0.981012	0.732254	0.732901	0.532401	0.721212	0.845467	0.206180	0.232407	0.043933	0.781867	0.794519	0.924151	0.979067	0.979684	0.545589	0.871670	0.601082	0.194251	0.116427	0.911252	0.991937	0.190977	0.673014	0.426614	0.924820	0.781914	0.156527	
0.721852	0.482977	0.694424	0.470401	0.555167	0.170017	0.405466	0.476069	0.124082	0.073436	0.666123	0.738442	0.463398	0.301218	0.382600	0.951377	0.593339	0.805989	0.462919	0.853856	0.347872	0.767503	0.310316	0.070056	0.711579	0.749457	0.889944	0.470439	0.151161	0.598654	0.229403	0.638214	0.984385	0.110505	0.720592	0.465389	0.988234	0.821802	0.476465	0.732948	0.035351	0.565746	0.970304	0.278637	0.807842	0.655226	0.427322	0.859987	
0.737642	0.859011	0.934853	0.526698	0.557292	0.221637	0.240359	0.221801	0.436990	0.201005	0.823732	0.528759	0.356933	0.668820	0.477425	0.195962	0.499298	0.673301	0.379373	0.357238	0.548499	0.970423	0.533460	0.064568	0.979771	0.377744	0.745215	0.435078	0.090488	0.886404	0.632704	0.782979	0.137340	0.566154	0.656279	0.453378	0.502267	0.993635	0.616024	0.006176	0.323776	0.399299	0.290422	0.171141	0.938275	0.948822	0.139912	0.702982	
0.188082	0.793964	0.192528	0.049138	0.671142	0.730521	0.100976	0.882962	0.120616	0.493745	0.116638	0.791948	0.722430	0.625892	0.472571	0.139593	0.598010	0.505013	0.180898	0.485333	0.596925	0.139205	0.952550	0.122654	0.304428	0.484204	0.281284	0.475978	0.016922	0.866055	0.430745	0.150146	0.939204	0.819293	0.209311	0.972141	0.520479	0.504137	0.133513	0.546196	0.243189	0.859006	0.306552	0.528186	0.436855	0.812967	0.399889	0.896354	
0.618273	0.459194	0.020273	0.633819	0.542682	0.013782	0.764746	0.114136	0.590378	0.532408	0.308127	0.220405	0.454834	0.612581	0.996485	0.193815	0.224583	0.442341	0.084345	0.785608	0.214115	0.303223	0.359368	0.986797	0.390501	0.846678	0.579797	0.443610	0.100454	0.889355	0.565127	0.711697	0.736180	0.034565	0.230197	0.447552	0.619564	0.423174	0.168133	0.928679	0.929175	0.257262	0.842439	0.543604	0.757062	0.039832	0.516128	0.111899	
0.905566	0.072833	0.966638	0.580076	0.271161	0.565133	0.413221	0.997928	0.269169	0.851368	0.956062	0.054501	0.827931	0.035313	0.845861	0.596367	0.293676	0.887190	0.189586	0.846514	0.470517	0.900041	0.905460	0.226134	0.153160	0.286237	0.472475	0.822345	0.435070	0.644465	0.004870	0.032358	0.910033	0.558858	0.386815	0.560367	0.817021	0.741070	0.358377	0.897110	0.044707	0.620758	0.524083	0.817588	0.300761	0.240084	0.702885	0.604176	
0.191989	0.712537	0.568407	0.436136	0.733312	0.107908	0.144411	0.603226	0.188364	0.706300	0.667087	0.671601	0.985940	0.273479	0.184126	0.301743	0.040689	0.954919	0.287184	0.994524	0.568261	0.112185	0.107450	0.901789	0.939395	0.008262	0.131977	0.574331	0.591548	0.806742	0.725465	0.151788	0.122765	0.375251	0.497762	0.430445	0.472208	0.778693	0.258041	0.875473	0.288571	0.803919	0.563598	0.538465	0.226059	0.930819	0.453691	0.717679	
0.189315	0.986404	0.462705	0.753098	0.959478	0.514571	0.212274	0.414955	0.273779	0.921393	0.597123	0.992523	0.805064	0.774707	0.005950	0.835210	0.585316	0.882341	0.238463	0.982934	0.167230	0.415460	0.887549	0.880350	0.049289	0.998704	0.261601	0.469595	0.914570	0.325421	0.736688	0.115784	0.982245	0.370026	0.633564	0.418649	0.850465	0.180299	0.664524	0.899341	0.862392	0.360225	0.889272	0.190659	0.074122	0.724361	0.676711	0.132815	
0.838270	0.879664	0.855801	0.272628	0.132422	0.444280	0.513575	0.510759	0.241666	0.499960	0.700804	0.934779	0.206699	0.585736	0.499286	0.542366	0.221391	0.809390	0.720342	0.783458	0.534944	0.649710	0.571358	0.424485	0.031453	0.943962	0.615064	0.507183	0.537882	0.705172	0.811471	0.374723	0.669567	0.110054	0.266131	0.242674	0.121249	0.849593	0.052852	0.505632	0.198523	0.816562	0.328335	0.635349	0.416665	0.903384	0.588059	0.260998	
0.462220	0.647536	0.264564	0.529425	0.782593	0.078421	0.653097	0.919751	0.033646	0.665207	0.060058	0.228197	0.641077	0.704859	0.409688	0.486762	0.336908	0.600258	0.024508	0.987285	0.508702	0.642547	0.649758	0.013419	0.298610	0.045385	0.979182	0.835391	0.405162	0.849395	0.506105	0.686757	0.470455	0.444485	0.416699	0.302064	0.497475	0.087201	0.506908	0.830637	0.779246	0.164185	0.149604	0.378688	0.539825	0.369615	0.564241	0.888944	
0.343388	0.529659	0.765198	0.685489	0.776334	0.409907	0.873310	0.088760	0.116566	0.410984	0.252522	0.820935	0.017755	0.838277	0.246923	0.616692	0.060650	0.350398	0.978074	0.088521	0.808577	0.037651	0.738972	0.334442	0.379357	0.121707	0.535098	0.424225	0.133193	0.134849	0.989724	0.970427	0.897891	0.876222	0.356713	0.630374	0.463171	0.847177	0.794437	0.057681	0.927046	0.805672	0.122031	0.014997	0.492400	0.635341	0.901386	0.532497	
0.926593	0.675243	0.373462	0.448596	0.973643	0.038776	0.477392	0.941873	0.275846	0.866582	0.977442	0.653101	0.031424	0.951965	0.894210	0.732088	0.893181	0.104110	0.712949	0.103276	0.848479	0.454672	0.238509	0.730309	0.144091	0.912232	0.478469	0.591376	0.853775	0.442704	0.027803	0.568789	0.582123	0.187627	0.225604	0.981664	0.432955	0.399955	0.832883	0.185819	0.727155	0.098508	0.663385	0.715518	0.233224	0.265145	0.333013	0.182012	
0.506832	0.210209	0.660541	0.806520	0.628210	0.764961	0.336740	0.438066	0.048831	0.269520	0.226457	0.229376	0.143259	0.720709	0.328455	0.391409	0.272360	0.567724	0.793491	0.026397	0.580720	0.882793	0.742138	0.981356	0.857433	0.503185	0.235912	0.543572	0.227082	0.855444	0.167002	0.390825	0.848471	0.372263	0.332794	0.063662	0.190018	0.830975	0.267314	0.723126	0.063206	0.208638	0.958871	0.678290	0.016491	0.741491	0.780587	0.622855	
0.090866	0.271019	0.393778	0.337175	0.281137	0.515953	0.980481	0.673199	0.465389	0.342805	0.634046	0.610215	0.554829	0.834031	0.484022	0.964474	0.452004	0.998547	0.570175	0.429579	0.503873	0.399763	0.184611	0.528041	0.954798	0.074261	0.891941	0.239382	0.036181	0.782186	0.530298	0.095090	0.982153	0.828083	0.429360	0.403639	0.203194	0.417586	0.876364	0.037806	0.816473	0.420006	0.796542	0.155183	0.732800	0.352927	0.684028	0.245400	
0.541654	0.218509	0.331145	0.904246	0.425551	0.922145	0.267459	0.133076	0.072017	0.792345	0.212469	0.701283	0.884897	0.208367	0.502227	0.235106	0.527250	0.014895	0.075763	0.392735	0.240974	0.803228	0.274831	0.592365	0.489385	0.215408	0.332238	0.647124	0.970901	0.786060	0.309258	0.517009	0.474781	0.694904	0.451045	0.051858	0.402520	0.200452	0.791390	0.024199	0.177526	0.982629	0.156298	0.726899	0.485244	0.600327	0.534124	0.631011	
0.649240	0.559448	0.413554	0.792303	0.466392	0.493424	0.785571	0.538556	0.757229	0.472862	0.150938	0.040726	0.712719	0.430684	0.758389	0.255748	0.387610	0.507913	0.426503	0.617238	0.292971	0.150677	0.628285	0.041640	0.210418	0.299041	0.714262	0.997539	0.980820	0.673825	0.489918	0.146838	0.744769	0.678691	0.954968	0.064167	0.406591	0.326482	0.904076	0.420389	0.882624	0.475851	0.059198	0.023868	0.901613	0.779227	0.627266	0.269058	
0.580817	0.543307	0.243678	0.783725	0.822317	0.685144	0.478329	0.840888	0.824964	0.957838	0.790129	0.924179	0.679399	0.083272	0.629472	0.678699	0.300079	0.746075	0.829480	0.194026	0.640007	0.378191	0.984704	0.479288	0.535819	0.693829	0.418833	0.017691	0.321415	0.404896	0.453293	0.161177	0.305602	0.297130	0.437053	0.786879	0.370327	0.195395	0.384151	0.164698	0.111810	0.245919	0.476535	0.628874	0.364573	0.748838	0.117365	0.571239	
0.817267	0.558048	0.359525	0.331380	0.509998	0.084882	0.201458	0.814119	0.108107	0.843910	0.323647	0.382593	0.506553	0.506085	0.041445	0.046884	0.945693	0.113033	0.949860	0.035070	0.971187	0.354007	0.369533	0.485913	0.228164	0.062283	0.802606	0.240031	0.576307	0.933077	0.823440	0.476465	0.584894	0.074352	0.033910	0.994612	0.229375	0.177742	0.516746	0.076549	0.993478	0.296721	0.583709	0.105243	0.282868	0.777768	0.018281	0.875441	

Printing Matrix C
14.284587	12.770194	13.449517	14.436072	15.709897	13.004930	12.852949	14.507244	13.110923	16.576452	14.021542	14.845777	13.269881	11.860373	13.212538	12.656980	12.097001	14.354459	12.832065	15.944175	17.426143	13.897586	14.508279	13.827327	14.645560	14.980997	15.296324	14.259648	15.794410	14.600627	13.729825	13.691521	16.769571	12.317874	14.157625	14.362540	14.113119	14.605729	15.034876	12.519331	15.521232	14.572973	9.940919	13.108435	12.767646	16.821845	13.871008	15.739177	
11.117529	11.553353	11.123856	11.206159	14.077592	10.255950	10.213324	13.010432	10.654153	13.005660	11.964706	12.712893	10.644455	11.736269	11.020304	10.921994	11.295213	12.303491	11.544632	12.472731	14.767228	11.101791	11.890331	13.342468	11.970262	14.128575	12.016491	11.536519	12.928442	11.815627	12.310306	10.487825	15.380738	10.730005	11.745044	11.888940	11.163389	12.175130	11.552722	10.612011	12.684253	12.308917	10.183131	10.976444	10.274724	14.778351	11.478615	12.637516	
13.482944	11.823870	12.607586	14.105037	14.568907	11.713818	11.966210	13.776715	9.874725	14.253895	13.467870	13.246532	10.697837	13.211138	12.245080	13.494227	12.955047	14.785926	12.776592	13.438866	16.397155	11.923226	14.453732	13.391060	13.687486	13.087823	14.614225	14.263575	14.293813	12.855505	12.890844	11.855762	16.335603	11.810495	12.815293	13.985029	13.006206	12.137214	14.473066	11.894536	14.284930	12.690798	10.672127	13.160604	10.490164	14.547896	12.920677	13.995132	
12.500239	11.611811	10.677717	12.269475	14.686865	11.395609	12.400828	13.734501	12.619460	13.662305	12.776458	11.859120	10.178300	11.343199	12.919451	11.602792	11.297196	12.389034	11.916977	13.162738	15.274698	11.230368	11.701548	14.103144	13.119317	13.119634	12.954141	12.248932	13.221395	12.272437	11.579567	12.102249	14.907639	11.813322	10.833708	12.955028	12.158372	12.356501	14.427354	9.724337	13.440341	13.062847	10.536006	12.287177	11.777255	14.240733	12.517600	12.583737	
12.358119	9.744357	11.008811	11.223111	13.342617	11.211283	10.117726	12.407021	11.031957	12.216881	12.099652	10.951665	9.299840	10.607304	12.060642	11.542972	11.779583	11.518876	10.720751	11.384461	14.068848	10.537396	11.640736	11.759023	12.028456	11.871507	12.086997	11.206839	12.170821	11.012111	10.580693	10.564759	13.814643	11.021978	10.772884	12.627318	11.628802	10.693245	13.257271	8.576693	12.684198	11.339628	8.939354	10.336819	10.096888	12.717076	10.577429	12.532639	
12.023402	11.379740	10.815241	11.487195	13.322821	10.873767	11.392791	13.394337	11.413098	13.088765	11.605213	13.008562	10.097681	10.961802	12.213324	11.201102	11.463716	12.369416	11.008032	12.219725	15.594006	10.539746	12.622651	11.534602	11.631329	13.094419	13.870275	11.477450	12.010541	12.074799	12.620577	12.643453	13.803530	10.492264	11.465252	12.592336	11.325884	12.250488	11.998515	10.201298	13.084720	11.988281	8.922881	11.403685	11.155909	13.513569	11.059431	12.919066	
11.531385	10.033237	10.297617	10.884321	12.144598	10.330919	10.073749	11.891774	9.718196	12.593360	12.126377	11.306549	9.955417	10.184204	9.868959	10.684681	10.747835	12.549902	9.889263	11.298831	13.861545	9.421870	12.028543	11.984844	11.085199	12.430950	12.480998	11.332208	12.338607	10.974849	10.392723	9.554126	12.142038	9.727892	10.070899	12.501832	11.420156	10.190973	12.307539	9.367816	11.674528	10.189304	8.927842	11.318440	8.901940	12.267442	10.685408	12.208876	
12.257862	10.056616	11.396607	11.824694	12.961107	11.081968	9.637154	12.255376	10.153315	13.011658	11.790401	11.722618	10.494433	10.323386	11.316439	10.532106	10.803331	12.033626	10.157256	11.834040	12.949027	10.329347	13.072602	11.190524	11.768824	11.062940	12.072632	11.002808	12.007437	11.420776	10.315692	11.431657	13.145208	9.705691	10.617494	10.663621	10.939479	11.101297	12.105769	9.787130	11.440398	12.431200	8.030418	10.867584	10.033964	13.431675	10.580541	12.432217	
10.010847	10.269334	10.085932	11.539264	11.692693	10.604817	9.979039	10.586659	10.887958	11.844153	11.552419	10.673263	8.321832	9.488677	10.159231	9.550975	8.707904	10.875094	10.491493	11.607202	12.964140	9.764284	11.514623	11.010408	11.812919	12.725147	11.362897	10.453630	11.612568	10.006939	10.187914	9.569970	12.817035	10.303420	10.324811	11.324021	10.638671	10.574656	11.820745	8.688130	11.368357	11.718228	9.001618	10.900079	9.147191	12.244909	11.622671	10.764041	
12.359914	11.234464	10.920844	12.620834	13.603044	10.758941	10.311494	12.074102	11.226154	12.745424	12.135944	11.704935	11.045080	11.277013	11.804504	11.547147	11.154531	12.421230	11.095912	11.839200	14.391326	12.991564	12.526453	11.659214	12.519722	12.456569	12.899172	12.331032	12.314277	12.254703	12.037827	11.465065	13.378215	10.592437	11.101920	12.248968	11.657348	11.972421	12.460134	10.570934	13.285663	12.763622	8.617525	10.985362	10.298061	14.213156	11.248134	13.634718	
12.683168	11.826265	12.212049	13.519771	14.896537	10.724965	11.891435	13.064010	11.761714	13.589877	12.452281	13.358258	10.844026	11.935065	12.296642	12.746159	11.273559	13.622769	11.939121	14.062020	15.887012	11.961919	13.124757	12.838848	12.401710	14.575271	14.261907	13.174931	13.029208	11.836762	13.279732	11.698630	15.269234	11.998112	12.606119	13.926179	12.919467	12.421105	13.810794	11.861995	14.620386	12.711131	10.342189	12.601981	11.393921	15.038058	12.475713	13.180413	
12.859782	11.285335	11.616718	12.898126	14.332877	11.656816	11.557004	13.271819	11.258053	13.499548	13.039758	12.972941	11.635346	11.043218	12.642721	11.799448	11.427313	13.341527	11.377059	12.984072	15.088134	11.353838	12.749088	12.943327	13.299521	13.174214	13.025887	13.136765	12.910569	13.636700	10.651120	11.052474	14.497717	12.187640	11.427744	13.950606	12.546747	11.964628	13.910734	10.367834	11.970818	13.170669	10.312252	12.926565	11.419246	14.411732	12.274622	13.683863	
12.426752	10.768136	12.004405	12.511862	13.045185	11.168393	11.096529	12.990584	11.678891	13.657122	12.795931	10.984361	10.977083	9.678663	11.828006	10.944226	10.357291	12.713580	10.448888	13.373252	15.677173	11.860844	11.684080	11.701493	13.013207	11.978189	13.668683	12.135679	13.822341	13.424685	11.440831	10.462989	13.572684	10.070899	11.595665	12.546716	11.510634	11.906845	12.454713	10.308712	12.183045	12.355332	8.657619	12.504057	10.151567	13.140607	11.905689	13.152948	
12.789268	11.377468	10.634418	12.481794	14.070017	11.117402	11.634156	12.718905	11.775051	12.612681	11.582485	11.962145	10.475268	12.175141	11.538709	11.500201	11.940858	12.156584	11.770004	12.461163	14.426648	11.389214	12.277787	12.857709	12.378969	12.481343	13.370040	12.351390	12.608631	12.549687	12.484828	11.215225	13.278472	10.627492	10.952487	12.224374	10.480120	11.020247	13.432764	9.988900	14.070925	11.839904	9.727232	10.627368	11.182997	13.939268	12.011923	12.724901	
11.464155	8.535636	9.869719	11.262755	11.885529	9.883287	11.853224	11.150249	11.164865	11.480614	10.079897	11.182901	10.016115	9.527729	12.146599	10.102620	9.872846	11.315663	9.672019	12.510385	12.576120	8.969692	9.946830	10.524315	10.803237	12.417462	12.800350	11.927684	12.793501	11.455279	10.028591	11.012510	12.563001	10.067126	9.644746	11.090258	10.789835	10.655587	12.662127	9.384523	11.464346	11.347550	7.947959	10.830711	10.552224	12.308702	10.491509	11.834621	
11.832455	10.848824	10.374546	11.498704	12.966120	10.583385	10.697688	11.115822	11.030528	12.264459	12.272309	10.976330	10.418820	11.506495	11.358119	10.560630	10.213575	12.297862	11.075440	11.574244	13.446730	9.510508	12.250892	12.653501	11.866081	11.727704	11.603402	11.934229	12.057288	12.336727	11.538521	10.322696	15.282818	10.991685	10.498078	12.206199	10.362184	12.314308	13.252620	9.698213	12.164706	12.131936	9.505939	10.654881	9.336067	13.282472	11.674994	12.739082	
12.241539	11.436504	10.961188	11.611441	13.832784	10.864139	10.666509	12.658873	10.678437	12.552218	11.437896	12.234674	10.717228	10.845216	11.388758	10.324101	11.004304	12.446150	11.244940	13.559806	15.400796	11.113211	11.532284	12.200312	12.759630	11.728609	13.206248	12.644249	12.659096	13.084741	12.305030	11.583200	14.539203	9.417318	12.374333	11.287317	10.332690	13.285454	11.516172	10.712480	11.907197	11.726631	9.052697	11.411801	11.487554	14.266990	11.951908	14.117464	
11.833393	10.692608	9.618522	11.075696	13.539338	11.342173	10.506407	12.413905	11.281556	13.524717	11.688143	12.307790	9.900818	10.705714	11.717009	10.439712	11.470720	12.268342	10.805890	12.031383	14.453631	10.620684	12.386029	11.639516	11.726768	12.362214	12.579376	11.420357	12.794657	11.830092	11.469470	10.382176	14.207280	10.205960	10.091191	13.108140	11.625508	11.133345	12.086683	9.892865	14.224311	11.796895	9.549484	11.421566	10.339473	13.079887	11.776143	12.849384	
11.720376	10.054853	11.325645	11.486475	12.722849	11.038828	10.213790	12.758198	10.570989	13.340739	11.748274	12.086618	10.607924	10.253948	11.125165	11.442857	10.941550	12.451174	10.575754	13.115307	13.760771	11.047573	11.327798	12.088720	11.480474	13.262122	12.345221	11.108699	12.988511	11.779296	11.490505	10.951464	14.083807	9.907775	10.859978	12.030923	12.314694	11.122087	11.765543	10.374466	12.212108	11.684235	9.029515	10.356810	9.748457	13.256326	10.483491	12.280736	
13.135494	12.107360	12.544007	12.604325	15.653184	11.464161	12.253719	14.500959	12.856136	14.427824	13.520098	13.773898	11.450196	11.385886	13.594519	12.747247	11.902706	13.963319	11.186290	16.019339	16.197992	11.810597	12.559899	12.697104	12.926549	14.400706	14.230294	13.762968	14.133677	13.661956	12.370647	12.146622	15.392696	12.184335	12.290223	14.897385	13.652720	13.996850	13.914781	11.688428	14.404391	14.325930	10.749507	13.439993	11.266776	14.584324	13.038436	14.015894	
14.022841	11.877177	12.738427	12.378701	14.165892	11.120208	11.334497	13.057760	10.691886	13.114739	13.078339	11.570311	10.982789	12.439210	12.550959	12.612031	12.272507	13.132908	10.979814	12.801959	15.732367	11.614074	12.508862	12.388301	11.868836	12.179194	13.093918	12.886659	13.368695	13.168400	11.678334	11.225882	15.001442	11.364593	11.314688	13.458614	12.500655	12.669027	14.113214	10.674719	14.042563	12.863632	10.263396	11.302535	11.339586	14.279164	12.257241	13.636931	
12.637482	12.176490	11.089638	12.406045	13.175923	11.027042	11.369600	12.856610	11.313750	13.165995	11.959592	12.210937	10.851889	11.302153	12.036470	11.557226	11.285322	12.797130	11.421825	12.610158	14.745176	10.918907	12.138861	12.197201	12.074194	13.720114	12.770079	12.547134	13.998174	13.144374	12.619273	11.255240	14.342947	10.544455	11.594248	11.826270	11.679253	12.929389	12.715255	10.629057	11.830199	11.921205	10.527371	11.009734	10.574680	14.772439	10.861471	13.361798	
13.130190	12.545348	11.015046	12.454065	13.940151	11.598300	10.861912	12.551293	10.835466	13.130476	12.049769	12.823953	11.234529	10.852794	11.514047	11.378058	11.062952	12.398447	10.516886	12.492780	14.558299	12.143913	12.942484	12.847736	12.449511	13.919810	12.734197	12.718334	13.639217	13.166883	11.218580	12.348400	14.361903	10.336126	11.481144	12.171573	12.011301	11.613727	12.371122	11.454705	13.093930	13.264191	9.059059	10.758696	10.992185	15.645639	12.449099	14.497804	
10.689913	9.612176	9.130231	10.817372	12.423309	10.053470	9.271819	11.284615	9.982025	12.244586	10.589968	11.267610	9.832437	9.371415	10.350904	10.367649	9.461654	10.398731	10.201825	10.272616	13.142469	10.407415	10.113586	10.842753	11.461417	10.464555	11.418415	9.928510	10.333514	11.118753	10.961066	10.108616	11.986751	9.445008	9.277467	11.750160	10.193957	10.623421	11.140490	8.697710	11.357677	10.915453	8.477844	9.255283	9.272043	12.791833	9.226323	12.128656	
12.396098	11.858678	11.885092	12.100976	14.093417	11.270271	11.126698	13.683819	10.738015	13.331297	12.789875	12.058146	9.462611	12.363956	11.886022	11.623517	11.548994	13.101099	12.314888	12.063724	15.505578	10.856169	12.753889	12.241238	13.862921	11.991304	13.181947	11.630238	12.234038	12.866156	12.620828	11.763049	15.411907	11.400634	10.601061	13.095040	11.034918	13.365519	12.891957	9.404440	12.913940	13.305662	10.098394	11.657009	10.019179	15.209579	11.349314	13.803989	
13.893247	12.018545	13.812364	15.067632	16.280881	12.928320	12.446705	14.057666	11.332292	15.872839	14.282608	13.935267	12.008319	13.294188	13.352681	13.807008	12.544168	14.926680	12.075283	15.218152	16.666773	13.023456	14.203898	14.134190	15.012400	13.583775	14.945511	13.335725	14.781208	14.445843	12.779791	12.791002	17.134091	11.365619	12.687372	13.828106	13.774356	13.767156	14.561589	12.568592	14.356334	14.488673	11.341278	13.530402	11.260679	15.745763	13.358457	14.843977	
10.943493	9.659819	11.313719	12.364193	14.164794	10.532367	10.180923	12.055399	11.388350	13.100616	11.648054	12.614272	10.781257	10.411594	10.986798	10.870064	10.364600	12.022548	12.137792	13.023658	13.539893	10.673808	10.891777	11.694933	13.187754	12.348701	13.074057	12.075696	12.132845	11.163499	12.566732	11.623452	12.970347	12.100828	11.215846	13.020226	11.253984	12.023068	12.291100	10.102881	11.581548	12.963424	9.057780	10.754883	9.924244	14.260309	10.693854	13.556148	
10.455214	8.681433	9.275887	9.404052	11.195905	8.022652	9.708027	10.468418	8.733604	10.163119	9.714593	11.131668	8.952910	8.629777	8.968379	10.299960	7.953621	11.070836	9.057148	11.350419	10.739456	9.275552	9.730922	9.852764	10.002883	10.724407	11.245269	9.800485	8.479375	10.544732	9.314322	9.696166	11.284846	8.825504	8.873611	10.157372	9.727463	9.700553	9.919049	8.799101	10.402850	10.452905	8.311147	8.262619	9.548818	11.633258	9.802657	10.612295	
12.715329	11.220602	10.398281	12.651683	13.806301	9.586337	11.205052	12.657337	10.606524	12.819095	11.401831	12.316739	9.639941	11.530921	12.112625	11.979055	11.164566	11.838676	11.215393	12.429612	14.126284	10.550612	12.274842	11.383644	12.610597	12.979286	12.720265	12.061822	12.521467	12.225068	11.206356	10.965774	13.815991	9.379933	10.613247	12.345017	10.564491	10.759624	12.022755	10.748866	13.326537	12.127122	8.853560	10.516151	9.788315	13.891518	10.686327	12.750388	
12.236950	11.253754	11.748804	12.900729	14.554995	11.744548	11.626353	13.692628	12.096755	13.308241	12.315109	12.583649	10.576292	11.608206	12.212144	12.581032	11.927781	13.452816	11.844895	14.014864	15.553874	11.451591	12.820126	13.802113	13.341393	12.818229	13.264910	12.359014	12.349938	12.503326	12.234009	11.604680	15.129216	10.938997	11.353311	12.433707	12.252751	12.405916	13.750983	11.081609	13.838495	12.572831	9.780894	11.272135	10.568651	13.816895	13.010934	12.924022	
14.683666	12.690473	12.652190	14.171639	15.551962	11.871048	12.170560	13.661775	13.586984	14.788545	14.323781	12.752490	11.527827	12.246015	12.906453	12.226050	11.848408	13.325905	13.465827	14.289252	17.363821	13.532304	13.564144	14.449939	15.117742	15.055448	13.637183	13.652497	14.985476	13.642522	13.793892	12.620079	16.096988	12.040753	12.628572	14.498194	12.823528	14.067433	15.165938	11.607161	14.945192	13.867420	10.739459	12.888926	12.011106	15.868617	13.741806	15.051557	
11.151934	8.994876	9.816675	10.238538	10.632635	8.450142	8.561933	10.681269	8.534459	10.500390	9.583535	9.059118	7.965607	8.837000	10.100200	9.149803	9.165427	9.998650	8.533719	10.377824	11.349202	10.898491	11.047386	8.438173	10.255149	10.324469	10.634020	9.895522	9.656989	10.156967	8.236617	9.685360	11.716982	8.195517	9.282216	8.859402	10.128060	9.627759	9.786021	9.204259	10.847669	9.924033	7.670484	9.010567	9.727375	10.959786	9.670344	10.584000	
10.602613	9.182358	9.846202	10.285724	12.325565	10.178983	10.567910	11.984167	10.234842	12.600713	11.163266	11.209360	9.996539	10.028774	10.693106	9.842502	10.143293	11.160823	10.488124	11.040476	13.161843	9.114888	11.257783	12.935667	11.348148	12.128030	11.555810	10.554683	11.989308	10.003992	10.076224	10.791676	14.142844	10.481815	10.255234	12.173888	11.323234	10.337167	12.557771	8.912747	12.006390	11.374002	8.661958	11.197762	10.354823	13.232445	10.429955	11.377995	
11.001531	8.870022	9.648936	10.172664	12.221022	9.689163	8.678196	11.383790	9.251501	12.260929	9.356268	11.262703	8.999131	8.897107	10.011933	9.490164	10.052532	10.456240	10.290070	10.420322	12.745009	9.110742	11.413410	10.456329	11.197124	9.891082	10.832217	9.898263	10.405496	10.086031	10.614916	9.604834	11.937208	10.218354	9.512045	10.880041	9.104384	10.907086	9.925135	8.692273	11.391230	11.436562	8.079296	10.534953	8.923206	12.880541	9.436254	11.788978	
13.360140	11.244123	11.629084	12.394298	13.856800	11.803090	11.391418	13.190876	10.515606	13.712724	13.102646	12.787961	11.120271	12.224538	11.887234	11.673281	12.452603	13.832304	12.557795	13.064382	14.420018	11.632289	12.769973	14.137419	12.883007	12.699005	13.371068	13.323185	13.745420	13.052102	12.655180	11.508100	14.878695	11.686703	11.522739	13.669162	11.780994	11.541804	14.429669	10.489548	13.157013	12.908895	10.749563	12.016537	11.256274	14.890239	12.015059	12.976884	
9.894000	10.080788	8.977515	10.431587	11.568412	9.862072	8.529869	10.495213	8.278545	11.648233	9.549696	10.629267	9.566474	10.129146	9.456776	9.378642	9.497324	11.116819	9.079190	11.183931	12.450698	9.943377	10.925947	9.273359	10.769915	9.892961	10.764468	11.025628	11.712303	10.766166	11.060716	8.411710	12.199774	9.526678	10.140001	10.291908	9.865288	10.138736	9.948905	9.390925	11.011114	10.953524	7.131082	9.986735	8.744461	12.222446	10.173705	11.726146	
11.336218	9.642550	9.503418	10.692296	12.254890	9.882737	10.265716	12.031914	11.174267	11.692515	11.511713	11.262857	8.181715	9.595011	11.118867	10.429424	9.675072	11.728357	10.330408	11.006839	12.697723	10.715703	11.216609	10.468687	10.528355	12.277162	12.039669	10.480718	11.014147	9.799574	10.111858	10.081952	11.708067	9.633322	9.034353	11.167324	10.712131	9.872451	11.984141	8.189544	12.565272	10.064966	8.338904	10.649455	9.656785	12.049178	10.534633	10.951834	
12.361853	12.810397	11.383119	12.953156	14.668822	12.967023	11.785234	13.666839	13.016276	15.337088	13.647292	13.874232	10.635211	11.395721	12.853248	11.694991	11.495609	13.304165	12.752668	12.483690	15.780341	11.214747	13.936811	13.039253	13.913698	13.119576	13.266599	11.527378	13.750296	12.628076	12.799547	11.372838	15.566043	12.548431	10.369693	14.231748	12.781502	12.868787	14.449917	9.403782	14.839378	14.464430	10.082888	12.791719	10.680817	15.425810	12.942155	13.531176	
11.967618	10.223164	11.676089	12.499656	13.124092	10.884623	10.979705	12.278896	10.959736	13.336901	12.174279	11.215400	11.037206	10.440524	12.023486	11.248166	11.033454	12.388801	10.639191	12.828863	14.642994	10.679057	12.056009	13.645630	12.478224	12.389881	11.892810	11.861634	13.187057	12.230073	10.025409	10.548417	14.329044	9.650980	10.407076	11.376127	11.482317	11.790557	13.261388	10.684356	11.093554	12.202197	9.680310	12.626317	10.192044	13.077841	11.615616	12.185274	
11.291499	11.352985	11.623916	13.451530	14.513545	10.388219	10.853437	12.200512	10.868577	13.256487	12.290158	12.363699	11.025222	12.694328	11.519775	11.801724	11.349651	12.419716	11.485849	12.805343	15.213122	11.565035	12.158042	13.475793	13.185428	13.699096	12.443179	12.603841	12.322565	11.990185	12.496924	11.005381	14.497796	12.072712	11.725461	11.909426	11.966021	12.259160	13.423244	10.925854	12.905638	12.254191	10.812436	11.267379	10.926654	13.730422	12.237842	12.735572	
11.651780	10.089083	9.903337	10.681391	12.751575	9.989572	10.908939	11.974316	10.681822	12.189454	11.064154	10.686335	10.412140	9.941087	11.224802	10.171303	10.601504	11.659249	10.029972	12.461995	13.387942	9.904781	10.915187	12.691985	10.210488	13.244208	11.843036	11.559567	11.852731	11.498906	10.100498	10.405944	14.401488	9.469537	10.046443	11.494241	11.794465	11.568885	11.415411	10.177984	11.531279	10.193123	9.700306	10.655357	10.674463	12.291642	11.363375	12.211710	
11.491962	10.569318	11.868007	11.113476	12.752953	10.609769	9.864166	11.733951	10.937446	12.142106	11.341255	11.658676	9.524147	10.674489	10.827523	10.515312	11.283804	11.476084	11.260474	11.118145	14.968943	11.269453	11.961540	11.359514	12.054903	11.712421	12.823656	10.651022	11.775044	11.282773	12.231017	11.258474	13.378968	10.554158	11.097835	12.151841	10.713694	11.766170	12.021113	8.731494	12.576416	12.582097	8.146438	10.748052	10.599243	13.648014	10.542793	12.004427	
12.595973	11.810281	11.921100	11.424616	14.211294	10.769808	11.177988	13.109660	11.769382	13.710441	12.316098	14.036110	12.001703	11.808494	12.180620	11.928235	12.007557	14.245512	11.323300	15.398322	13.646450	11.950647	12.802454	12.461507	13.024826	14.330389	13.786011	13.297266	13.339522	13.284115	12.331110	11.707162	15.162656	12.102217	12.570389	13.342676	12.958555	12.769820	12.627637	11.877845	14.441230	13.939853	9.876639	11.502916	12.017487	14.959876	12.410465	13.438040	
12.632307	11.707612	12.761942	13.430937	14.441194	11.618663	11.811770	13.026247	10.961637	13.845064	13.083949	12.701660	11.575696	12.057404	11.264597	11.917623	11.469999	14.385729	11.650842	14.059339	15.037717	11.751634	13.057156	14.075875	14.259961	12.769558	14.461072	13.156023	13.571360	13.570758	13.089166	12.796079	15.476245	11.853409	13.179215	12.567183	12.707986	12.692975	14.514941	10.890199	13.639893	13.232482	10.196434	11.754538	11.369799	15.579783	12.380092	13.896254	
12.013297	12.459436	11.832511	12.569603	14.696592	11.463969	11.501631	12.959793	12.609001	13.331938	12.733860	12.711613	10.442563	12.710382	12.571518	11.832187	11.209979	13.576966	11.621621	13.365423	14.503293	11.657991	13.136319	13.089362	13.438262	14.439767	12.933477	12.529900	13.485413	11.743661	12.754794	11.313308	14.702916	12.818844	11.607730	12.817046	12.568610	12.557218	13.743595	10.603707	14.781726	13.294841	10.414972	11.987921	11.397596	15.636338	12.669947	13.191805	
11.596056	10.821760	10.264161	11.863133	13.492890	10.087603	9.937576	13.030555	10.999940	12.038689	11.188115	10.629423	9.510490	11.231327	11.532030	10.446557	11.418423	11.238769	11.124352	10.866490	14.687256	10.074443	12.191618	10.850233	12.164970	11.714467	11.924647	11.338213	11.431415	11.740812	11.211808	10.864258	13.566496	10.610620	10.437558	12.338450	10.552964	11.959263	11.634749	9.791929	12.418944	11.477804	9.113455	10.567339	9.225546	13.740316	10.488315	13.066742	
12.322612	11.082941	11.632617	11.144890	14.520999	11.275236	10.356886	13.382332	10.843022	13.763617	12.930399	12.166134	9.136836	11.104171	11.225723	9.965090	10.967023	11.402997	11.492916	11.289249	16.017674	10.294836	12.337063	12.701102	11.504730	12.108198	12.647703	10.895432	12.626776	11.823678	11.567872	12.495822	14.638414	11.421099	10.600941	13.173957	11.179760	11.981398	12.703703	7.960831	12.599642	12.830294	9.196276	12.133800	10.371686	14.101821	11.879035	13.324139	
10.335952	10.238613	10.514556	10.372352	11.646293	9.881837	9.391189	10.813721	9.146385	10.566913	10.515898	10.747503	8.140601	10.002360	10.382237	9.648128	10.118203	11.677364	9.488798	11.090986	13.874865	9.950226	11.331719	10.318688	11.012165	10.807369	12.133558	10.277741	10.426499	10.833706	10.521836	10.585979	13.122935	8.894860	10.873955	10.699911	10.319296	11.274892	10.724967	9.374103	11.545139	10.448256	8.398765	10.495225	9.673485	12.337400	10.413845	11.305783	
The results Matches
MPI_Wtime measured for total run by process 3 = 0.005094
MPI_Wtime measured for total run by process 7 = 0.005082
MPI_Wtime measured for total run by process 8 = 0.004700
MPI_Wtime measured for total run by process 9 = 0.004642
MPI_Wtime measured for total run by process 44 = 0.004736
MPI_Wtime measured for total run by process 45 = 0.004750
MPI_Wtime measured for total run by process 46 = 0.004724
MPI_Wtime measured for total run by process 48 = 0.004710
MPI_Wtime measured for total run by process 51 = 0.004690
MPI_Wtime measured for total run by process 55 = 0.004693
MPI_Wtime measured for total run by process 58 = 0.005064
MPI_Wtime measured for total run by process 60 = 0.005094
MPI_Wtime measured for total run by process 1 = 0.005090
MPI_Wtime measured for total run by process 2 = 0.005117
MPI_Wtime measured for total run by process 4 = 0.005095
MPI_Wtime measured for total run by process 5 = 0.005105
MPI_Wtime measured for total run by process 6 = 0.005076
MPI_Wtime measured for total run by process 10 = 0.004642
MPI_Wtime measured for total run by process 11 = 0.004629
MPI_Wtime measured for total run by process 13 = 0.004626
MPI_Wtime measured for total run by process 14 = 0.004623
MPI_Wtime measured for total run by process 15 = 0.004666
MPI_Wtime measured for total run by process 21 = 0.004705
MPI_Wtime measured for total run by process 30 = 0.004618
MPI_Wtime measured for total run by process 33 = 0.004656
MPI_Wtime measured for total run by process 41 = 0.004793
MPI_Wtime measured for total run by process 49 = 0.004686
MPI_Wtime measured for total run by process 50 = 0.004644
MPI_Wtime measured for total run by process 52 = 0.004694
MPI_Wtime measured for total run by process 54 = 0.004668
MPI_Wtime measured for total run by process 56 = 0.005084
MPI_Wtime measured for total run by process 57 = 0.005131
MPI_Wtime measured for total run by process 59 = 0.005171
MPI_Wtime measured for total run by process 61 = 0.005097
MPI_Wtime measured for total run by process 62 = 0.005081
MPI_Wtime measured for total run by process 63 = 0.005189
MPI_Wtime measured for total run by process 18 = 0.004599
MPI_Wtime measured for total run by process 53 = 0.004651
MPI_Wtime measured for total run by process 35 = 0.004685
MPI_Wtime measured for total run by process 16 = 0.004560
MPI_Wtime measured for total run by process 47 = 0.004809
MPI_Wtime measured for total run by process 40 = 0.004667
MPI_Wtime measured for total run by process 42 = 0.004648
MPI_Wtime measured for total run by process 22 = 0.004637
MPI_Wtime measured for total run by process 26 = 0.004601
MPI_Wtime measured for total run by process 31 = 0.004598
MPI_Wtime measured for total run by process 23 = 0.004690
MPI_Wtime measured for total run by process 25 = 0.004697
MPI_Wtime measured for total run by process 29 = 0.004661
MPI_Wtime measured for total run by process 12 = 0.004623
MPI_Wtime measured for total run by process 20 = 0.004667
MPI_Wtime measured for total run by process 32 = 0.004612
MPI_Wtime measured for total run by process 34 = 0.004549
MPI_Wtime measured for total run by process 17 = 0.004699
MPI_Wtime measured for total run by process 19 = 0.004696
MPI_Wtime measured for total run by process 24 = 0.004615
MPI_Wtime measured for total run by process 27 = 0.004583
MPI_Wtime measured for total run by process 28 = 0.004641
MPI_Wtime measured for total run by process 36 = 0.004660
MPI_Wtime measured for total run by process 37 = 0.004644
MPI_Wtime measured for total run by process 38 = 0.004619
MPI_Wtime measured for total run by process 39 = 0.004641
MPI_Wtime measured for total run by process 43 = 0.004780
