MPI_Wtime measured for total run by process 0 = 0.004433
Total time by each process = 0.159538  And Average = 0.004432 , Comm_TIME = 0.000000
Printing Matrix A
0.369394	0.208105	0.967771	0.182528	0.803426	0.717508	0.378069	0.713690	0.959967	0.400081	0.409329	0.278932	0.535692	0.559852	0.824950	0.838616	0.560806	0.824539	0.429132	0.883625	0.852867	0.370224	0.711737	0.462457	0.214670	0.522630	0.904267	0.395305	0.256149	0.722160	0.571877	0.275443	0.607497	0.661260	0.107048	0.269186	0.146018	0.190850	0.723325	0.529459	0.515845	0.561994	0.853651	0.860072	0.912456	0.190899	0.143008	0.617017	
0.566323	0.787134	0.823161	0.633285	0.695731	0.826934	0.477442	0.357051	0.408482	0.413400	0.876344	0.371933	0.855704	0.273134	0.029173	0.749217	0.168427	0.268866	0.592671	0.960767	0.726286	0.707459	0.144094	0.197016	0.983556	0.814710	0.883888	0.648701	0.749475	0.738305	0.811986	0.374144	0.023873	0.972001	0.545161	0.904947	0.720470	0.475175	0.676916	0.417141	0.282607	0.520372	0.418494	0.906088	0.090908	0.946617	0.131915	0.883307	
0.963771	0.772333	0.788076	0.780379	0.289686	0.373110	0.927745	0.627074	0.022101	0.376846	0.316518	0.608564	0.927326	0.310319	0.875941	0.215030	0.048934	0.348645	0.664643	0.345556	0.384578	0.920931	0.508916	0.522674	0.695451	0.971613	0.182454	0.419395	0.135357	0.169022	0.923341	0.851010	0.371414	0.809284	0.328680	0.990386	0.873506	0.025581	0.459323	0.913440	0.447776	0.166743	0.465229	0.740010	0.315853	0.611883	0.293083	0.211468	
0.662549	0.700554	0.175593	0.704486	0.602258	0.431521	0.278323	0.216355	0.230013	0.356328	0.969237	0.295826	0.005370	0.524284	0.370603	0.962951	0.756504	0.024381	0.354446	0.981196	0.458934	0.018285	0.757676	0.463355	0.617737	0.682930	0.916022	0.872064	0.886466	0.219846	0.132099	0.290222	0.846303	0.820701	0.043469	0.157453	0.214612	0.239660	0.410377	0.959978	0.522699	0.615088	0.621665	0.360113	0.883498	0.765201	0.762756	0.904201	
0.370025	0.809808	0.526799	0.915897	0.142999	0.713700	0.858573	0.581490	0.316586	0.819993	0.683729	0.446384	0.760066	0.582825	0.267008	0.131881	0.211929	0.050527	0.908951	0.480138	0.121982	0.605326	0.867516	0.361828	0.383394	0.122355	0.361928	0.634350	0.780323	0.644815	0.704202	0.684363	0.718386	0.654858	0.701314	0.679287	0.328835	0.803851	0.471430	0.380454	0.347500	0.921947	0.071547	0.831421	0.773472	0.899201	0.252933	0.393804	
0.318455	0.598655	0.183659	0.843064	0.562556	0.708845	0.812595	0.888809	0.592107	0.869522	0.367053	0.515525	0.177179	0.618199	0.998290	0.401431	0.060665	0.336513	0.278029	0.756818	0.826493	0.874570	0.554961	0.799182	0.574135	0.810723	0.369648	0.081712	0.740973	0.976939	0.711914	0.056008	0.378456	0.016903	0.572099	0.497069	0.239383	0.037680	0.135019	0.941412	0.505567	0.650342	0.078381	0.422042	0.431965	0.558617	0.777351	0.916458	
0.007146	0.812292	0.707082	0.977837	0.681000	0.740809	0.852379	0.525173	0.434355	0.233160	0.907569	0.332091	0.054184	0.483413	0.505334	0.987342	0.333233	0.091725	0.108996	0.986780	0.085078	0.606015	0.409811	0.295402	0.306703	0.356903	0.183765	0.553806	0.579703	0.069484	0.437090	0.597516	0.856461	0.810637	0.758803	0.755452	0.525007	0.781339	0.492656	0.778984	0.605304	0.013631	0.824881	0.027017	0.604655	0.489619	0.153327	0.812067	
0.776377	0.975243	0.420122	0.379062	0.092163	0.879947	0.237142	0.384178	0.794818	0.631514	0.965246	0.024282	0.755032	0.611647	0.601037	0.918146	0.046418	0.912595	0.624085	0.411669	0.452057	0.301067	0.950548	0.531644	0.083055	0.365064	0.821689	0.618203	0.903247	0.485079	0.653563	0.881698	0.296614	0.166521	0.085949	0.636947	0.869807	0.227205	0.623260	0.565720	0.922007	0.754616	0.320130	0.320417	0.602669	0.727660	0.208722	0.956214	
0.403651	0.426035	0.700925	0.027606	0.000996	0.391087	0.013660	0.330570	0.887591	0.679364	0.458006	0.431098	0.805278	0.316907	0.768117	0.519336	0.395855	0.661368	0.008352	0.667513	0.943785	0.633604	0.015407	0.893112	0.049360	0.110719	0.572257	0.568040	0.700575	0.391535	0.158067	0.640459	0.856241	0.650703	0.990800	0.873942	0.376816	0.892030	0.471719	0.295221	0.357618	0.028445	0.947757	0.307410	0.481433	0.117023	0.609815	0.193423	
0.059308	0.330649	0.162343	0.984693	0.712136	0.931383	0.661866	0.704934	0.632544	0.949359	0.329865	0.228633	0.955712	0.450798	0.103137	0.031583	0.488347	0.212553	0.566823	0.189849	0.073970	0.462814	0.347836	0.755320	0.901128	0.560681	0.961447	0.042291	0.134969	0.482686	0.137310	0.400551	0.876501	0.276347	0.810351	0.722283	0.587429	0.620158	0.352845	0.915645	0.080157	0.484965	0.265639	0.958763	0.020344	0.638714	0.955719	0.783311	
0.652370	0.275544	0.525856	0.347043	0.182923	0.048549	0.342679	0.789740	0.440520	0.464440	0.801960	0.106767	0.864652	0.979959	0.784746	0.652590	0.822929	0.899837	0.925960	0.462070	0.214081	0.644651	0.474813	0.979596	0.709095	0.621491	0.867238	0.333361	0.473739	0.552261	0.076590	0.695600	0.132985	0.248304	0.842317	0.167828	0.220993	0.613158	0.246870	0.611139	0.036790	0.467021	0.960888	0.635919	0.113702	0.693112	0.393030	0.089811	
0.984150	0.584960	0.048490	0.882865	0.565268	0.965290	0.088778	0.768103	0.809059	0.029596	0.035506	0.204575	0.853694	0.339499	0.286399	0.772740	0.767426	0.097016	0.110489	0.085399	0.475904	0.487894	0.627117	0.690250	0.491121	0.206124	0.385360	0.675835	0.308386	0.485778	0.444644	0.865334	0.616218	0.027986	0.942232	0.402463	0.164074	0.982818	0.146355	0.227368	0.392913	0.164103	0.844190	0.017327	0.855272	0.747361	0.761623	0.511987	
0.575046	0.104548	0.653359	0.935414	0.397369	0.608624	0.591300	0.181200	0.269483	0.762486	0.185241	0.266249	0.282919	0.340429	0.626306	0.422383	0.392389	0.718630	0.033942	0.863181	0.572276	0.975035	0.307797	0.147789	0.501538	0.690953	0.690088	0.727291	0.970813	0.017549	0.920136	0.798471	0.966864	0.358273	0.171145	0.432118	0.693259	0.906998	0.563387	0.578336	0.965062	0.751703	0.226491	0.628157	0.546715	0.794422	0.085640	0.779376	
0.109993	0.053310	0.359103	0.024560	0.892581	0.053418	0.986344	0.520893	0.901043	0.606556	0.751591	0.324837	0.880420	0.765157	0.712152	0.018564	0.682181	0.103284	0.557302	0.093647	0.059401	0.905852	0.778819	0.997151	0.699342	0.807395	0.838421	0.749239	0.251492	0.684902	0.058928	0.785789	0.775339	0.782394	0.016916	0.782525	0.023105	0.122062	0.115121	0.481786	0.722921	0.265396	0.421414	0.280183	0.529031	0.636550	0.668550	0.329068	
0.311412	0.776531	0.987501	0.404645	0.247431	0.812531	0.645921	0.177016	0.583499	0.930183	0.457047	0.677820	0.175450	0.574036	0.736709	0.287889	0.014564	0.376450	0.623475	0.012672	0.307802	0.233459	0.119521	0.322564	0.852886	0.707933	0.463112	0.296010	0.700123	0.482562	0.773148	0.484954	0.834870	0.789778	0.642498	0.329251	0.627654	0.904024	0.973184	0.450195	0.479334	0.136002	0.543881	0.581009	0.302056	0.680836	0.834022	0.862917	
0.027194	0.127237	0.455146	0.619993	0.019198	0.829974	0.750604	0.818451	0.438297	0.172385	0.386464	0.226182	0.816966	0.763725	0.072809	0.319880	0.279337	0.769695	0.903606	0.817282	0.913705	0.915185	0.927426	0.894248	0.688088	0.347900	0.820028	0.763072	0.481100	0.287981	0.153439	0.653911	0.054979	0.167259	0.813294	0.881388	0.631798	0.391308	0.530209	0.924946	0.352190	0.292849	0.846927	0.809211	0.582718	0.881935	0.705053	0.168933	
0.959451	0.718616	0.320733	0.499744	0.396577	0.511754	0.176609	0.145083	0.709546	0.701015	0.493853	0.884500	0.607418	0.812729	0.302280	0.072502	0.317853	0.034477	0.391121	0.591117	0.425274	0.714483	0.539571	0.130680	0.297498	0.805590	0.341922	0.867923	0.456525	0.261810	0.662313	0.020537	0.125428	0.618752	0.589235	0.304246	0.312740	0.616391	0.878295	0.101428	0.578767	0.967143	0.597108	0.870028	0.515717	0.812439	0.466149	0.158196	
0.887990	0.108127	0.986817	0.491734	0.431102	0.151868	0.855196	0.485190	0.160314	0.354652	0.287399	0.811055	0.356519	0.981146	0.456470	0.414246	0.916289	0.821685	0.934745	0.202663	0.421544	0.675245	0.607826	0.710703	0.612768	0.525562	0.290037	0.703283	0.960111	0.469224	0.823770	0.761040	0.405842	0.643165	0.896144	0.706435	0.200358	0.594428	0.542115	0.576325	0.370487	0.055050	0.438504	0.307079	0.442761	0.815195	0.659772	0.006589	
0.158961	0.406201	0.495582	0.372792	0.494317	0.504125	0.272350	0.191315	0.182336	0.303361	0.004698	0.019454	0.386743	0.713988	0.410885	0.112130	0.370331	0.624950	0.630968	0.561852	0.964961	0.161716	0.146426	0.880148	0.599397	0.949601	0.793949	0.051553	0.803705	0.227207	0.486118	0.784435	0.857668	0.722361	0.407126	0.613919	0.350191	0.609398	0.128668	0.825379	0.673055	0.332159	0.744035	0.647695	0.149252	0.762330	0.214239	0.491819	
0.956150	0.560542	0.498395	0.735363	0.950097	0.345202	0.834308	0.806829	0.945561	0.974367	0.522699	0.237336	0.496965	0.307322	0.546430	0.783110	0.013322	0.865856	0.518113	0.360302	0.945981	0.546974	0.876085	0.287652	0.492791	0.511241	0.884082	0.687441	0.748242	0.092251	0.793904	0.797252	0.219013	0.318942	0.264327	0.205335	0.384748	0.990598	0.106112	0.082478	0.540270	0.614393	0.342296	0.805399	0.296597	0.385210	0.773011	0.897726	
0.845569	0.729150	0.895913	0.320205	0.686794	0.541493	0.589053	0.391809	0.217690	0.553675	0.308035	0.650523	0.256724	0.695132	0.218194	0.021759	0.809527	0.173661	0.685394	0.986100	0.804669	0.165094	0.151565	0.523045	0.563105	0.929241	0.435795	0.475772	0.615497	0.722254	0.763763	0.897456	0.494923	0.278730	0.564983	0.552504	0.792424	0.763374	0.274502	0.313244	0.363140	0.708746	0.822250	0.491453	0.355422	0.271439	0.957721	0.692476	
0.240012	0.632960	0.236036	0.174646	0.903062	0.972449	0.224440	0.015170	0.528180	0.386513	0.908435	0.788177	0.091673	0.383043	0.228512	0.502038	0.046724	0.273518	0.320462	0.311220	0.386185	0.401088	0.569363	0.198204	0.140175	0.447973	0.462683	0.312467	0.295767	0.603751	0.771028	0.992803	0.240786	0.100511	0.714486	0.784772	0.695401	0.711295	0.602119	0.362307	0.494216	0.790904	0.046430	0.511256	0.798881	0.866475	0.220795	0.387660	
0.125599	0.022830	0.899902	0.940755	0.993462	0.860067	0.561549	0.337875	0.032653	0.012663	0.232150	0.421279	0.638926	0.600939	0.147032	0.321302	0.476770	0.112715	0.151734	0.971975	0.705520	0.740777	0.054416	0.322833	0.207432	0.166152	0.859415	0.470613	0.875185	0.358062	0.060151	0.294848	0.023496	0.913594	0.461033	0.320426	0.717611	0.433621	0.139856	0.859095	0.091950	0.786870	0.612678	0.449707	0.329034	0.510080	0.487133	0.926106	
0.212492	0.685859	0.725269	0.840078	0.067488	0.214906	0.030154	0.554632	0.099248	0.073470	0.598985	0.199789	0.330945	0.317204	0.514798	0.328707	0.083010	0.400814	0.020850	0.251158	0.514591	0.295682	0.540065	0.666849	0.191816	0.351239	0.263495	0.718820	0.260897	0.412518	0.279334	0.502984	0.755790	0.170623	0.144690	0.864978	0.887845	0.204026	0.010974	0.067223	0.611194	0.993591	0.969490	0.469129	0.748435	0.006082	0.622871	0.390114	
0.412865	0.155301	0.982518	0.216837	0.180939	0.298273	0.291739	0.394702	0.783958	0.777621	0.100704	0.983835	0.128397	0.876908	0.498983	0.129930	0.827759	0.469404	0.305510	0.680640	0.107104	0.678361	0.344409	0.301776	0.461357	0.881815	0.326147	0.411200	0.855566	0.205812	0.555130	0.266397	0.620973	0.193165	0.422042	0.412932	0.852719	0.927989	0.164356	0.325495	0.309162	0.187774	0.072959	0.089853	0.887081	0.283074	0.631407	0.825099	
0.285273	0.178864	0.892069	0.236460	0.683088	0.941916	0.394214	0.473157	0.474722	0.338685	0.259903	0.476206	0.724203	0.589195	0.308752	0.607991	0.432558	0.301339	0.378650	0.069415	0.702249	0.909182	0.278743	0.799839	0.043269	0.301146	0.567061	0.450157	0.536633	0.646874	0.453647	0.439410	0.041719	0.210833	0.278549	0.482108	0.291580	0.077260	0.773630	0.323788	0.015622	0.120071	0.402286	0.873947	0.609581	0.784305	0.775685	0.949433	
0.964465	0.237774	0.440513	0.223811	0.111173	0.302416	0.178170	0.701702	0.251138	0.776475	0.392001	0.592344	0.171242	0.064809	0.600365	0.764331	0.174507	0.807843	0.721988	0.347113	0.332725	0.717965	0.275733	0.704687	0.241440	0.180296	0.131584	0.635023	0.149289	0.249752	0.714073	0.314484	0.016189	0.503600	0.153981	0.571338	0.500243	0.997602	0.708969	0.302847	0.183451	0.583850	0.255783	0.617860	0.918704	0.154726	0.881695	0.521358	
0.591537	0.636061	0.875672	0.232225	0.496702	0.151890	0.932115	0.156080	0.937880	0.430601	0.958801	0.598735	0.916073	0.510283	0.222671	0.695652	0.056598	0.559726	0.539112	0.308185	0.021777	0.241484	0.914812	0.069458	0.137493	0.046355	0.548520	0.973800	0.398551	0.262362	0.515723	0.435430	0.289727	0.504591	0.787106	0.864652	0.272851	0.762774	0.503701	0.040356	0.332292	0.737489	0.731802	0.345405	0.195372	0.751575	0.565781	0.283416	
0.182160	0.684347	0.600783	0.778148	0.655135	0.061297	0.373155	0.800030	0.188364	0.586259	0.248808	0.050519	0.539431	0.155274	0.989098	0.960720	0.226697	0.140524	0.194065	0.701115	0.459594	0.008037	0.864065	0.538196	0.345586	0.972594	0.056120	0.038573	0.825207	0.700763	0.632538	0.985564	0.306549	0.686716	0.044759	0.349815	0.150243	0.337102	0.165918	0.066736	0.999754	0.105898	0.062444	0.651424	0.338318	0.701956	0.013670	0.830091	
0.813607	0.820833	0.904637	0.362720	0.528499	0.069188	0.575121	0.205921	0.175255	0.630748	0.456289	0.125350	0.634360	0.765464	0.514825	0.968249	0.112361	0.186798	0.959729	0.071879	0.249340	0.182646	0.276991	0.399336	0.700386	0.689945	0.312257	0.951283	0.642600	0.594647	0.312301	0.485857	0.351977	0.441661	0.222174	0.799935	0.654606	0.295975	0.371148	0.383842	0.725395	0.228209	0.889081	0.984268	0.896238	0.689106	0.141810	0.633202	
0.847619	0.805495	0.588402	0.541307	0.588011	0.174605	0.532593	0.030693	0.632234	0.295639	0.438394	0.052997	0.858822	0.543172	0.917067	0.494420	0.251236	0.834479	0.905344	0.082646	0.213069	0.452514	0.815697	0.003649	0.742109	0.969247	0.579194	0.515135	0.764347	0.438647	0.234680	0.446100	0.232981	0.325553	0.656366	0.631680	0.665449	0.615096	0.567402	0.929078	0.918031	0.490014	0.920569	0.935240	0.063456	0.366329	0.306955	0.784052	
0.093009	0.678261	0.517804	0.618809	0.394136	0.664400	0.852649	0.271049	0.491804	0.267905	0.766211	0.097288	0.577033	0.127803	0.276046	0.423924	0.021460	0.118429	0.412127	0.722517	0.971143	0.767802	0.980396	0.594472	0.799913	0.884571	0.065523	0.395791	0.445476	0.526544	0.435449	0.090577	0.052653	0.996173	0.946244	0.271044	0.105608	0.741178	0.077696	0.558202	0.198026	0.443733	0.424633	0.906105	0.363118	0.591632	0.383117	0.255476	
0.891215	0.900551	0.970339	0.754845	0.210440	0.161950	0.831672	0.165746	0.162926	0.293247	0.449003	0.457669	0.632001	0.610688	0.731510	0.450888	0.117812	0.460183	0.523033	0.164098	0.711050	0.021610	0.046200	0.572421	0.796835	0.796686	0.065019	0.057958	0.303656	0.712138	0.534809	0.657891	0.514464	0.740773	0.333102	0.770971	0.230919	0.586874	0.979937	0.486246	0.024962	0.022610	0.537288	0.787002	0.749214	0.876111	0.662165	0.936645	
0.652075	0.214127	0.582289	0.029329	0.777679	0.090327	0.775498	0.534388	0.859506	0.890443	0.637566	0.237739	0.176585	0.670803	0.647852	0.015380	0.284866	0.285104	0.214604	0.680363	0.930637	0.749899	0.347264	0.506596	0.841286	0.603565	0.074483	0.865632	0.955154	0.089818	0.143884	0.902932	0.334704	0.295904	0.502469	0.541591	0.746958	0.139241	0.575777	0.300992	0.042875	0.895915	0.745861	0.368426	0.297982	0.304021	0.563441	0.870615	
0.394989	0.447453	0.142787	0.330565	0.280533	0.983967	0.115643	0.273374	0.189516	0.275876	0.930836	0.636393	0.102546	0.670684	0.147366	0.564132	0.707819	0.439815	0.000628	0.740351	0.240185	0.137472	0.009277	0.514346	0.580135	0.134171	0.434524	0.739789	0.710976	0.203056	0.951772	0.400699	0.778773	0.510199	0.610893	0.060563	0.974868	0.206906	0.608882	0.182938	0.511473	0.699987	0.087672	0.483066	0.850249	0.656991	0.453311	0.461613	
0.898203	0.011486	0.222362	0.360174	0.270085	0.181375	0.288332	0.067984	0.681422	0.745802	0.207747	0.567742	0.914991	0.860016	0.282423	0.600387	0.293441	0.689723	0.683923	0.713032	0.616977	0.832976	0.258720	0.705115	0.668930	0.709235	0.679786	0.934672	0.501710	0.963079	0.116317	0.964760	0.175340	0.925560	0.704379	0.813271	0.532999	0.226667	0.547206	0.731860	0.382699	0.092812	0.718072	0.657261	0.822172	0.003916	0.183807	0.348247	
0.623158	0.218409	0.912399	0.648895	0.677926	0.237117	0.807343	0.441267	0.410072	0.252527	0.561563	0.347927	0.530128	0.322224	0.320519	0.073081	0.944278	0.271215	0.323170	0.302076	0.795672	0.226227	0.508170	0.793057	0.201574	0.046386	0.955371	0.146873	0.746156	0.199435	0.139568	0.010352	0.564007	0.940524	0.201677	0.888272	0.781793	0.600363	0.781993	0.208204	0.439003	0.746704	0.648903	0.879874	0.362674	0.461734	0.351826	0.586089	
0.753652	0.803009	0.769213	0.952678	0.805780	0.840968	0.946461	0.571340	0.303762	0.779839	0.211622	0.347724	0.739023	0.076538	0.281543	0.006681	0.189239	0.990525	0.500971	0.509458	0.496244	0.894524	0.399597	0.828169	0.783909	0.656024	0.267722	0.569827	0.813206	0.097594	0.308991	0.129945	0.913966	0.456683	0.063672	0.721687	0.316566	0.002620	0.082074	0.419522	0.438798	0.861514	0.079295	0.713266	0.077705	0.987250	0.915136	0.884926	
0.237664	0.244038	0.307749	0.861251	0.581935	0.340478	0.694661	0.529993	0.835546	0.839979	0.822847	0.807342	0.364105	0.287248	0.911787	0.108343	0.513783	0.450787	0.318106	0.445848	0.175910	0.564051	0.546325	0.004030	0.485550	0.296711	0.397255	0.208950	0.898645	0.040601	0.668372	0.959884	0.501325	0.003688	0.722710	0.719472	0.235861	0.769191	0.377566	0.164056	0.617231	0.171515	0.564820	0.775846	0.876662	0.273898	0.965391	0.727190	
0.644453	0.286147	0.180414	0.265783	0.289141	0.198461	0.808195	0.529825	0.823285	0.439912	0.081804	0.851571	0.032206	0.503500	0.359250	0.464314	0.961569	0.370865	0.756080	0.558257	0.671622	0.711929	0.119235	0.905243	0.943093	0.330625	0.560914	0.983362	0.307665	0.590718	0.717553	0.670618	0.805493	0.821104	0.678131	0.606793	0.136080	0.829570	0.560476	0.197836	0.079969	0.528465	0.710657	0.234003	0.998690	0.685237	0.879753	0.395365	
0.397338	0.246818	0.595831	0.425222	0.172333	0.987226	0.989605	0.236377	0.713523	0.710456	0.276669	0.442501	0.769180	0.991602	0.483592	0.334178	0.603436	0.956399	0.434606	0.931178	0.636413	0.339747	0.103466	0.695592	0.340965	0.241169	0.350508	0.892993	0.811407	0.768620	0.271563	0.175929	0.683793	0.074266	0.513949	0.725338	0.923849	0.776381	0.641209	0.844304	0.878021	0.599809	0.769142	0.348217	0.377398	0.875549	0.219635	0.523959	
0.183806	0.021827	0.603669	0.848118	0.812251	0.554833	0.096471	0.435635	0.484610	0.203021	0.528246	0.834302	0.668075	0.554604	0.761329	0.791137	0.676788	0.642891	0.560130	0.807975	0.115507	0.825840	0.761946	0.186471	0.296919	0.500307	0.940730	0.730809	0.044459	0.496514	0.363975	0.750924	0.100616	0.321221	0.884824	0.033126	0.492005	0.212310	0.120441	0.500505	0.788273	0.242525	0.335421	0.337808	0.258746	0.185669	0.121973	0.663485	
0.330409	0.883334	0.113901	0.215565	0.775425	0.859856	0.826656	0.313226	0.361174	0.343931	0.529084	0.076476	0.516060	0.410551	0.198738	0.860622	0.058741	0.744381	0.660415	0.778549	0.387821	0.331706	0.998767	0.829405	0.200683	0.056537	0.855075	0.517597	0.395158	0.009169	0.002184	0.123044	0.613746	0.233569	0.827371	0.710001	0.650523	0.429669	0.686639	0.009233	0.432410	0.617089	0.198783	0.658620	0.062834	0.187837	0.537579	0.125945	
0.178306	0.425486	0.371632	0.220869	0.177195	0.671446	0.909611	0.751156	0.746448	0.629506	0.502932	0.539172	0.955915	0.630785	0.037890	0.644819	0.116244	0.221873	0.205792	0.510030	0.093280	0.246821	0.862155	0.344913	0.366223	0.553834	0.262545	0.434921	0.820015	0.711953	0.822436	0.074101	0.427077	0.426555	0.738717	0.015856	0.118062	0.834889	0.260654	0.588820	0.154221	0.496032	0.235660	0.635225	0.996659	0.913580	0.703950	0.757775	
0.283656	0.763896	0.120916	0.854369	0.042428	0.219195	0.869059	0.929959	0.950670	0.440046	0.356944	0.242005	0.422450	0.172698	0.143267	0.257427	0.114803	0.449295	0.801074	0.474697	0.992922	0.146584	0.501907	0.885261	0.502534	0.638907	0.400577	0.213082	0.036498	0.949427	0.316254	0.606687	0.228177	0.666776	0.359646	0.872752	0.835364	0.214548	0.095879	0.789848	0.425115	0.457892	0.309668	0.648719	0.056755	0.525931	0.805000	0.804065	
0.188600	0.062428	0.612314	0.900813	0.954517	0.784950	0.215169	0.648809	0.003554	0.465976	0.777675	0.659388	0.712841	0.207438	0.317937	0.551019	0.482345	0.054782	0.548627	0.542337	0.070955	0.553539	0.902086	0.926408	0.309050	0.218861	0.507079	0.921155	0.063568	0.737763	0.140097	0.888041	0.902228	0.717101	0.898417	0.954000	0.586725	0.255495	0.709887	0.394450	0.574287	0.105662	0.491561	0.301288	0.155410	0.936633	0.327832	0.917949	
0.767496	0.680916	0.894489	0.635284	0.142455	0.970025	0.072682	0.871279	0.977787	0.728336	0.003757	0.024476	0.068674	0.454674	0.785782	0.626566	0.007674	0.219190	0.942398	0.383377	0.745252	0.937194	0.717878	0.464903	0.785414	0.165012	0.222863	0.948338	0.150597	0.688043	0.775636	0.489656	0.622092	0.685473	0.563319	0.649342	0.422253	0.126504	0.395009	0.835795	0.784646	0.969593	0.190295	0.299046	0.320944	0.277270	0.301698	0.879890	
0.475771	0.488279	0.634214	0.347661	0.724157	0.196597	0.065572	0.299589	0.033198	0.857728	0.187113	0.564385	0.143862	0.604636	0.608580	0.369350	0.049890	0.123441	0.995250	0.740571	0.945267	0.838573	0.969559	0.861058	0.407344	0.226251	0.875559	0.102514	0.632290	0.464983	0.191677	0.325221	0.691962	0.925672	0.919765	0.406620	0.603411	0.875871	0.383356	0.575727	0.455715	0.385157	0.592613	0.350697	0.194821	0.465773	0.650012	0.628065	

Printing Matrix B
0.944085	0.630195	0.382410	0.355049	0.845800	0.137667	0.110603	0.231521	0.130755	0.850926	0.041729	0.771307	0.454587	0.282200	0.616720	0.194344	0.046721	0.528577	0.007066	0.232558	0.601133	0.230936	0.083915	0.671704	0.862538	0.623999	0.801562	0.439960	0.955157	0.081099	0.560776	0.132683	0.099981	0.036629	0.544885	0.959914	0.639411	0.857755	0.653307	0.937995	0.052089	0.420113	0.957299	0.109800	0.582232	0.484334	0.466341	0.750505	
0.278276	0.673370	0.056320	0.969179	0.824135	0.419056	0.356393	0.993288	0.919045	0.262133	0.273472	0.788801	0.562832	0.998712	0.890151	0.595496	0.536351	0.991588	0.902151	0.288402	0.787701	0.203728	0.064510	0.552577	0.610416	0.859900	0.186643	0.739593	0.921835	0.778648	0.487522	0.980413	0.643010	0.616545	0.932768	0.271447	0.612406	0.864564	0.672191	0.660472	0.231851	0.166495	0.169072	0.167969	0.644393	0.902894	0.320761	0.155788	
0.855308	0.508932	0.677280	0.508546	0.255554	0.966602	0.790251	0.210351	0.147446	0.440595	0.282934	0.407426	0.555180	0.059241	0.193626	0.839713	0.987363	0.837010	0.129024	0.954329	0.718666	0.312323	0.548005	0.531018	0.899520	0.011969	0.580176	0.109780	0.729715	0.011298	0.384051	0.972274	0.199655	0.036057	0.154840	0.713258	0.911317	0.382422	0.548255	0.154774	0.885052	0.630230	0.586139	0.600585	0.909032	0.239194	0.462894	0.664497	
0.020753	0.991229	0.690941	0.049098	0.730067	0.061581	0.344960	0.726098	0.383098	0.695241	0.096338	0.285090	0.907710	0.298454	0.735752	0.033152	0.663506	0.932097	0.728867	0.956704	0.412716	0.737257	0.234639	0.987689	0.819683	0.586974	0.978757	0.921392	0.396347	0.257070	0.182797	0.888604	0.314602	0.200749	0.801896	0.502403	0.175738	0.972289	0.703016	0.028114	0.642908	0.438721	0.487151	0.508132	0.579959	0.015598	0.055423	0.609059	
0.724902	0.413494	0.967261	0.741411	0.155558	0.553376	0.673678	0.381272	0.196578	0.938252	0.180106	0.567227	0.211585	0.522822	0.487027	0.637033	0.941690	0.738727	0.966424	0.051950	0.193838	0.980555	0.186816	0.184103	0.181821	0.067123	0.568738	0.121993	0.217175	0.047331	0.776696	0.916131	0.734890	0.627337	0.134996	0.823296	0.284613	0.196351	0.165679	0.854824	0.502809	0.709428	0.556297	0.851870	0.476236	0.477674	0.583564	0.971319	
0.048662	0.019769	0.277943	0.512493	0.646916	0.033986	0.089299	0.160095	0.810756	0.663654	0.700943	0.140525	0.414726	0.430112	0.012003	0.316745	0.000086	0.244324	0.179578	0.840585	0.465662	0.639088	0.763379	0.147068	0.668705	0.941188	0.326247	0.546827	0.699911	0.739263	0.378370	0.772579	0.392521	0.656485	0.773721	0.398592	0.371639	0.794344	0.836862	0.709154	0.752134	0.875215	0.732054	0.819354	0.398981	0.143879	0.614625	0.155807	
0.933362	0.579245	0.309361	0.946465	0.015517	0.816019	0.682221	0.357945	0.175515	0.512737	0.655202	0.339534	0.890709	0.831535	0.399871	0.512480	0.799634	0.040315	0.069562	0.789996	0.727590	0.937457	0.131188	0.844166	0.528563	0.214272	0.688994	0.237949	0.037219	0.085036	0.056826	0.770322	0.689241	0.965456	0.797418	0.843882	0.361468	0.934818	0.076741	0.799359	0.135887	0.789069	0.567437	0.404583	0.096501	0.041745	0.087136	0.009787	
0.622704	0.535180	0.730696	0.945129	0.160401	0.584819	0.658931	0.842445	0.397809	0.619699	0.658531	0.569902	0.513901	0.908358	0.423714	0.377414	0.893389	0.466540	0.291657	0.716248	0.291616	0.689199	0.685246	0.745366	0.163158	0.048301	0.389346	0.576721	0.229850	0.504284	0.403225	0.699981	0.794293	0.920699	0.578190	0.538006	0.938014	0.820355	0.758849	0.706315	0.930784	0.743696	0.372819	0.223377	0.805497	0.256232	0.609358	0.505336	
0.122735	0.489600	0.062982	0.570732	0.254811	0.624255	0.956807	0.935667	0.085186	0.207721	0.999781	0.060674	0.158758	0.014000	0.273120	0.171768	0.945371	0.096781	0.688974	0.009348	0.058600	0.957445	0.964174	0.902998	0.572476	0.507366	0.541817	0.377535	0.884947	0.468691	0.910870	0.553923	0.301826	0.864593	0.318216	0.934585	0.507545	0.392223	0.785142	0.521079	0.405940	0.929875	0.596486	0.648332	0.698944	0.639500	0.757482	0.466056	
0.844126	0.050108	0.204591	0.539159	0.876724	0.183855	0.226604	0.019484	0.733380	0.580301	0.256768	0.811298	0.345655	0.565527	0.644221	0.162445	0.362232	0.650690	0.197247	0.278959	0.121232	0.735836	0.167748	0.980380	0.704679	0.230993	0.789314	0.917159	0.493089	0.238106	0.514269	0.625657	0.613105	0.443324	0.466197	0.884322	0.185097	0.935265	0.375478	0.253972	0.476326	0.041604	0.527256	0.400608	0.441449	0.157654	0.039265	0.832220	
0.059659	0.462721	0.997826	0.113285	0.967201	0.535768	0.964194	0.422836	0.274705	0.706159	0.423203	0.822305	0.745481	0.820371	0.763270	0.437116	0.928134	0.348785	0.246880	0.108883	0.510619	0.556760	0.434391	0.915333	0.444036	0.511056	0.728258	0.731890	0.313320	0.258485	0.204851	0.899519	0.595437	0.058945	0.710374	0.056398	0.812479	0.695806	0.592754	0.955965	0.232630	0.904028	0.800382	0.434627	0.188179	0.190292	0.388713	0.526015	
0.338116	0.826467	0.752789	0.269483	0.496023	0.812138	0.576429	0.125568	0.235124	0.769948	0.665515	0.149208	0.897687	0.246724	0.429310	0.270549	0.357700	0.815916	0.979881	0.675757	0.050689	0.564682	0.255997	0.436176	0.719846	0.526627	0.410699	0.239054	0.015334	0.594785	0.258518	0.212071	0.962351	0.726707	0.113385	0.418136	0.890358	0.791191	0.673068	0.637476	0.433491	0.778273	0.839938	0.152576	0.503105	0.299916	0.612696	0.377841	
0.539973	0.517278	0.507011	0.817433	0.918232	0.543724	0.835992	0.984213	0.345303	0.113673	0.779813	0.040513	0.013610	0.044542	0.852416	0.201352	0.526931	0.045748	0.654044	0.431311	0.471805	0.163576	0.156235	0.577280	0.910275	0.686778	0.957202	0.973007	0.067720	0.597118	0.439933	0.312525	0.517101	0.000807	0.221454	0.743421	0.407153	0.001056	0.054787	0.064925	0.269289	0.655150	0.478995	0.197304	0.645707	0.466851	0.592893	0.052504	
0.137649	0.281138	0.485428	0.052362	0.931557	0.455968	0.631754	0.951406	0.272597	0.127534	0.234714	0.298306	0.119259	0.966060	0.544532	0.822145	0.071874	0.041284	0.127843	0.449883	0.147065	0.045745	0.426745	0.679862	0.603707	0.450933	0.132233	0.718841	0.514396	0.963644	0.703465	0.741109	0.889073	0.332642	0.876040	0.076317	0.688376	0.801924	0.119213	0.814463	0.289182	0.561341	0.014635	0.672906	0.965084	0.587958	0.422339	0.443889	
0.111461	0.328328	0.559055	0.010607	0.526707	0.362553	0.294317	0.368841	0.442412	0.004913	0.210366	0.986077	0.314370	0.844000	0.903103	0.048121	0.064419	0.002066	0.781095	0.870906	0.825204	0.953723	0.410474	0.703020	0.252747	0.309932	0.385753	0.638562	0.870045	0.436833	0.770451	0.787713	0.861404	0.458345	0.802450	0.950301	0.562710	0.747175	0.226588	0.826069	0.158128	0.942447	0.432011	0.244004	0.063571	0.075205	0.165790	0.668892	
0.652695	0.669692	0.456488	0.082800	0.524017	0.992381	0.280169	0.229939	0.954453	0.982178	0.753394	0.688520	0.907018	0.650988	0.626642	0.100003	0.447117	0.734483	0.389688	0.922804	0.647257	0.664309	0.733636	0.365722	0.066633	0.074552	0.574081	0.636993	0.526797	0.553908	0.607861	0.432776	0.423606	0.958584	0.984541	0.726999	0.796573	0.559224	0.285556	0.218297	0.272846	0.172217	0.055921	0.328027	0.097192	0.736157	0.535846	0.760031	
0.336192	0.772745	0.600004	0.952531	0.891052	0.926785	0.436700	0.528798	0.437932	0.556473	0.510226	0.076572	0.766435	0.312470	0.981662	0.261732	0.791117	0.638586	0.534221	0.787697	0.102871	0.601882	0.859566	0.249117	0.831696	0.791351	0.690090	0.949339	0.680651	0.758805	0.334311	0.980166	0.055014	0.516549	0.209869	0.014509	0.018729	0.852311	0.747071	0.175792	0.907018	0.920689	0.835066	0.053633	0.131838	0.178030	0.832976	0.591578	
0.776948	0.477225	0.412373	0.299557	0.108125	0.309397	0.253296	0.433963	0.452333	0.757422	0.224681	0.803116	0.623494	0.822668	0.139341	0.344460	0.522372	0.903106	0.313419	0.365848	0.354531	0.276740	0.160435	0.768140	0.065356	0.900167	0.336617	0.646556	0.684428	0.416581	0.883469	0.740059	0.582725	0.340587	0.845828	0.317688	0.381680	0.808185	0.305131	0.154883	0.101887	0.660524	0.758332	0.398615	0.776303	0.266530	0.576236	0.065614	
0.649754	0.055104	0.112637	0.695940	0.967219	0.036432	0.080449	0.642837	0.246365	0.620839	0.610440	0.447458	0.834649	0.046515	0.720577	0.569845	0.518331	0.865912	0.997742	0.125284	0.065977	0.237311	0.353032	0.328762	0.183509	0.604094	0.969055	0.180692	0.765541	0.214590	0.339337	0.856449	0.409385	0.488635	0.284214	0.372087	0.775636	0.496617	0.489546	0.728064	0.774980	0.467004	0.383711	0.547740	0.874902	0.635370	0.546765	0.071906	
0.214181	0.363276	0.174461	0.848585	0.344762	0.078764	0.170581	0.507363	0.138988	0.689596	0.622063	0.671951	0.999665	0.711204	0.799141	0.502580	0.343652	0.511716	0.601219	0.468210	0.705504	0.780289	0.353803	0.821645	0.262020	0.015490	0.748577	0.381047	0.994763	0.294672	0.875361	0.807226	0.663108	0.737126	0.679244	0.210308	0.752309	0.260833	0.278250	0.598903	0.593719	0.424352	0.301834	0.090538	0.897650	0.090501	0.182462	0.992024	
0.216669	0.109897	0.934485	0.280661	0.310803	0.792906	0.623971	0.129323	0.006202	0.559986	0.359074	0.604632	0.035733	0.029735	0.592859	0.063764	0.750909	0.705440	0.493866	0.372188	0.527594	0.393722	0.556903	0.369255	0.076720	0.871140	0.579765	0.692519	0.170904	0.833692	0.744014	0.573290	0.071117	0.180316	0.264830	0.369652	0.717598	0.943989	0.286419	0.837606	0.242486	0.798934	0.184518	0.437748	0.213707	0.119185	0.168895	0.452644	
0.971206	0.804994	0.185464	0.028460	0.938020	0.177564	0.285694	0.587579	0.723917	0.350430	0.877966	0.263857	0.059617	0.049394	0.075518	0.468524	0.134998	0.282760	0.448165	0.223524	0.283669	0.610625	0.416258	0.097543	0.584717	0.048610	0.236150	0.554357	0.695510	0.524279	0.105789	0.817751	0.266321	0.561248	0.411731	0.100670	0.185861	0.264764	0.909499	0.742294	0.810280	0.956899	0.103371	0.342196	0.115007	0.569908	0.859278	0.461581	
0.488171	0.840084	0.807602	0.595303	0.652050	0.595581	0.222374	0.055764	0.128779	0.079083	0.523919	0.031031	0.287754	0.859721	0.988599	0.272631	0.344132	0.376672	0.053470	0.145196	0.832042	0.267068	0.078653	0.087069	0.335496	0.439582	0.587431	0.498341	0.071552	0.022217	0.679364	0.536921	0.407563	0.175230	0.885569	0.166553	0.061203	0.772026	0.756454	0.347288	0.025247	0.951366	0.257483	0.487863	0.807769	0.389185	0.804928	0.510629	
0.839700	0.673525	0.006285	0.442879	0.273699	0.207344	0.074001	0.122104	0.341502	0.711926	0.523177	0.928019	0.709869	0.818078	0.243310	0.727289	0.014565	0.808279	0.240892	0.088338	0.466064	0.544745	0.850314	0.639313	0.740319	0.790801	0.551028	0.594440	0.036024	0.775695	0.741225	0.362345	0.903798	0.776640	0.421781	0.659282	0.160660	0.427910	0.870875	0.202790	0.418462	0.874689	0.712411	0.230387	0.881647	0.027769	0.509067	0.378661	
0.560737	0.557555	0.020279	0.870363	0.420864	0.191912	0.365496	0.902933	0.388293	0.753447	0.246750	0.849139	0.989917	0.751268	0.267022	0.911848	0.285231	0.810277	0.686241	0.486448	0.978913	0.398843	0.073063	0.128367	0.079397	0.562061	0.865649	0.454544	0.288108	0.354549	0.335742	0.382888	0.735801	0.926483	0.873805	0.529146	0.091293	0.197128	0.229765	0.625713	0.207310	0.635309	0.598973	0.928525	0.295665	0.442211	0.549472	0.252381	
0.018264	0.707314	0.591796	0.744788	0.164449	0.847444	0.267412	0.703376	0.660930	0.547681	0.428537	0.146985	0.759281	0.355610	0.414294	0.594025	0.786855	0.324628	0.537799	0.061738	0.011332	0.096463	0.382339	0.753465	0.138523	0.303172	0.777352	0.291264	0.039352	0.845385	0.254865	0.886205	0.740749	0.420370	0.280248	0.980797	0.391291	0.570323	0.877099	0.816899	0.624934	0.582683	0.570228	0.938920	0.520820	0.063227	0.223715	0.817404	
0.160265	0.243014	0.719883	0.732093	0.301071	0.884803	0.626204	0.193792	0.821773	0.653425	0.650422	0.001582	0.376649	0.946927	0.014242	0.564830	0.002105	0.615020	0.031654	0.833161	0.649529	0.510895	0.419667	0.526871	0.481162	0.633441	0.772640	0.302825	0.699832	0.749654	0.014083	0.888580	0.122327	0.738177	0.850714	0.486707	0.289303	0.775976	0.702289	0.950409	0.483143	0.315035	0.218872	0.405072	0.867612	0.632777	0.469210	0.897884	
0.024958	0.745518	0.207399	0.375914	0.229826	0.205671	0.454737	0.115566	0.739929	0.193663	0.048461	0.877505	0.753461	0.797768	0.031640	0.814208	0.331713	0.932270	0.791950	0.035813	0.460075	0.953892	0.397564	0.852693	0.500059	0.096295	0.645090	0.464593	0.484083	0.621222	0.958014	0.572321	0.995155	0.828839	0.812776	0.808882	0.106137	0.187663	0.832233	0.641194	0.086711	0.880812	0.711289	0.130353	0.607767	0.711095	0.187005	0.855508	
0.788007	0.969266	0.548999	0.873634	0.540922	0.158836	0.101653	0.705447	0.537519	0.920166	0.931664	0.444180	0.802094	0.105212	0.438690	0.171258	0.645066	0.827481	0.918672	0.849201	0.762412	0.832749	0.808067	0.052429	0.124455	0.594394	0.023113	0.595551	0.193847	0.814305	0.661483	0.859235	0.126087	0.500614	0.387831	0.504353	0.357851	0.014308	0.875299	0.511504	0.039331	0.055874	0.144471	0.887651	0.352187	0.970856	0.687519	0.320219	
0.516807	0.858366	0.170648	0.054880	0.699822	0.694417	0.135924	0.574875	0.311819	0.237699	0.282173	0.794608	0.827306	0.648030	0.595554	0.328432	0.789082	0.016999	0.549518	0.488229	0.141066	0.824461	0.388567	0.452246	0.030084	0.156675	0.815294	0.946617	0.716746	0.157425	0.562896	0.424662	0.672656	0.311707	0.513540	0.471514	0.982581	0.931597	0.695311	0.071534	0.073787	0.037651	0.179492	0.531681	0.578915	0.208539	0.174964	0.493788	
0.074862	0.069793	0.605430	0.243008	0.837282	0.959159	0.558447	0.257987	0.258902	0.521315	0.279907	0.334632	0.742103	0.000632	0.176373	0.764686	0.299914	0.839638	0.375787	0.493355	0.257250	0.745661	0.483207	0.447932	0.299287	0.180503	0.022244	0.438015	0.058307	0.681414	0.933067	0.485916	0.280579	0.138325	0.408199	0.869434	0.084195	0.481147	0.618744	0.309511	0.898325	0.497225	0.005149	0.684916	0.373888	0.298136	0.812429	0.539936	
0.109605	0.749374	0.309942	0.183253	0.233905	0.961538	0.593478	0.770680	0.761062	0.412372	0.203146	0.829667	0.463617	0.883988	0.911855	0.369055	0.102185	0.539264	0.737238	0.806264	0.386917	0.823791	0.038850	0.472199	0.862377	0.566124	0.981859	0.642556	0.523594	0.721522	0.950468	0.456909	0.209006	0.464780	0.718690	0.917386	0.038846	0.086003	0.335649	0.877609	0.442774	0.263549	0.839524	0.870110	0.432649	0.798567	0.682209	0.435770	
0.251649	0.837459	0.171595	0.075947	0.496023	0.288137	0.720152	0.029698	0.609479	0.587560	0.199352	0.812121	0.049301	0.015118	0.866163	0.622724	0.351438	0.088151	0.215028	0.733474	0.326048	0.542722	0.187356	0.209127	0.865668	0.245838	0.254355	0.697020	0.668646	0.035166	0.163026	0.652622	0.118074	0.037497	0.904871	0.044152	0.792581	0.277120	0.159295	0.776772	0.282933	0.089982	0.080568	0.840945	0.499140	0.284023	0.534002	0.176630	
0.677418	0.985177	0.985098	0.813208	0.616203	0.757616	0.576574	0.800461	0.556998	0.396794	0.677445	0.386780	0.113850	0.838750	0.607448	0.299927	0.229506	0.867155	0.314433	0.992283	0.770690	0.706135	0.284288	0.206771	0.397038	0.478852	0.841304	0.251068	0.536435	0.603005	0.105197	0.428750	0.188036	0.549308	0.976267	0.433106	0.291490	0.094222	0.645837	0.417063	0.904557	0.117358	0.761547	0.701015	0.458244	0.441866	0.206953	0.898145	
0.166520	0.897459	0.989044	0.889745	0.469806	0.856311	0.284959	0.158518	0.169289	0.935377	0.644302	0.228818	0.940413	0.665987	0.541300	0.542356	0.011585	0.850607	0.770380	0.281162	0.724318	0.355828	0.410846	0.198793	0.790222	0.510971	0.770563	0.537069	0.410473	0.858343	0.767189	0.659592	0.840513	0.779402	0.250550	0.851078	0.198036	0.984145	0.721252	0.189017	0.317109	0.945997	0.439776	0.798648	0.686123	0.802021	0.057690	0.232085	
0.971812	0.509096	0.072050	0.197230	0.567081	0.878967	0.364313	0.799805	0.767971	0.769094	0.228868	0.057995	0.224733	0.368302	0.321629	0.180626	0.611873	0.515802	0.049897	0.954008	0.894407	0.905310	0.900959	0.940141	0.450917	0.876677	0.276977	0.594777	0.794688	0.784134	0.563466	0.409758	0.654483	0.859262	0.638592	0.321357	0.646246	0.791719	0.931782	0.216136	0.441095	0.062485	0.027484	0.219782	0.620341	0.938489	0.968676	0.359146	
0.273807	0.327538	0.031680	0.445398	0.875561	0.225132	0.968977	0.190042	0.534079	0.128144	0.909788	0.383735	0.351843	0.713935	0.670471	0.943677	0.291490	0.856678	0.920110	0.001096	0.539193	0.603015	0.667494	0.918242	0.045583	0.763137	0.394313	0.485500	0.469097	0.066675	0.272516	0.083847	0.281567	0.887176	0.242600	0.997349	0.114499	0.289962	0.393420	0.983567	0.254590	0.394375	0.893577	0.395059	0.079309	0.502242	0.472085	0.915832	
0.526613	0.955329	0.691281	0.551005	0.553041	0.587773	0.049172	0.385465	0.318045	0.952665	0.659714	0.574296	0.809458	0.090849	0.662627	0.035195	0.809690	0.958452	0.943202	0.306750	0.350425	0.442705	0.465864	0.703359	0.608009	0.995531	0.003749	0.006745	0.646364	0.094749	0.104276	0.498230	0.120469	0.414937	0.966140	0.559915	0.616210	0.716163	0.830790	0.865983	0.075546	0.706520	0.431340	0.892501	0.810860	0.386696	0.117195	0.829102	
0.341609	0.301336	0.965725	0.624315	0.863871	0.664010	0.760000	0.133459	0.391507	0.914841	0.553245	0.900552	0.794592	0.279241	0.172174	0.149451	0.352381	0.821533	0.312039	0.900041	0.786325	0.870571	0.094044	0.381871	0.844010	0.308398	0.104053	0.761360	0.496198	0.810432	0.148944	0.182156	0.410671	0.819431	0.449536	0.898620	0.283523	0.782186	0.773221	0.863117	0.460768	0.014486	0.380464	0.463466	0.816448	0.545034	0.233782	0.466716	
0.730878	0.367163	0.005619	0.416275	0.034974	0.666708	0.362517	0.425426	0.701339	0.388105	0.215759	0.958466	0.125469	0.997598	0.230690	0.003703	0.750461	0.141983	0.636648	0.045221	0.756718	0.479817	0.241754	0.942520	0.345155	0.024896	0.182196	0.593120	0.486863	0.666915	0.055032	0.679122	0.041483	0.561572	0.379362	0.349753	0.318722	0.255315	0.734813	0.503568	0.528461	0.640883	0.511827	0.018322	0.824721	0.716243	0.355854	0.685245	
0.216469	0.075469	0.853611	0.731911	0.254792	0.732808	0.185062	0.069574	0.764842	0.424180	0.944459	0.275359	0.127738	0.648933	0.386967	0.880930	0.580995	0.199267	0.381621	0.606939	0.918404	0.626018	0.576124	0.816989	0.406049	0.617634	0.683670	0.119688	0.884595	0.294999	0.102798	0.874999	0.132328	0.118399	0.005444	0.150362	0.065085	0.027315	0.471973	0.982175	0.085473	0.228529	0.492802	0.580550	0.116837	0.648960	0.051478	0.903428	
0.598225	0.697755	0.747165	0.527518	0.624498	0.453460	0.399137	0.974492	0.035444	0.253752	0.551238	0.905644	0.709851	0.887709	0.078563	0.945136	0.812964	0.280457	0.491009	0.372380	0.362809	0.211978	0.261475	0.246555	0.389492	0.825165	0.334609	0.608805	0.285413	0.805789	0.287651	0.040763	0.393816	0.660745	0.129196	0.000332	0.858966	0.253950	0.398781	0.417360	0.000812	0.729003	0.973333	0.379880	0.834322	0.622721	0.936593	0.222589	
0.984705	0.215233	0.916459	0.605906	0.427875	0.895866	0.360362	0.614928	0.555751	0.696595	0.681739	0.787830	0.262145	0.638033	0.074036	0.529148	0.743956	0.172643	0.959946	0.435840	0.638406	0.214477	0.644932	0.359942	0.173336	0.729767	0.133013	0.371135	0.928148	0.593896	0.869790	0.060926	0.867425	0.274161	0.012118	0.215192	0.041707	0.649291	0.259074	0.887322	0.065770	0.287485	0.134686	0.593941	0.667789	0.065019	0.310881	0.151325	
0.359514	0.005677	0.135487	0.022155	0.650538	0.863834	0.680679	0.342021	0.368246	0.945231	0.288126	0.565766	0.727009	0.493494	0.756730	0.216196	0.070305	0.487875	0.442742	0.382987	0.181476	0.002892	0.997978	0.608603	0.974419	0.869155	0.093006	0.218460	0.065706	0.857905	0.356772	0.938680	0.295974	0.632869	0.936586	0.831997	0.262677	0.980217	0.179802	0.626877	0.142655	0.416766	0.930953	0.055675	0.347179	0.819095	0.987681	0.131027	
0.184330	0.022372	0.779751	0.238978	0.689258	0.303082	0.808015	0.023280	0.425991	0.186330	0.075271	0.353603	0.155586	0.126400	0.930473	0.426922	0.021323	0.235719	0.303664	0.843502	0.693892	0.861981	0.076543	0.452577	0.325306	0.859479	0.880912	0.823027	0.385780	0.179765	0.206854	0.431057	0.055982	0.029251	0.141473	0.352567	0.019336	0.337272	0.099809	0.598413	0.428755	0.825692	0.670974	0.346166	0.598146	0.373008	0.132618	0.033177	
0.470841	0.548245	0.935180	0.447678	0.115361	0.050396	0.574798	0.640284	0.106701	0.313222	0.114695	0.834430	0.185319	0.517842	0.011504	0.506536	0.613447	0.094659	0.955594	0.503144	0.327287	0.286124	0.202348	0.905639	0.392384	0.086725	0.878249	0.219921	0.128593	0.381504	0.288782	0.622442	0.942822	0.450856	0.259438	0.969371	0.507539	0.488811	0.181903	0.018937	0.613312	0.081367	0.026817	0.555128	0.039050	0.295507	0.824673	0.230060	
0.635050	0.665912	0.634916	0.481214	0.890779	0.852342	0.364475	0.646969	0.976941	0.469348	0.029624	0.159167	0.961109	0.396506	0.372624	0.553277	0.307482	0.902163	0.854473	0.084852	0.353402	0.817934	0.808473	0.695665	0.193239	0.789171	0.189488	0.291537	0.403012	0.936378	0.314609	0.783310	0.708846	0.564489	0.068850	0.308571	0.586536	0.140130	0.591407	0.180423	0.000807	0.007509	0.917931	0.340891	0.987089	0.096580	0.766926	0.923790	
0.565364	0.039090	0.137621	0.056467	0.474165	0.119166	0.032391	0.850219	0.269182	0.223493	0.156774	0.508057	0.841654	0.445561	0.484527	0.084351	0.857629	0.684104	0.471102	0.719407	0.937168	0.010840	0.138162	0.002758	0.718786	0.594457	0.790635	0.019422	0.707150	0.240870	0.834333	0.241567	0.448663	0.687213	0.666243	0.865032	0.245193	0.572970	0.736929	0.790700	0.801978	0.331275	0.487671	0.224903	0.815679	0.386498	0.790994	0.341974	

Printing Matrix C
11.693044	11.661547	13.305882	11.999739	13.095754	14.523828	12.132701	11.363721	10.830307	13.621473	11.867869	13.340168	12.734612	13.294344	12.501273	10.607595	12.609971	12.729571	12.027032	13.429410	12.761138	14.238402	11.189037	13.463147	11.757736	12.287657	13.678342	13.038394	13.280326	12.524208	12.899163	15.895950	11.673389	12.692353	13.678252	13.706145	11.471365	14.589864	13.018767	14.967700	10.685975	14.114884	12.183524	11.643506	14.627723	10.247276	12.305489	12.840389	
12.761538	13.830737	13.419771	13.703574	14.975199	14.498424	12.470599	13.997572	12.034671	15.628687	12.807922	14.041649	15.452225	14.068697	12.552324	11.914232	13.699007	15.800897	14.488452	13.866039	14.268446	14.601435	11.531077	14.756978	12.822033	13.326262	15.408229	13.285986	13.264914	13.997403	12.796515	16.798287	13.212133	14.870424	15.151388	15.952109	12.178389	15.157008	15.150688	15.589746	11.902769	13.452647	12.831103	13.118315	14.565084	12.399686	13.532852	13.928615	
12.197481	12.812090	11.479916	11.787624	13.506832	13.477537	11.611512	12.146844	11.428247	12.928745	10.731461	12.908358	12.607075	13.173656	12.405889	10.949469	11.125516	13.265770	12.685347	12.440420	13.018363	13.451697	9.605486	14.598492	12.298742	11.800446	13.727211	12.598131	11.629054	12.359470	11.200271	15.083287	12.244634	12.534021	13.394525	14.844295	10.261690	13.733089	13.211388	14.409777	10.750165	13.042376	12.304287	11.098332	12.892350	10.603581	12.037531	12.141357	
10.737690	12.911340	12.819314	12.059752	13.122690	12.436908	10.677701	11.465982	11.673510	13.381463	10.292361	13.621286	13.621001	14.041315	12.713292	10.532865	11.937496	13.419248	12.838958	12.438596	13.358673	13.637394	9.871443	13.140894	11.136069	12.019399	13.893653	12.482178	12.364652	12.289945	11.189239	15.513682	11.375126	12.540649	13.832918	12.285164	10.443353	12.905380	13.225087	14.714313	9.564876	12.092359	12.037004	11.146127	13.676492	10.402749	11.513491	13.421347	
11.686979	13.832318	12.557079	12.397188	14.988027	12.707163	11.566020	12.492750	10.945775	13.455003	11.516433	13.156955	14.025026	13.176913	13.377082	11.083071	11.918404	13.656194	13.157348	13.234335	12.723060	14.157852	9.969504	14.045215	13.479074	12.948509	14.115189	13.510854	11.898217	12.349963	11.307130	15.942605	12.130150	12.789397	14.522231	13.741075	11.299252	14.590712	13.899488	13.950590	10.365005	13.273284	12.220372	12.273152	14.316624	11.617129	12.516484	11.505871	
11.680640	12.488569	11.505751	11.452568	13.062890	12.409627	10.127852	12.174578	10.906040	13.010120	10.930184	13.120911	13.775893	13.570426	11.972031	10.328365	12.287995	12.447907	12.783773	11.941033	12.396195	14.285757	10.623735	14.013951	10.915838	11.531281	13.227100	13.197495	11.615393	12.755282	12.158612	16.095881	12.990395	13.405391	13.125591	13.695058	11.446247	14.806878	13.850223	13.813012	10.178516	13.593695	11.332124	11.346099	13.642288	9.661479	11.917762	12.451092	
10.834223	13.131426	12.344802	11.661715	12.409700	12.889984	10.941301	11.304574	11.492690	13.509635	11.347619	12.661661	13.062565	13.165204	12.282044	10.133074	12.277238	13.179434	12.787227	13.311890	13.582768	14.503629	10.001036	13.344149	11.732649	10.977385	12.710650	11.951655	12.842537	11.230749	11.262882	15.386901	11.656144	12.931185	13.939829	12.781022	10.165134	13.144686	13.285864	14.386313	10.531274	12.553278	10.669300	11.936671	12.796106	10.290325	10.536413	12.556067	
11.637068	12.430437	12.400004	11.949256	14.682761	13.073040	11.628591	12.507977	12.332712	13.154698	12.242024	14.131106	13.357355	14.628131	12.979872	11.154612	12.451959	13.765816	12.866067	12.932509	14.084670	14.179076	10.831354	14.999538	12.273346	13.884078	14.289458	14.068124	13.776988	13.064611	13.374066	15.758502	11.949427	12.996777	14.672398	14.624469	11.328927	14.443264	14.397000	15.461877	9.757723	13.176643	12.485078	11.964575	14.513254	12.341000	13.238528	12.827138	
10.840338	12.187505	11.271732	10.644238	12.192176	12.898669	10.292566	10.008101	10.738915	12.745478	11.063403	11.919634	11.118114	10.967894	11.286508	8.864495	10.137112	12.505514	11.848446	11.527626	11.741302	13.218063	10.816757	12.649866	11.488919	12.254619	11.374219	12.213098	12.525494	12.230792	11.829868	13.438514	10.702761	11.402793	11.897497	12.227075	10.094387	12.506812	12.565740	12.711451	8.381669	11.837308	10.591109	10.548273	12.892131	9.775206	10.220517	11.418327	
11.390121	12.300262	10.544177	12.034763	13.027206	12.330987	10.813932	12.260284	11.119105	13.385460	10.632260	11.527395	12.959946	12.729948	11.466268	10.058111	11.450928	12.624062	12.524818	11.215223	11.159676	12.701634	10.316877	13.421834	12.571426	12.543930	13.155077	12.256139	10.939432	12.285807	10.062596	15.120062	11.896327	13.432742	13.077604	13.446474	9.855849	13.845163	13.072509	12.880885	10.147357	12.302567	12.107080	11.509319	13.994898	9.936176	12.304460	11.388648	
11.970846	13.002330	11.970548	12.012322	13.064977	13.026949	10.442236	12.433682	10.375456	13.376960	11.181936	13.241508	13.353893	13.878401	11.960079	10.418623	11.248325	12.544730	12.775414	11.001898	11.317507	11.948875	10.452968	13.588141	11.423532	12.104093	13.474789	12.874394	11.955067	12.736566	11.922958	15.170879	12.613508	12.373755	13.113031	13.009566	10.667640	14.106844	12.625936	13.273370	9.239763	13.601455	11.703488	11.063686	13.946005	10.098161	11.771083	11.504681	
10.079409	12.882989	11.801094	11.051716	12.447044	12.024180	9.653419	10.980274	10.537439	12.468541	10.101763	11.216371	11.853967	11.071048	11.607923	9.197487	10.414591	12.208327	12.709482	11.312824	11.313441	12.904864	9.873846	11.880636	11.651390	12.435382	12.768743	12.256331	11.661750	11.567691	11.758319	13.312037	10.917719	11.374459	11.952275	12.785830	9.050412	12.836361	12.842636	12.509825	8.829561	12.736836	10.812852	11.210169	12.795127	9.699112	11.238987	10.994791	
11.345448	12.976025	12.576388	11.529256	13.154829	12.665570	11.145689	11.225727	11.661991	14.012256	11.484760	13.639641	13.371877	12.473771	12.021271	11.029619	11.990700	13.880744	12.995439	13.695625	13.188751	14.506083	10.182559	14.210009	12.669420	12.340486	13.351685	12.603588	12.776781	12.144261	11.715373	15.945950	10.713024	12.585156	14.127042	14.423603	9.980623	13.367188	13.566533	15.340903	10.465718	13.007305	12.192509	12.601356	13.024678	10.944265	12.206352	13.487667	
11.564228	12.708211	11.336851	11.686048	12.038473	13.112677	11.394114	11.889989	10.858971	11.338228	10.676485	11.536529	10.996195	13.059223	11.590902	10.934039	11.504724	10.584107	11.530322	11.079323	11.177653	13.954068	9.821061	13.237594	11.374931	10.851341	13.958816	11.918608	11.018274	11.510911	10.708925	15.103662	12.295572	12.148573	12.317316	12.514549	9.585821	11.782624	12.443828	13.677332	9.500652	13.084160	11.549461	11.324967	12.769571	9.707165	11.831458	11.936222	
11.469669	12.559640	12.367937	12.057899	13.884749	13.488249	11.297101	11.613321	11.669863	13.901477	11.088331	13.377102	14.097998	12.436443	11.816769	10.933325	11.839278	14.443346	13.562928	13.031300	12.811336	13.755286	10.280744	13.596629	12.496943	12.696995	12.711663	11.861317	12.568351	12.456161	11.267362	15.414999	12.216913	13.013354	13.730896	15.017034	10.916389	14.270610	13.705687	14.855962	10.205494	11.834476	12.180140	13.243411	13.841674	10.510723	11.459745	12.378607	
12.485638	12.931145	12.514087	12.966349	13.433267	13.723737	11.735074	12.459008	11.615573	14.117737	12.437740	12.796645	13.694935	14.266244	11.734180	11.409488	11.751898	13.771998	13.480849	12.258681	13.360474	13.915581	11.736421	14.839436	12.030367	13.605934	14.064080	13.420524	12.118513	14.130931	12.385792	16.214840	13.146992	14.226027	13.764005	13.559035	10.565204	14.712140	14.092496	14.400013	10.350993	14.685522	12.214699	11.764618	15.166008	11.267780	12.994893	11.848721	
10.061296	12.006963	12.719809	11.531473	13.883981	12.108730	10.669982	11.106731	9.677267	12.494119	10.766343	11.643581	12.424593	11.391122	10.989115	10.427974	10.611805	12.580061	12.609799	10.534512	10.828269	12.163088	9.553336	12.968964	11.988185	11.962380	12.067458	11.595011	11.172434	12.452163	10.778630	13.839416	11.700642	11.578035	11.644396	12.887027	10.066136	13.332718	12.893960	13.699552	8.855669	12.412918	11.727296	10.800867	13.011529	10.315533	11.152857	11.856790	
13.092746	14.624119	13.489775	12.735460	13.900058	14.478428	11.285488	11.870215	11.050691	14.741520	11.250290	13.059420	14.488470	12.913989	12.469690	11.414765	11.927370	14.870056	13.454791	13.189627	12.507070	14.486693	10.827667	14.056922	12.597193	12.411907	13.926743	13.044972	12.083375	13.203598	12.497334	16.312787	12.817626	12.882638	13.393059	14.321205	11.035496	14.635139	14.243860	13.863842	10.647279	13.921400	12.399446	12.639712	14.318170	11.102063	12.589466	12.647313	
10.378518	10.987898	10.806232	11.131140	10.688168	12.059222	9.373038	10.977834	10.138939	12.504315	9.955443	11.870199	10.966838	11.748549	10.584592	9.924555	10.577766	11.939488	11.830837	11.243137	11.284353	11.194573	9.684164	11.956497	10.277260	11.867841	11.730378	10.707311	10.915265	12.057787	10.698842	14.217691	10.119331	10.984511	11.913648	11.943986	9.136145	11.796492	11.535768	13.090171	9.207001	10.789429	9.991963	11.640067	12.459028	9.510661	10.651014	10.874900	
12.728446	13.441762	13.532383	12.848687	13.911603	14.187993	11.772459	12.623581	11.583891	14.871589	11.964463	13.738289	14.609173	13.768383	13.231460	10.958106	13.354293	15.502829	13.807921	12.444641	13.066929	14.735953	11.015170	14.898056	12.410433	13.669746	14.542104	12.633760	12.711283	12.583881	13.680480	16.774819	12.353505	13.686931	15.069650	15.903200	11.376516	15.222381	14.137339	15.983482	9.890424	14.390564	13.390824	12.865061	14.711956	11.452380	13.168378	14.039304	
12.005170	13.238558	12.561443	13.179353	14.211646	14.361031	11.181282	12.577785	11.180986	14.381500	11.155388	13.389730	15.089733	13.106460	13.031333	12.182682	12.838597	14.954805	14.290648	12.277296	12.334912	13.872418	11.110743	14.008305	12.346438	13.630236	13.781080	12.545037	13.064006	13.200702	12.924558	15.753312	12.580076	13.168178	12.718299	14.204880	11.632930	14.495712	13.986293	15.497702	10.353233	13.107470	13.255974	12.557603	14.995933	10.460858	12.376764	13.478413	
8.767367	10.755443	11.419229	9.563097	11.970249	11.944838	10.234179	9.552856	9.557127	11.926952	9.743210	11.156686	11.565993	11.385750	10.570756	9.596777	10.123808	11.691168	11.700245	10.398408	10.470491	12.498170	8.794129	11.805700	10.429155	11.355028	11.439444	10.842756	10.234026	10.913359	10.405203	12.967153	10.419040	11.347616	11.279544	12.279131	9.474063	12.355344	11.893244	12.978165	8.473342	11.550913	10.728099	11.006169	11.431569	10.244465	11.038953	10.657702	
10.643273	11.389843	11.482031	10.800824	11.162720	11.257997	9.829385	10.978146	9.293983	11.846577	10.326416	10.514319	11.564885	11.519263	9.755548	9.295181	11.015082	12.104606	11.936463	11.611502	11.390202	11.982167	9.483523	11.082769	10.316739	10.648777	11.814682	10.353546	10.468620	11.159665	9.815593	13.531273	9.919395	11.756045	11.008857	11.407032	9.310948	11.165666	11.692294	12.293630	9.722099	11.683363	10.841230	10.043373	12.338673	9.043207	10.556910	11.572512	
8.612623	10.077821	9.524550	8.010482	10.647042	10.375850	8.985195	9.117146	9.149840	9.465100	8.122928	10.355583	9.872678	10.594332	9.715246	9.346383	9.329649	10.386856	9.800691	9.637858	10.264740	10.381080	8.652723	10.962266	8.863297	10.838245	9.729823	10.393560	9.794266	9.566482	9.431701	11.045412	9.327597	9.030640	9.952099	9.224879	8.424913	10.328887	10.195523	10.989952	6.522216	9.930324	9.636024	8.494337	10.954245	7.962634	9.346593	9.338883	
9.865409	11.508738	10.148367	10.406288	12.025363	11.143051	9.654357	9.969013	9.504699	11.283629	10.028140	9.982696	12.059535	9.835457	10.945145	9.661271	10.429247	12.265127	11.539339	10.763096	10.118676	12.194983	9.488801	12.016828	10.623092	10.762391	11.178726	10.523826	11.054981	10.274406	10.293396	13.528934	10.124163	11.125429	10.833135	12.048411	9.437528	11.730427	12.367865	12.567339	9.447148	12.023544	10.908813	10.566686	12.435669	8.836328	10.602562	11.635388	
10.755377	10.269412	10.846108	9.515720	12.038863	11.929658	10.186924	10.112549	9.724973	11.748404	9.680129	10.654780	11.404040	10.312252	9.699215	8.850470	10.180427	11.683994	10.998486	11.248810	10.379564	12.023884	10.129477	11.193722	11.070677	10.803917	11.437883	11.026955	10.019538	11.812607	10.769635	13.446818	10.747400	11.532759	10.838051	12.871743	9.391458	12.469874	12.016951	11.843475	9.700452	11.591634	10.482640	9.726328	12.163882	9.155359	11.781240	10.260107	
10.881348	10.385544	10.140248	9.061307	12.356021	10.840402	8.765287	9.019089	9.591568	11.938794	9.027866	11.725772	12.167971	10.319401	10.189121	8.413323	9.217650	12.918333	10.626723	10.049763	10.262485	12.009141	9.022651	11.968147	9.872338	11.149020	10.598655	10.466312	10.604819	10.239261	10.001192	11.791590	9.892920	11.044742	11.252426	12.025632	9.408641	12.043818	11.871123	11.909986	8.323933	11.176477	11.365784	8.682386	12.154480	8.769486	10.313345	10.914435	
11.277750	12.665861	12.386633	11.499121	12.601598	13.222043	11.187630	11.114077	9.605971	12.344778	10.806886	11.388939	12.523629	12.109736	10.893260	10.210825	11.786216	12.552139	11.950938	10.946089	11.770636	12.674371	9.347917	13.175052	11.583713	11.417283	12.361418	11.039144	11.376382	10.947884	11.449380	13.581448	11.958075	11.800858	12.442585	12.898137	10.616323	12.881117	12.199653	12.561385	7.935286	12.168373	11.066106	10.827235	13.255262	10.720382	11.430494	11.053753	
9.308900	11.096184	10.842485	10.110058	10.492779	11.570231	8.745701	10.463229	9.394065	11.020192	9.301072	11.359418	11.424824	11.462574	12.196490	8.334004	10.859694	11.188284	10.971869	11.810529	11.176147	11.881586	8.500857	11.537641	9.507956	9.440068	12.504807	10.599712	9.726523	9.738281	10.839104	13.679601	10.070760	10.161030	12.034895	12.803418	9.003789	11.370616	10.842087	11.544230	8.841195	9.883991	9.323526	10.396807	10.512817	8.686653	9.722852	11.279432	
11.888563	11.469801	11.206048	11.101747	13.224126	12.741190	10.875692	11.474072	11.198234	12.781493	10.060480	13.302327	12.643828	12.688068	12.243906	10.964474	11.511628	12.926192	12.661940	11.999676	12.662651	12.481842	9.883495	13.601470	11.281180	11.907884	13.526131	11.901001	12.125615	11.391348	11.587769	14.477650	11.906877	11.910229	12.918309	14.190819	10.170883	13.128415	11.888802	14.120904	8.849637	11.331042	11.293814	11.125822	12.756508	11.342915	11.112893	11.549522	
12.423451	12.920248	12.271793	12.644071	13.780426	13.892461	10.883606	13.002600	11.621791	13.657621	11.751390	13.355285	13.516896	13.831590	12.721789	10.786305	12.872032	13.534957	14.101656	11.735797	13.708823	12.648407	10.342596	14.157146	11.944881	13.346522	13.582500	12.362379	13.418744	12.571868	12.266373	15.881966	12.083029	12.795379	13.811323	14.707387	10.372705	14.262108	13.667410	15.383754	8.846391	13.140981	12.429835	12.232110	14.143467	12.226734	12.267233	12.536540	
10.371333	12.279600	11.547441	11.576572	11.734141	12.102770	9.641689	10.923206	9.105449	12.245710	10.638762	11.252618	12.435443	11.776170	11.197775	9.375498	11.095769	12.092624	11.870901	10.042571	11.648067	11.684901	9.431259	11.776835	10.179797	11.097176	12.451657	10.877449	9.638806	11.285683	10.304846	14.405406	11.056560	11.533769	12.526523	12.137741	9.510143	12.743080	12.262966	12.124838	8.814381	13.005235	10.666779	11.097716	11.909807	9.050848	10.126883	10.701159	
11.700807	12.288289	11.866652	10.713544	13.220953	13.248990	11.053733	12.116806	10.278457	13.251828	9.024122	13.486099	13.515394	11.893131	12.484865	9.560521	11.669706	13.378949	12.485691	13.090853	12.772317	12.483392	9.095932	13.551566	12.185085	12.456792	13.296550	12.172759	11.594091	11.941359	11.153777	14.222841	11.898836	11.649776	13.371476	14.620418	11.012849	14.385692	12.229644	13.405806	9.644205	11.209973	11.608800	11.357503	13.415692	9.702368	11.008600	10.927076	
11.645940	11.935746	11.153644	11.497447	12.131278	11.917278	11.012109	11.805636	9.625484	12.331688	10.403754	13.247828	12.494232	12.568270	11.079088	10.631738	11.771027	12.641660	12.557724	10.505269	11.930498	13.380974	9.757584	12.652238	10.843743	11.315103	12.466590	11.763724	11.292946	11.908906	12.619997	13.643288	12.048893	12.989030	11.759324	13.638539	9.803304	12.298018	12.284072	14.678425	8.704324	12.907673	12.130944	11.236847	12.778203	10.040596	11.563399	11.849994	
7.995989	10.602365	10.896093	9.904235	12.299855	10.468688	10.200981	9.062277	9.647214	11.799498	9.567819	11.453080	12.237631	11.418789	10.305751	10.352683	8.831342	12.240413	11.009466	10.954345	10.642391	12.192136	9.155692	11.248088	10.292316	11.142647	10.982412	11.327901	10.045603	11.204067	10.023900	12.664221	10.014475	11.167108	11.466677	11.168455	8.733659	11.243919	11.199071	12.459294	8.579931	11.068566	11.167524	10.113758	10.918352	9.152847	10.463530	10.638837	
12.053424	12.910829	11.225504	11.437138	13.668683	13.489031	10.992242	11.843092	11.534142	13.520313	11.471476	12.900519	12.783245	13.158517	12.442630	10.271558	10.451662	13.326860	12.720854	11.943186	12.338422	13.959679	10.289037	13.888940	11.970107	12.610330	14.638182	13.467080	12.864316	13.113554	12.645402	14.278326	11.993564	12.991854	13.357842	14.139333	9.970603	13.507775	13.411255	14.321601	9.580902	12.924882	12.463826	11.370333	14.206427	11.496223	11.236429	12.653099	
11.846629	11.923084	12.545851	11.769889	12.643377	12.916230	11.297849	10.628483	9.316189	13.115269	11.026345	11.305829	11.880252	11.572841	11.345160	9.733070	11.851569	12.971711	11.078027	12.507788	12.201502	12.636411	10.591637	12.409985	11.858509	12.795525	12.092917	11.304548	11.118740	11.285827	9.878577	13.903876	9.961297	11.852413	11.947830	12.220610	9.938262	13.335960	12.489490	13.369213	9.272340	11.904787	11.818136	10.304238	12.785458	9.610059	11.594926	11.563231	
13.299375	13.277885	11.179692	12.492717	12.958195	11.341935	10.634821	12.717732	11.245590	13.691828	10.454502	13.227810	13.511336	12.723913	11.316862	11.338222	12.590414	13.986780	12.764837	12.125630	12.561320	13.363574	10.108928	13.891764	12.431423	12.659644	13.712753	12.358579	11.639911	12.155692	11.529194	16.245685	12.577709	13.052985	13.441506	13.793339	11.023750	13.426170	13.452731	13.377022	10.314553	12.872887	12.881270	11.457964	13.815709	10.093343	13.317333	11.695555	
10.497243	12.087182	12.431110	11.009356	13.242830	13.096850	11.005073	11.230977	10.718419	13.387837	10.608766	11.392546	13.365591	11.462705	12.708006	9.326704	11.422724	12.936979	13.096454	12.423339	11.818118	14.352432	10.210791	13.345938	12.018807	12.581808	12.491287	11.962628	11.586818	11.619405	11.596860	15.303201	11.397249	11.988619	12.431043	13.294944	9.449631	13.564395	12.689106	14.027787	9.164302	12.834332	12.050628	11.602516	12.719897	10.056194	11.766346	11.586104	
12.226199	14.099410	12.547354	12.552999	13.708893	13.912528	11.399712	12.021997	11.176961	14.254939	11.196859	13.549127	14.549480	12.662837	12.156631	11.412650	11.510218	14.559780	13.813519	12.870943	12.116957	15.229948	10.854608	13.508943	12.235808	13.060781	14.047958	12.887721	12.713400	13.276419	12.404379	14.832821	12.810338	14.161454	13.465491	13.860844	10.874582	14.242885	13.974944	14.491896	10.469353	13.799305	12.634500	12.131869	14.374061	10.495332	12.341567	12.422485	
12.623604	13.093503	12.188459	12.936035	13.787187	13.164243	11.675514	12.140744	11.560919	14.154603	12.745152	14.278171	13.968776	13.935831	12.075977	11.691933	13.216515	13.330597	13.932423	13.165613	13.413769	14.896686	11.761776	15.826309	12.792409	13.623000	13.714338	13.921728	13.918121	13.170014	12.927795	16.001164	13.213439	13.979270	13.803648	14.375606	11.687780	15.016539	13.912579	15.074663	9.818501	14.037329	12.632469	12.251140	14.678274	11.053115	12.121666	12.716458	
9.069958	11.637874	11.666399	10.374542	11.727764	12.236333	9.876310	10.101119	9.959108	11.726875	10.772920	10.485290	12.219012	12.400156	11.291355	9.690407	10.284254	12.062490	12.053400	11.081781	10.835642	12.414470	9.120559	11.915377	10.801359	10.181782	13.380638	11.171642	11.485225	10.743139	11.178847	14.446942	11.015314	11.559527	11.883709	12.174925	9.075067	12.318226	12.152876	12.823958	9.740873	13.323074	11.180919	10.275017	12.252142	9.505131	10.562095	12.251034	
10.112810	10.899750	10.196467	11.224016	11.612949	10.918514	9.301482	9.121279	9.777983	12.448094	10.604610	10.700772	11.757257	12.300626	10.503451	9.644593	9.223566	12.246421	10.246209	9.802869	11.334182	11.702533	9.245162	11.406358	10.169729	11.497453	10.862829	10.706361	10.492678	10.756818	10.256719	13.428127	10.760983	12.266153	12.573007	11.083609	9.373777	12.445610	11.270828	12.410740	7.206268	11.340241	10.180405	9.699082	12.262454	9.846513	10.417196	10.227015	
10.533615	12.088042	11.734614	11.586305	12.448371	12.213007	10.454295	11.082274	9.567591	11.948698	10.739719	11.163086	12.940986	11.612369	11.384315	9.527685	11.344716	11.511829	11.877701	11.131470	11.148519	12.387545	9.425242	12.420779	11.006302	10.979753	12.231655	11.560857	9.671305	11.307318	10.716261	13.945240	11.501262	11.740714	12.355669	13.029897	10.219788	12.802735	12.211728	11.978225	8.981073	12.398094	10.771400	11.061286	13.213923	9.588492	11.218695	10.489445	
10.885491	11.735326	9.754442	11.156134	11.665016	12.419373	10.167484	12.192164	9.996103	11.693164	10.307574	11.738388	12.550960	12.871614	11.422802	9.485630	11.983650	12.424804	12.034493	10.332872	11.278012	12.421530	10.105804	13.888950	10.132304	12.065786	13.163571	11.570814	10.883324	11.604825	10.868931	13.701638	11.348600	12.795433	12.339209	12.894732	10.389708	13.439368	12.756811	12.438953	9.192204	11.421397	11.389729	10.010206	13.078282	9.371401	11.059747	11.130741	
11.406071	13.591143	12.732187	11.409999	13.219614	12.878082	11.065880	10.923341	11.280711	13.593512	10.922387	12.791516	13.183274	13.484953	12.344894	10.696328	11.610417	13.609674	12.842252	12.882680	12.736932	14.316618	10.046865	13.163496	12.929621	11.357800	14.794182	12.607458	11.972324	11.557659	11.782427	14.848844	12.974038	13.075857	13.375213	13.798694	10.250038	13.547985	13.958864	13.479444	10.975518	12.691714	11.897360	11.676551	13.684958	10.340206	12.088295	12.806765	
11.758641	12.409813	10.974119	11.398016	13.770053	12.370298	10.411514	12.101684	11.392717	12.430535	11.183438	13.806806	12.819647	13.297846	11.644186	11.211425	11.751724	13.634226	12.413344	12.386138	13.255674	14.114641	10.602760	13.334544	11.963824	11.818521	13.743389	12.923461	13.917562	12.326281	12.706669	15.101367	11.585651	13.347214	13.896824	13.838886	11.302521	13.807039	14.566207	14.321856	10.925127	13.584359	11.903423	11.738210	14.392205	11.462635	12.369868	12.803288	
12.203908	12.676596	12.446042	11.786643	13.407761	12.426391	9.654821	10.509602	10.482520	13.421395	11.258254	12.645580	12.387162	12.659542	12.287402	10.346564	10.662475	14.148549	12.930857	11.314118	12.531143	12.691689	9.824008	12.037148	11.178034	11.985616	12.833801	11.424201	12.230795	11.620713	11.275515	14.728646	11.375073	12.264654	12.752386	12.557056	10.695545	13.424205	13.263527	14.170088	9.645286	12.080716	10.769008	11.752623	14.135412	10.330907	11.038994	13.003161	
The results Matches
MPI_Wtime measured for total run by process 4 = 0.004428
MPI_Wtime measured for total run by process 8 = 0.004441
MPI_Wtime measured for total run by process 12 = 0.004429
MPI_Wtime measured for total run by process 13 = 0.004445
MPI_Wtime measured for total run by process 1 = 0.004429
MPI_Wtime measured for total run by process 2 = 0.004392
MPI_Wtime measured for total run by process 3 = 0.004459
MPI_Wtime measured for total run by process 5 = 0.004446
MPI_Wtime measured for total run by process 7 = 0.004490
MPI_Wtime measured for total run by process 9 = 0.004425
MPI_Wtime measured for total run by process 14 = 0.004427
MPI_Wtime measured for total run by process 16 = 0.004391
MPI_Wtime measured for total run by process 17 = 0.004458
MPI_Wtime measured for total run by process 18 = 0.004386
MPI_Wtime measured for total run by process 19 = 0.004469
MPI_Wtime measured for total run by process 21 = 0.004399
MPI_Wtime measured for total run by process 22 = 0.004402
MPI_Wtime measured for total run by process 23 = 0.004460
MPI_Wtime measured for total run by process 24 = 0.004410
MPI_Wtime measured for total run by process 25 = 0.004395
MPI_Wtime measured for total run by process 26 = 0.004417
MPI_Wtime measured for total run by process 27 = 0.004478
MPI_Wtime measured for total run by process 28 = 0.004451
MPI_Wtime measured for total run by process 29 = 0.004491
MPI_Wtime measured for total run by process 30 = 0.004399
MPI_Wtime measured for total run by process 31 = 0.004477
MPI_Wtime measured for total run by process 32 = 0.004382
MPI_Wtime measured for total run by process 33 = 0.004472
MPI_Wtime measured for total run by process 35 = 0.004467
MPI_Wtime measured for total run by process 6 = 0.004370
MPI_Wtime measured for total run by process 10 = 0.004374
MPI_Wtime measured for total run by process 11 = 0.004470
MPI_Wtime measured for total run by process 15 = 0.004467
MPI_Wtime measured for total run by process 20 = 0.004382
MPI_Wtime measured for total run by process 34 = 0.004425
