MPI_Wtime measured for total run by process 0 = 0.001089
Total time by each process = 0.050269  And Average = 0.001026 , Comm_TIME = 0.000000
Printing Matrix A
0.416597	0.034618	0.464618	0.851866	0.379396	0.536517	0.789709	0.072546	0.486273	0.079698	0.863898	0.357851	0.106563	0.392131	0.223686	0.217235	0.929886	0.819155	0.221511	0.398398	0.009639	0.651992	0.845015	0.759774	0.134412	0.085990	0.250628	0.168071	
0.261645	0.298743	0.914967	0.125613	0.767831	0.239357	0.615788	0.590249	0.572671	0.424775	0.966780	0.748972	0.024021	0.099502	0.278802	0.631840	0.827776	0.025778	0.446561	0.587596	0.096158	0.203734	0.464709	0.337373	0.036225	0.455064	0.946698	0.104196	
0.038999	0.245368	0.471271	0.858248	0.807792	0.041790	0.035417	0.468745	0.456339	0.843522	0.466462	0.958427	0.943043	0.505691	0.617528	0.860460	0.813585	0.974328	0.983036	0.583902	0.716602	0.045181	0.255078	0.883595	0.186405	0.632465	0.908011	0.155553	
0.004383	0.740795	0.271131	0.278438	0.707083	0.369571	0.085342	0.480947	0.579165	0.553964	0.040054	0.545660	0.164676	0.879325	0.769017	0.923741	0.696123	0.395312	0.265792	0.051968	0.926515	0.662993	0.375012	0.813801	0.670068	0.788421	0.805323	0.936581	
0.512207	0.042686	0.850785	0.054624	0.630964	0.514161	0.123685	0.869630	0.987668	0.062057	0.676563	0.316858	0.243622	0.056754	0.439360	0.018944	0.809241	0.232790	0.028057	0.206933	0.737351	0.555776	0.287223	0.911236	0.958029	0.637572	0.849150	0.981225	
0.059710	0.141717	0.031313	0.450636	0.222290	0.500580	0.970841	0.909368	0.428608	0.569228	0.890551	0.990723	0.453756	0.483173	0.582726	0.395678	0.502376	0.141505	0.698055	0.374244	0.275568	0.170693	0.582338	0.954602	0.545206	0.726777	0.004293	0.284336	
0.345795	0.760956	0.231906	0.570956	0.694028	0.267972	0.304604	0.312429	0.517040	0.826582	0.563183	0.110324	0.305014	0.544145	0.554600	0.767356	0.595990	0.828915	0.684945	0.562179	0.112333	0.771057	0.472366	0.997109	0.566608	0.088784	0.604875	0.238180	
0.036207	0.219195	0.610807	0.491201	0.514864	0.034693	0.719988	0.578783	0.427023	0.249258	0.433326	0.888794	0.070057	0.129725	0.176685	0.584820	0.150231	0.803700	0.790567	0.967835	0.615018	0.505240	0.599400	0.167327	0.433862	0.925812	0.662951	0.867121	
0.792184	0.407940	0.364753	0.181762	0.796776	0.276022	0.280363	0.892774	0.246386	0.230386	0.482036	0.872209	0.814297	0.783085	0.612627	0.210256	0.647053	0.373681	0.610957	0.526790	0.540905	0.995076	0.046670	0.716650	0.285862	0.138843	0.344749	0.683795	
0.809073	0.636295	0.117087	0.826512	0.464747	0.775946	0.755636	0.483437	0.105549	0.117810	0.366362	0.445275	0.781496	0.420122	0.595170	0.285291	0.570798	0.825943	0.768137	0.452025	0.852648	0.308589	0.530707	0.904826	0.270538	0.788475	0.857097	0.289124	
0.817868	0.764837	0.813163	0.817280	0.971715	0.071846	0.295679	0.972736	0.751841	0.756612	0.073350	0.918804	0.684075	0.980788	0.941028	0.179764	0.979157	0.171933	0.994731	0.176282	0.632438	0.706298	0.771998	0.076444	0.960359	0.806388	0.494496	0.377597	
0.432470	0.719743	0.628297	0.132394	0.844109	0.399775	0.293541	0.805286	0.824185	0.854095	0.190617	0.120023	0.763597	0.184685	0.651602	0.436663	0.920667	0.457570	0.055913	0.156419	0.894291	0.738863	0.132251	0.113811	0.055733	0.552618	0.898446	0.397326	
0.599051	0.920135	0.144293	0.334725	0.513204	0.613925	0.382259	0.469141	0.326538	0.464383	0.752153	0.415224	0.546100	0.054235	0.640483	0.106590	0.033572	0.490187	0.383523	0.242826	0.617207	0.465845	0.627096	0.276016	0.142989	0.412422	0.318593	0.703027	
0.795489	0.309239	0.208824	0.675506	0.442554	0.420262	0.990606	0.722804	0.519840	0.607279	0.123634	0.100569	0.623694	0.161765	0.340637	0.806979	0.622055	0.572098	0.532048	0.073274	0.413298	0.800678	0.156624	0.011716	0.712131	0.823399	0.502289	0.102389	
0.436959	0.068270	0.128946	0.913723	0.991468	0.581879	0.733425	0.498118	0.148690	0.550626	0.822278	0.981778	0.181336	0.370174	0.729145	0.809609	0.736717	0.943701	0.753128	0.616664	0.343244	0.268112	0.853697	0.223391	0.065026	0.307701	0.336358	0.421713	
0.094656	0.201319	0.264450	0.989905	0.888806	0.866830	0.791029	0.386530	0.682037	0.210942	0.420872	0.538121	0.208350	0.373202	0.135300	0.062402	0.586802	0.053757	0.274649	0.852419	0.977269	0.805389	0.202743	0.902572	0.846560	0.420515	0.547847	0.753330	
0.804457	0.300906	0.921447	0.169713	0.627029	0.359502	0.267133	0.065134	0.931170	0.012700	0.062441	0.018694	0.028786	0.176433	0.397844	0.332831	0.056295	0.142058	0.997045	0.485992	0.535242	0.525753	0.057416	0.046777	0.461410	0.122500	0.974749	0.432852	
0.580402	0.580169	0.539049	0.180547	0.546737	0.573087	0.634376	0.167857	0.904574	0.971992	0.284497	0.950575	0.078246	0.269757	0.214268	0.056530	0.311895	0.772916	0.549699	0.446288	0.276067	0.640218	0.078454	0.080060	0.501685	0.945017	0.070820	0.532088	
0.968667	0.202061	0.504455	0.977605	0.895290	0.667293	0.703983	0.541426	0.132956	0.890492	0.989719	0.194437	0.022604	0.277586	0.035046	0.242490	0.611520	0.186648	0.703142	0.932324	0.914774	0.043422	0.713199	0.598807	0.766492	0.057564	0.459852	0.247615	
0.391456	0.575880	0.334875	0.430215	0.262921	0.062369	0.781116	0.564496	0.594311	0.314648	0.192766	0.153664	0.402755	0.715468	0.463230	0.345063	0.488284	0.281188	0.739313	0.769553	0.328265	0.968297	0.826616	0.805272	0.140712	0.728437	0.033375	0.292735	
0.093330	0.298738	0.971287	0.411246	0.564744	0.282729	0.403836	0.306291	0.884204	0.841483	0.807382	0.131748	0.766674	0.281572	0.742285	0.236179	0.582511	0.392175	0.178718	0.013367	0.495855	0.047519	0.348378	0.631793	0.628398	0.943403	0.120030	0.383875	
0.935335	0.686754	0.239754	0.513234	0.457850	0.376062	0.708830	0.380029	0.685525	0.104377	0.781358	0.266485	0.209445	0.845537	0.285038	0.216180	0.894858	0.897993	0.825867	0.956877	0.316636	0.920284	0.722368	0.230152	0.727862	0.441796	0.070698	0.918977	
0.918170	0.609618	0.993926	0.423581	0.728732	0.023397	0.732801	0.838315	0.313212	0.074903	0.058913	0.443473	0.639583	0.295996	0.593550	0.990424	0.979487	0.714928	0.425840	0.862198	0.460083	0.709171	0.865869	0.242320	0.306086	0.214660	0.622278	0.151775	
0.543402	0.972142	0.662744	0.648673	0.562608	0.615644	0.502110	0.143021	0.363438	0.155076	0.399679	0.408387	0.714619	0.070765	0.281181	0.598759	0.670311	0.961536	0.533467	0.975285	0.973809	0.084523	0.068772	0.438112	0.079736	0.661517	0.990584	0.185179	
0.692953	0.042101	0.478483	0.798717	0.211761	0.481849	0.370460	0.841303	0.048064	0.820188	0.153369	0.549047	0.851488	0.712519	0.280469	0.547275	0.153642	0.947555	0.230236	0.780920	0.506524	0.187224	0.719903	0.221253	0.954352	0.884803	0.299742	0.340827	
0.644414	0.993302	0.951044	0.898304	0.129954	0.736812	0.592131	0.802186	0.780500	0.975638	0.017936	0.268370	0.238333	0.080010	0.587023	0.689305	0.474183	0.156320	0.223185	0.529914	0.900483	0.713328	0.784457	0.591269	0.504923	0.065360	0.763799	0.495148	
0.486902	0.540207	0.995995	0.305361	0.912119	0.895406	0.516304	0.488442	0.692044	0.909402	0.717283	0.041458	0.067578	0.745066	0.440547	0.833509	0.815372	0.001373	0.603227	0.281545	0.768415	0.650650	0.602270	0.701507	0.340862	0.770816	0.111580	0.280352	
0.919092	0.010535	0.265631	0.287088	0.217759	0.892370	0.595196	0.336332	0.350866	0.648330	0.126075	0.247451	0.960746	0.525083	0.830541	0.251484	0.830852	0.109271	0.106062	0.177486	0.684820	0.144806	0.243771	0.643626	0.468121	0.547774	0.641793	0.061133	

Printing Matrix B
0.575121	0.178872	0.969659	0.003894	0.338619	0.051085	0.910099	0.960426	0.409874	0.754702	0.411156	0.169761	0.817805	0.941552	0.354765	0.640282	0.251853	0.394504	0.671020	0.600907	0.934915	0.799348	0.724538	0.331287	0.839472	0.998310	0.443840	0.357191	
0.560202	0.485331	0.515978	0.844853	0.944767	0.989342	0.637755	0.625427	0.242242	0.417685	0.184549	0.101192	0.834962	0.274649	0.267573	0.540447	0.930583	0.742743	0.151391	0.214392	0.826953	0.711946	0.793983	0.037379	0.762148	0.003004	0.204037	0.970719	
0.203698	0.317801	0.877208	0.299047	0.884026	0.254353	0.629386	0.131576	0.672479	0.921048	0.180895	0.502687	0.413491	0.889741	0.609887	0.656527	0.105828	0.284856	0.832576	0.790828	0.625692	0.752020	0.513926	0.711417	0.727117	0.652867	0.590892	0.851055	
0.661244	0.621911	0.601255	0.084715	0.252766	0.690119	0.953473	0.801944	0.526128	0.834243	0.437559	0.226459	0.178125	0.072687	0.034879	0.773400	0.664537	0.967253	0.673749	0.972874	0.421539	0.011857	0.143940	0.954177	0.367764	0.710122	0.334081	0.969999	
0.815906	0.281224	0.966427	0.546907	0.449936	0.896756	0.566129	0.050200	0.532623	0.362681	0.875857	0.346632	0.105279	0.048945	0.993335	0.951567	0.061630	0.660026	0.287415	0.659021	0.721094	0.861036	0.425406	0.274892	0.973293	0.634593	0.954431	0.092772	
0.037979	0.499070	0.160661	0.840554	0.683427	0.250347	0.707514	0.708192	0.465144	0.715831	0.480464	0.848580	0.628295	0.302906	0.464397	0.642436	0.537395	0.533689	0.592142	0.920346	0.874824	0.246410	0.080061	0.010946	0.523830	0.435756	0.717499	0.458050	
0.767509	0.928521	0.156633	0.734282	0.712462	0.392083	0.642216	0.580172	0.483122	0.099378	0.781184	0.108389	0.837100	0.309307	0.828481	0.900394	0.528312	0.827896	0.399871	0.378974	0.830150	0.416937	0.083486	0.989406	0.823691	0.129792	0.199107	0.909888	
0.782326	0.590807	0.986552	0.206797	0.320116	0.199809	0.596872	0.832321	0.349840	0.899389	0.246367	0.999934	0.977578	0.674932	0.367906	0.212893	0.804015	0.761038	0.294901	0.305431	0.002528	0.335006	0.084022	0.026423	0.416584	0.867187	0.814606	0.733008	
0.996847	0.968870	0.992760	0.514984	0.985462	0.587343	0.243858	0.895381	0.398013	0.845786	0.397713	0.915897	0.798021	0.477248	0.650206	0.404812	0.618196	0.011806	0.555443	0.407733	0.802813	0.821269	0.887849	0.293056	0.947036	0.767898	0.011052	0.159046	
0.466880	0.421700	0.846551	0.764140	0.200193	0.075704	0.302736	0.296542	0.478513	0.152219	0.834460	0.652224	0.584118	0.126245	0.103917	0.404243	0.921586	0.687885	0.652455	0.232884	0.227971	0.608285	0.792026	0.636256	0.022637	0.636900	0.233750	0.638592	
0.709246	0.413037	0.050129	0.383961	0.643224	0.739852	0.523871	0.148328	0.281325	0.282548	0.661439	0.343888	0.707278	0.541172	0.269912	0.758896	0.944602	0.792321	0.989214	0.966446	0.248128	0.928117	0.679034	0.523840	0.833057	0.033709	0.725192	0.178571	
0.358385	0.373498	0.899507	0.607454	0.304327	0.838840	0.576057	0.925979	0.511584	0.596183	0.930540	0.150976	0.926410	0.258092	0.562282	0.084072	0.156406	0.548964	0.589964	0.900023	0.556194	0.187832	0.544149	0.956435	0.967906	0.246350	0.672641	0.662043	
0.582011	0.250653	0.356798	0.064961	0.792295	0.569118	0.770344	0.276550	0.208004	0.458789	0.578194	0.807885	0.967842	0.444547	0.451561	0.239534	0.026725	0.177866	0.824912	0.896727	0.856752	0.999466	0.934986	0.953634	0.740399	0.895142	0.827646	0.864693	
0.757262	0.435972	0.415829	0.242396	0.165693	0.826077	0.663088	0.607813	0.188649	0.146935	0.883295	0.266624	0.512991	0.942287	0.864792	0.136126	0.116219	0.830878	0.247604	0.974602	0.493536	0.403903	0.523482	0.676464	0.618994	0.835765	0.923968	0.125983	
0.264154	0.777596	0.875249	0.751001	0.485821	0.523516	0.655154	0.146722	0.298796	0.305314	0.562341	0.534409	0.805177	0.683625	0.472563	0.166104	0.877878	0.865663	0.857423	0.744596	0.198543	0.076669	0.766230	0.002387	0.774017	0.887304	0.289479	0.517694	
0.791887	0.823801	0.010928	0.001167	0.933606	0.641934	0.483494	0.134273	0.654642	0.535734	0.434333	0.485898	0.845821	0.544708	0.794915	0.229956	0.263721	0.851252	0.043663	0.163455	0.719249	0.768298	0.191919	0.884780	0.113514	0.267432	0.958635	0.756198	
0.126532	0.939757	0.363308	0.508250	0.223470	0.901679	0.211921	0.244402	0.870523	0.133913	0.915272	0.909001	0.439208	0.576634	0.929763	0.202301	0.633737	0.977743	0.311771	0.624075	0.845494	0.802375	0.590887	0.988586	0.059477	0.523851	0.141193	0.003535	
0.609286	0.978246	0.913000	0.595344	0.322605	0.543782	0.059079	0.169617	0.693610	0.961989	0.018769	0.745906	0.073075	0.052995	0.702609	0.794670	0.636699	0.850944	0.953462	0.096436	0.019375	0.910442	0.808075	0.983027	0.052052	0.786182	0.895592	0.149066	
0.801845	0.182935	0.258591	0.816350	0.750521	0.444989	0.113581	0.980050	0.181644	0.211410	0.970552	0.491404	0.139454	0.093424	0.809674	0.003713	0.444551	0.115975	0.164253	0.598433	0.599617	0.618757	0.584848	0.846155	0.489300	0.756211	0.252002	0.482456	
0.525201	0.426502	0.818370	0.946395	0.616863	0.966063	0.994694	0.695890	0.607918	0.307510	0.913455	0.959258	0.211229	0.862607	0.963083	0.854686	0.920943	0.823158	0.711402	0.002234	0.831923	0.109381	0.532794	0.420927	0.119920	0.333478	0.882101	0.436130	
0.008204	0.556560	0.643801	0.459570	0.692434	0.304057	0.052282	0.732102	0.274589	0.710821	0.646755	0.948094	0.860184	0.800049	0.574307	0.835615	0.534917	0.553797	0.803421	0.743462	0.296096	0.899691	0.353810	0.232582	0.473276	0.435781	0.075150	0.886705	
0.665446	0.677620	0.922933	0.822264	0.905409	0.636568	0.389429	0.204685	0.427548	0.033903	0.736169	0.409757	0.209888	0.329476	0.229412	0.220373	0.902934	0.134612	0.411227	0.283717	0.332938	0.025466	0.300314	0.407893	0.334528	0.509220	0.708282	0.280143	
0.764514	0.203208	0.825798	0.888785	0.321574	0.554599	0.980273	0.049437	0.758600	0.035580	0.305055	0.786775	0.885269	0.710281	0.214973	0.511720	0.600042	0.973414	0.138509	0.154572	0.885595	0.192883	0.547487	0.179081	0.317223	0.365000	0.658133	0.261861	
0.447771	0.136953	0.962566	0.642231	0.363601	0.988448	0.477843	0.962193	0.852192	0.229307	0.397396	0.705765	0.623048	0.336897	0.222540	0.824583	0.570901	0.333055	0.610208	0.096075	0.590930	0.475919	0.227544	0.432210	0.593188	0.479414	0.069905	0.705203	
0.255944	0.974134	0.640860	0.148794	0.760252	0.745228	0.457134	0.344269	0.925826	0.116836	0.258300	0.233105	0.210564	0.842072	0.897698	0.973421	0.589376	0.632125	0.746272	0.441996	0.262769	0.876984	0.028527	0.767967	0.041442	0.107722	0.433850	0.151230	
0.053346	0.924883	0.540578	0.104686	0.845859	0.360189	0.517732	0.098655	0.989410	0.500403	0.196892	0.972289	0.153173	0.538075	0.420837	0.231437	0.682607	0.425227	0.054624	0.353138	0.266725	0.492614	0.515513	0.564957	0.566907	0.522859	0.333729	0.002132	
0.575158	0.073924	0.229512	0.470178	0.461681	0.135304	0.425319	0.416788	0.201770	0.476501	0.500671	0.222206	0.106818	0.831377	0.240213	0.927449	0.373715	0.811367	0.306734	0.515346	0.176951	0.284719	0.139093	0.294315	0.610909	0.058146	0.812274	0.179158	
0.025417	0.359639	0.844043	0.081003	0.288461	0.820986	0.173915	0.363610	0.986982	0.953136	0.349837	0.466937	0.018267	0.072326	0.805435	0.749632	0.262019	0.096483	0.396359	0.323820	0.069856	0.280016	0.481138	0.594637	0.291956	0.594196	0.795225	0.602539	

Printing Matrix C
6.373907	6.363135	7.142488	6.084083	5.911861	7.140366	6.400330	5.326134	6.417256	4.958359	6.378978	6.183587	5.888969	5.244140	6.063007	6.662506	6.474308	7.526628	6.279317	6.034688	6.571972	5.796450	5.313123	6.876798	5.858037	5.799613	6.097381	4.918809	
6.554368	6.047568	7.149923	6.119204	6.901866	6.777117	6.441087	5.387124	6.200305	5.391870	7.074454	6.481360	6.583063	6.218203	6.693363	6.432207	6.400088	7.649783	5.743338	6.296751	6.655282	6.548467	5.608245	6.446834	6.902793	5.403751	6.647632	5.363344	
8.203068	8.000267	9.780943	7.353235	8.265752	9.254088	7.617491	7.503858	7.936084	7.479416	9.049312	9.133270	7.982682	7.022772	8.558199	7.809425	7.943226	9.743097	8.186275	8.331221	7.698597	8.908846	7.968828	9.594421	7.840867	8.561355	8.477927	7.635142	
6.815662	8.207572	9.524112	6.779858	8.173799	8.924021	6.756618	6.618541	8.051959	6.777939	7.758119	8.205786	7.485466	7.124124	8.198034	7.487321	7.717420	8.761892	6.625881	7.193046	6.807000	7.741680	6.626094	7.401672	7.209518	7.414201	7.704825	6.753947	
5.931735	7.293643	9.481622	5.805918	7.717217	7.588850	6.385410	6.387869	7.829581	7.049017	6.578529	8.158371	6.791358	7.337186	7.469155	8.053342	7.162229	7.124833	7.366888	6.991122	6.282444	7.682792	5.930292	6.340502	7.285327	6.971754	6.902375	5.590640	
6.934534	7.339177	8.010713	6.638422	7.128991	7.913615	7.148519	6.997036	7.073428	5.430625	7.744548	7.572154	8.035393	6.088726	7.086514	6.415347	7.599307	8.198438	6.681445	6.991032	6.795780	6.650606	5.934924	7.575572	7.136739	6.585141	6.553844	6.620032	
8.038898	7.474735	9.009091	7.436049	7.791915	8.716539	7.181607	6.565170	7.281590	5.784076	7.768625	7.476460	7.019853	6.329340	7.465812	7.697321	8.209056	8.829997	7.118578	6.418537	7.315546	7.706283	6.862477	7.654708	6.655558	7.212294	7.525631	6.471590	
6.925458	7.462044	8.828088	6.652610	7.855099	7.856279	6.745173	6.340178	7.628009	6.793162	7.305997	7.604192	6.213876	6.270324	7.959130	7.552357	7.321274	8.056318	6.583757	6.214810	6.327033	6.729688	6.101754	7.936876	6.646428	6.466153	7.811092	6.463064	
7.251250	6.845397	9.624830	6.643085	7.478886	8.521288	7.302350	7.321142	6.813172	6.501605	8.402815	7.536436	7.678214	6.864518	7.928837	6.878713	7.065261	7.765065	7.384346	7.717384	7.181983	7.428360	6.912964	7.434468	7.850583	8.049234	8.086994	6.780095	
7.558366	7.809639	9.195909	7.446702	8.333640	8.502570	8.278814	8.024558	7.690382	7.264071	8.152526	8.491534	8.167254	7.288349	7.895448	8.533369	8.156888	9.485488	7.836648	8.119383	8.145528	8.056889	7.031662	8.171524	8.191456	8.055738	7.867868	7.636017	
9.205504	9.539563	12.211476	8.188555	9.714487	10.018404	9.495367	8.652740	8.954931	8.027495	10.048611	9.483705	9.582457	9.093537	9.808232	8.279649	9.182207	10.547743	8.539137	9.996174	9.260365	9.566718	8.948731	9.562613	9.645602	10.254068	9.023669	8.250476	
6.671324	7.519816	8.972164	6.459989	7.940559	6.988792	6.446852	5.809610	6.583506	6.829537	7.248623	8.209268	7.531974	6.708763	7.129261	6.995573	7.410580	7.901471	6.832186	6.939598	6.806696	7.967013	6.975710	6.443300	7.218841	7.518637	7.030515	6.467639	
5.966010	5.921231	7.758000	6.143728	6.796478	6.639510	6.391763	5.687763	5.775143	5.869101	6.119389	6.440737	6.857847	5.268231	5.742828	6.585310	6.883286	6.952320	6.342197	6.180639	6.041308	6.354269	6.203634	5.390477	6.752071	6.096146	6.346337	6.128034	
7.033990	8.072814	7.802028	5.625079	7.857340	6.505475	6.721334	6.088866	6.773993	6.098524	6.899291	7.116841	6.961341	6.211078	7.080202	6.727756	7.181092	7.874955	6.283517	6.526373	6.784810	7.412687	5.775777	7.647370	6.384282	7.107212	6.692207	6.264724	
8.030709	7.905935	9.041385	7.557024	7.320254	8.675119	7.970676	6.749317	7.705262	6.771297	8.776714	7.908232	7.748704	6.259052	8.299700	7.740523	7.907831	10.061473	7.500570	7.887766	7.697891	7.381576	6.975408	8.598684	7.434878	7.694842	8.586821	6.835566	
6.753407	7.753176	9.206744	7.136467	8.034850	8.866362	7.437572	7.640114	7.847066	6.542938	8.312950	7.927063	6.774382	6.599399	8.070609	8.896633	7.816471	8.249149	7.515725	7.613101	7.454022	6.933089	5.498442	7.497425	7.374249	6.765175	7.197182	6.893196	
5.480302	4.982856	6.685045	4.991667	6.693148	5.146069	5.013254	5.430883	4.795997	5.357899	5.572163	5.174938	4.587244	5.561863	6.147964	5.980923	4.898195	5.009505	5.174189	5.411900	5.665205	5.770685	4.820026	4.892123	5.953790	5.546107	5.320286	4.616166	
6.165970	7.420026	8.781946	6.591066	7.431047	6.962029	6.088852	6.281900	6.913543	6.231621	6.969490	6.862970	6.256044	5.328318	7.149685	6.543371	7.054035	6.769577	6.589168	6.252160	6.513732	6.976437	6.689112	7.159265	6.799070	6.661386	6.277585	5.606362	
7.448136	6.909403	8.926480	7.139183	7.392780	7.880644	8.105187	7.566590	7.480691	6.374943	8.460070	7.711484	7.481224	7.269429	7.747184	9.208197	8.055496	9.457730	7.908196	7.720345	7.920882	7.994119	6.160010	7.614496	7.070282	7.074098	7.372296	7.052960	
7.232587	7.023238	8.583730	6.855818	7.498831	7.819221	7.126182	6.484461	6.784717	5.126404	7.239076	7.521010	7.016965	6.364314	6.944052	6.218709	7.527989	7.473067	5.876322	5.772480	7.234498	6.241596	6.293916	6.836957	6.595956	7.052876	6.387232	6.237194	
5.986434	7.329433	8.242614	5.598841	7.513020	7.097123	6.349391	5.148879	7.049984	6.061684	6.374685	7.677206	6.996784	6.172215	6.726915	6.841020	6.944718	7.237820	7.196172	6.977976	6.322036	7.889176	6.737877	7.034830	6.947561	6.957271	5.926954	5.985565	
8.299824	8.756548	10.005073	7.715667	8.616401	9.681706	8.144374	7.619351	8.374243	6.890734	8.592455	8.315654	7.504223	7.555589	9.235005	8.425760	8.812434	9.234142	7.819924	7.572436	8.409265	8.315095	7.785262	8.654980	7.574822	8.181106	8.449440	6.451404	
8.302786	8.132077	9.945523	7.231863	8.645773	8.589247	8.558756	6.785562	7.894201	7.126226	8.094401	8.348483	8.456019	8.182233	8.741342	7.930085	7.728152	9.711228	7.371265	7.201457	8.728817	8.248839	7.229927	8.348494	7.632951	8.123891	8.688633	7.529850	
6.836957	7.442900	8.312099	6.975689	8.498937	8.061756	7.386025	7.039543	7.082304	7.437554	7.473697	8.069853	7.215892	6.890799	7.873790	8.388501	7.507796	8.823025	7.557547	7.289115	7.887134	8.270595	6.998937	7.802751	7.471522	6.913978	7.526763	7.295740	
MPI_Wtime measured for total run by process 5 = 0.000957
MPI_Wtime measured for total run by process 7 = 0.001062
MPI_Wtime measured for total run by process 9 = 0.001059
MPI_Wtime measured for total run by process 11 = 0.001099
MPI_Wtime measured for total run by process 12 = 0.001014
MPI_Wtime measured for total run by process 14 = 0.000966
MPI_Wtime measured for total run by process 17 = 0.001100
MPI_Wtime measured for total run by process 20 = 0.001065
MPI_Wtime measured for total run by process 23 = 0.001084
MPI_Wtime measured for total run by process 27 = 0.001081
MPI_Wtime measured for total run by process 28 = 0.001104
MPI_Wtime measured for total run by process 29 = 0.001022
MPI_Wtime measured for total run by process 30 = 0.000950
MPI_Wtime measured for total run by process 31 = 0.001005
MPI_Wtime measured for total run by process 32 = 0.001016
MPI_Wtime measured for total run by process 35 = 0.001074
MPI_Wtime measured for total run by process 36 = 0.001024
MPI_Wtime measured for total run by process 37 = 0.001066
MPI_Wtime measured for total run by process 38 = 0.000938
MPI_Wtime measured for total run by process 40 = 0.001015
MPI_Wtime measured for total run by process 41 = 0.001075
MPI_Wtime measured for total run by process 42 = 0.000996
MPI_Wtime measured for total run by process 44 = 0.001034
MPI_Wtime measured for total run by process 48 = 0.001020
6.902544	7.712710	9.231150	5.840106	7.311734	7.361629	8.037885	6.552660	7.752872	6.958738	7.033550	8.211969	7.371134	7.317798	7.522754	7.543957	7.339951	8.959034	7.581918	7.058639	6.782319	7.427286	6.487047	8.255486	6.194064	7.876364	8.315288	6.816704	
7.717176	8.157622	10.336119	7.863505	8.975668	8.073991	8.447391	7.979279	7.916791	7.704166	7.783824	8.616742	9.004424	7.880577	7.415331	8.698745	8.978053	9.385623	7.930523	7.401079	8.334942	7.714860	6.884244	7.318131	7.591426	7.823445	7.423114	8.816966	
7.711112	8.302868	9.504087	7.637000	9.109196	8.554476	7.951821	6.978586	8.161806	6.721336	8.641664	8.958493	8.496769	7.729218	8.449457	7.988758	8.429134	9.092197	7.345570	8.096807	8.613156	8.755390	7.176259	7.657815	8.070114	8.069804	7.669174	7.196788	
5.362046	6.402812	7.262690	5.419962	6.447457	5.957308	6.657188	6.033677	6.043656	5.380657	6.789279	7.122979	7.303407	6.685976	6.279851	6.286748	6.115526	7.288127	6.638855	7.001947	6.764292	6.693332	5.713175	6.276748	6.487138	6.882154	5.792412	5.770407	
The results Matches
MPI_Wtime measured for total run by process 1 = 0.000952
MPI_Wtime measured for total run by process 2 = 0.000977
MPI_Wtime measured for total run by process 3 = 0.001036
MPI_Wtime measured for total run by process 4 = 0.001065
MPI_Wtime measured for total run by process 6 = 0.000994
MPI_Wtime measured for total run by process 8 = 0.001034
MPI_Wtime measured for total run by process 10 = 0.000998
MPI_Wtime measured for total run by process 13 = 0.001072
MPI_Wtime measured for total run by process 15 = 0.001009
MPI_Wtime measured for total run by process 16 = 0.000988
MPI_Wtime measured for total run by process 18 = 0.000973
MPI_Wtime measured for total run by process 19 = 0.001109
MPI_Wtime measured for total run by process 21 = 0.001056
MPI_Wtime measured for total run by process 22 = 0.000964
MPI_Wtime measured for total run by process 24 = 0.001047
MPI_Wtime measured for total run by process 25 = 0.001032
MPI_Wtime measured for total run by process 26 = 0.000991
MPI_Wtime measured for total run by process 33 = 0.001079
MPI_Wtime measured for total run by process 34 = 0.000987
MPI_Wtime measured for total run by process 39 = 0.001077
MPI_Wtime measured for total run by process 43 = 0.001004
MPI_Wtime measured for total run by process 45 = 0.000989
MPI_Wtime measured for total run by process 46 = 0.000955
MPI_Wtime measured for total run by process 47 = 0.000964
