MPI_Wtime measured for total run by process 0 = 0.003438
Total time by each process = 0.054535  And Average = 0.003408 , Comm_TIME = 0.000000
Printing Matrix A
0.919220	0.105494	0.117456	0.527873	0.980197	0.484517	0.582499	0.874736	0.301105	0.834216	0.773200	0.465874	0.629780	0.709369	0.115382	0.792361	0.378409	0.200504	0.560584	0.343714	0.975546	0.556071	0.406636	0.445366	0.955722	0.941598	0.094930	0.062267	0.982897	0.260368	0.922572	0.132881	0.950584	0.796845	0.061763	0.051950	0.968789	0.595355	0.038828	0.083167	
0.320302	0.723473	0.432237	0.139942	0.557375	0.513413	0.453039	0.780927	0.979680	0.914791	0.718330	0.078752	0.574761	0.062545	0.714827	0.608140	0.170476	0.450361	0.117352	0.017847	0.990613	0.154673	0.177555	0.847274	0.513372	0.198677	0.728806	0.918820	0.951536	0.917157	0.127076	0.701492	0.856911	0.900265	0.742157	0.648990	0.449373	0.176421	0.739263	0.784162	
0.785761	0.484336	0.260269	0.818134	0.384522	0.878167	0.260589	0.809150	0.731513	0.091762	0.627528	0.206440	0.544415	0.703828	0.406556	0.536313	0.470829	0.706884	0.423807	0.942902	0.260309	0.319927	0.400729	0.638398	0.838493	0.605912	0.470912	0.542922	0.195212	0.299006	0.734741	0.794086	0.855969	0.936667	0.025988	0.088104	0.700639	0.807195	0.537108	0.233609	
0.175753	0.841622	0.651873	0.661992	0.631295	0.448854	0.796317	0.571606	0.743909	0.932062	0.387842	0.056194	0.428198	0.189848	0.308982	0.340907	0.262979	0.131400	0.567075	0.761937	0.754390	0.564406	0.453730	0.202993	0.644285	0.967535	0.155222	0.120608	0.887118	0.548726	0.733913	0.680835	0.072163	0.911743	0.605627	0.837608	0.884471	0.910724	0.538025	0.535839	
0.248773	0.214436	0.527103	0.987416	0.645500	0.610321	0.425775	0.376305	0.103391	0.137176	0.961728	0.069035	0.376797	0.184399	0.093476	0.097132	0.223613	0.746245	0.646613	0.164937	0.269803	0.671526	0.066415	0.193517	0.335879	0.878825	0.305477	0.143806	0.927619	0.597096	0.048444	0.363345	0.005797	0.022772	0.843251	0.944523	0.962969	0.808633	0.663879	0.199191	
0.332843	0.297364	0.025876	0.320593	0.769375	0.974591	0.611918	0.089875	0.447527	0.270125	0.300358	0.403832	0.830696	0.292710	0.214614	0.494331	0.569917	0.185776	0.232866	0.549289	0.424059	0.820060	0.861816	0.653691	0.022584	0.600121	0.138464	0.586268	0.216418	0.463734	0.370880	0.978489	0.749761	0.536590	0.670634	0.984868	0.609758	0.130669	0.714864	0.780918	
0.708177	0.060390	0.384992	0.815801	0.525636	0.032442	0.237599	0.837312	0.175197	0.969986	0.459780	0.940524	0.759783	0.541114	0.855554	0.212096	0.703070	0.410373	0.919143	0.689472	0.505707	0.341293	0.732845	0.730666	0.552507	0.753872	0.655506	0.081826	0.765590	0.889937	0.944971	0.184876	0.374518	0.736103	0.821422	0.738439	0.147488	0.070436	0.258338	0.788374	
0.501754	0.823132	0.236643	0.572549	0.527898	0.623377	0.564519	0.120910	0.403503	0.232697	0.282587	0.552054	0.050868	0.310407	0.423592	0.120050	0.641028	0.082605	0.848140	0.879903	0.117641	0.848906	0.311535	0.621197	0.826828	0.939962	0.825031	0.539489	0.114506	0.185105	0.948677	0.463443	0.248337	0.467375	0.201203	0.472515	0.850560	0.001005	0.291238	0.877132	
0.476096	0.227481	0.309110	0.177026	0.616867	0.961715	0.667285	0.155249	0.971207	0.012100	0.969903	0.491255	0.806038	0.982558	0.114461	0.215341	0.676783	0.891684	0.209792	0.409509	0.430840	0.392203	0.796382	0.013748	0.170076	0.939999	0.510465	0.960443	0.923513	0.413778	0.802690	0.628531	0.071941	0.465366	0.588925	0.108393	0.246099	0.117891	0.048047	0.810070	
0.157488	0.358103	0.181322	0.984455	0.261547	0.142808	0.027352	0.543710	0.291555	0.381027	0.883952	0.900246	0.990015	0.172532	0.149776	0.256187	0.732670	0.975217	0.932836	0.018826	0.357904	0.258620	0.932974	0.484549	0.811406	0.105010	0.354996	0.825409	0.023393	0.383074	0.980542	0.480433	0.253551	0.627204	0.415322	0.380769	0.807664	0.158483	0.441719	0.965168	
0.508608	0.948482	0.075435	0.208616	0.771832	0.271997	0.230951	0.465586	0.208081	0.670888	0.738820	0.396629	0.691046	0.287123	0.198144	0.385890	0.322469	0.570357	0.108263	0.496732	0.370663	0.632469	0.521161	0.086115	0.190846	0.352645	0.808660	0.476151	0.304386	0.632472	0.015565	0.209282	0.352734	0.735939	0.558611	0.341092	0.001401	0.530887	0.071616	0.251803	
0.374005	0.192128	0.353721	0.682372	0.431553	0.160637	0.333206	0.785153	0.149557	0.146937	0.753762	0.637441	0.461590	0.277724	0.785330	0.795668	0.133974	0.342000	0.656075	0.145803	0.339216	0.534746	0.676359	0.358362	0.840990	0.534084	0.993328	0.349915	0.339853	0.988124	0.157167	0.284519	0.771587	0.778837	0.650891	0.515290	0.231079	0.662530	0.369934	0.733353	
0.526190	0.805677	0.438962	0.974436	0.783232	0.903999	0.746351	0.231539	0.815037	0.945601	0.935015	0.456036	0.510927	0.073532	0.139457	0.091786	0.074322	0.185165	0.053055	0.292100	0.122161	0.776685	0.384617	0.386450	0.018601	0.665583	0.792942	0.119710	0.240185	0.184730	0.000128	0.045289	0.173978	0.587735	0.390056	0.063320	0.075935	0.380728	0.848230	0.660207	
0.099229	0.820446	0.447408	0.196040	0.133399	0.067235	0.657285	0.207977	0.342979	0.058295	0.675547	0.245251	0.961620	0.212033	0.393157	0.676680	0.198029	0.384557	0.437283	0.333030	0.961366	0.704208	0.512789	0.449913	0.707896	0.588803	0.629824	0.134924	0.460032	0.401294	0.219197	0.345576	0.575101	0.062664	0.310730	0.583066	0.795960	0.890747	0.199459	0.164517	
0.848870	0.290798	0.587373	0.070138	0.772680	0.900595	0.549406	0.409104	0.976304	0.136891	0.867463	0.559131	0.007231	0.972172	0.790539	0.114046	0.890009	0.118102	0.830566	0.524788	0.659672	0.595123	0.671554	0.333586	0.475995	0.934893	0.190434	0.006881	0.943903	0.404356	0.115742	0.373851	0.923245	0.483134	0.680194	0.357056	0.433305	0.548944	0.956406	0.752718	
0.353007	0.775859	0.181635	0.741106	0.761792	0.859981	0.663863	0.883285	0.725786	0.340919	0.374341	0.745846	0.650155	0.912506	0.177320	0.038962	0.352834	0.073767	0.597560	0.660008	0.960335	0.236886	0.753820	0.211307	0.486590	0.885586	0.250201	0.668578	0.926222	0.506917	0.246307	0.633867	0.360700	0.133611	0.522508	0.317612	0.313607	0.107041	0.674669	0.547034	
0.870574	0.022191	0.064051	0.021131	0.271852	0.093814	0.073928	0.117301	0.435316	0.392887	0.044531	0.440666	0.264997	0.425566	0.866055	0.100925	0.405219	0.857404	0.813885	0.459544	0.406585	0.603896	0.281039	0.915140	0.972108	0.674179	0.018526	0.374777	0.662552	0.223189	0.772943	0.265237	0.447230	0.647433	0.001177	0.346851	0.660335	0.888274	0.671943	0.657729	
0.111441	0.660690	0.446752	0.413491	0.835811	0.637912	0.960794	0.786917	0.025791	0.669139	0.541327	0.434730	0.966737	0.143035	0.126418	0.282731	0.132671	0.367827	0.978889	0.688728	0.417997	0.423455	0.229790	0.786815	0.644722	0.282549	0.471943	0.387711	0.040283	0.077360	0.331511	0.404560	0.303513	0.043605	0.553704	0.097103	0.058973	0.350492	0.730929	0.544344	
0.593260	0.561701	0.544171	0.503883	0.480159	0.751155	0.941335	0.275852	0.928101	0.527250	0.051790	0.453507	0.144910	0.399527	0.941306	0.251492	0.770763	0.599769	0.762605	0.899388	0.684896	0.054434	0.806258	0.871078	0.649743	0.216165	0.022681	0.812297	0.473671	0.043431	0.155695	0.949542	0.108115	0.241393	0.652963	0.113484	0.791325	0.964089	0.498204	0.331942	
0.233495	0.849481	0.217778	0.423767	0.873603	0.106425	0.762121	0.955757	0.605278	0.740956	0.337932	0.596100	0.022359	0.726839	0.395357	0.668510	0.606887	0.885028	0.179769	0.516114	0.775993	0.082671	0.678506	0.408350	0.235578	0.542025	0.003746	0.702766	0.698314	0.546667	0.488386	0.722523	0.733169	0.919939	0.916346	0.966310	0.058591	0.230453	0.087408	0.020880	
0.788108	0.896496	0.701030	0.817958	0.028867	0.493015	0.579803	0.612527	0.823089	0.225910	0.968518	0.431773	0.241202	0.764205	0.301028	0.651596	0.347991	0.880989	0.147353	0.448366	0.063573	0.693474	0.156919	0.956348	0.838466	0.719442	0.374479	0.834093	0.813441	0.944290	0.383384	0.203606	0.143978	0.780397	0.783542	0.467552	0.170143	0.490491	0.467027	0.307070	
0.629097	0.112478	0.177728	0.619256	0.544869	0.105639	0.159432	0.659628	0.393840	0.594742	0.668787	0.024497	0.223320	0.165993	0.961827	0.995841	0.499576	0.594500	0.054889	0.668473	0.777302	0.528010	0.083357	0.240145	0.627663	0.654578	0.897180	0.135380	0.194064	0.810847	0.774436	0.746816	0.915006	0.951315	0.555071	0.569652	0.393900	0.269108	0.285300	0.954453	
0.344139	0.209413	0.288107	0.361819	0.646165	0.638063	0.979354	0.694612	0.726194	0.864254	0.265715	0.613639	0.531567	0.136872	0.391999	0.729830	0.700357	0.977457	0.284035	0.470636	0.511942	0.350801	0.493577	0.385655	0.691340	0.501036	0.683814	0.616670	0.997421	0.032249	0.844867	0.125558	0.701322	0.533688	0.442290	0.915557	0.113022	0.445528	0.311772	0.826369	
0.081092	0.960168	0.442079	0.980288	0.330379	0.828920	0.774616	0.720470	0.057493	0.461295	0.258481	0.454016	0.643211	0.978101	0.730728	0.958095	0.131875	0.576726	0.495100	0.013454	0.569551	0.000726	0.796853	0.820104	0.975354	0.354129	0.658251	0.605338	0.707689	0.256444	0.387909	0.250237	0.132802	0.093738	0.383978	0.453382	0.949567	0.297696	0.175304	0.600766	
0.399199	0.384492	0.763041	0.358911	0.573269	0.909147	0.829894	0.480963	0.986347	0.590598	0.681893	0.323854	0.498088	0.377880	0.739349	0.824049	0.933542	0.195997	0.198371	0.167312	0.170263	0.732819	0.235844	0.962853	0.788482	0.592516	0.597431	0.101835	0.537918	0.768911	0.458361	0.415815	0.801502	0.088484	0.166721	0.771514	0.332257	0.337142	0.718115	0.790291	
0.853446	0.976972	0.299176	0.546397	0.558521	0.114362	0.908269	0.408784	0.141990	0.709644	0.753065	0.645696	0.985490	0.653422	0.282833	0.210202	0.826520	0.587157	0.265980	0.962790	0.448862	0.841383	0.607329	0.066902	0.747435	0.058031	0.257703	0.585822	0.686565	0.946799	0.682957	0.105676	0.344174	0.635173	0.826387	0.434656	0.675115	0.632380	0.526206	0.031764	
0.475827	0.774141	0.793522	0.976723	0.599208	0.449484	0.080522	0.791643	0.247993	0.034851	0.024778	0.349629	0.745545	0.982337	0.681290	0.545391	0.103895	0.890647	0.679497	0.377504	0.790892	0.560871	0.382149	0.296110	0.779329	0.704522	0.800467	0.504000	0.036159	0.817762	0.500436	0.874566	0.682686	0.501749	0.632582	0.640887	0.706241	0.294887	0.554271	0.718532	
0.921958	0.137707	0.477205	0.268436	0.128043	0.230813	0.449351	0.232811	0.870591	0.494219	0.613813	0.926647	0.336864	0.408444	0.812531	0.224735	0.550029	0.456914	0.004149	0.540598	0.811548	0.760670	0.876789	0.392935	0.728041	0.250553	0.022260	0.661908	0.398734	0.250259	0.197328	0.945755	0.837436	0.774591	0.128018	0.973776	0.086599	0.200464	0.727928	0.710768	
0.480553	0.797823	0.138522	0.861937	0.530083	0.748521	0.587190	0.474768	0.096944	0.266210	0.564547	0.164528	0.974432	0.614534	0.958391	0.158328	0.286624	0.941758	0.415883	0.962402	0.915891	0.673376	0.405198	0.927706	0.397502	0.727104	0.433901	0.613195	0.256624	0.110692	0.553032	0.653959	0.225172	0.264802	0.399412	0.587020	0.938126	0.818383	0.408540	0.845467	
0.940003	0.768092	0.464203	0.782237	0.609016	0.935841	0.161950	0.001703	0.185518	0.028177	0.493708	0.900232	0.875593	0.775158	0.464703	0.090177	0.193196	0.778611	0.239555	0.378225	0.453777	0.010619	0.903866	0.002850	0.278827	0.674314	0.646224	0.204370	0.293160	0.805951	0.600153	0.162569	0.754396	0.450747	0.502027	0.842522	0.143037	0.571533	0.865464	0.136287	
0.605409	0.916826	0.385147	0.773450	0.100724	0.436170	0.475529	0.494225	0.539919	0.223876	0.773943	0.997751	0.919540	0.963883	0.143666	0.929294	0.910772	0.000708	0.967316	0.974226	0.353559	0.768916	0.009136	0.059013	0.208112	0.591001	0.349286	0.899035	0.158035	0.053829	0.963089	0.050776	0.829243	0.169780	0.825643	0.864598	0.554402	0.008290	0.896654	0.112592	
0.350191	0.086821	0.292344	0.968303	0.848774	0.752080	0.005255	0.685724	0.854341	0.631057	0.999510	0.859186	0.129167	0.117450	0.934779	0.130587	0.933635	0.984448	0.203264	0.676359	0.974884	0.863902	0.231296	0.814638	0.405129	0.765620	0.941348	0.958551	0.492283	0.096337	0.306043	0.712033	0.444333	0.465657	0.649232	0.699635	0.570455	0.604256	0.113162	0.887387	
0.864587	0.922930	0.277814	0.876452	0.957481	0.197159	0.199713	0.503201	0.605672	0.291642	0.110874	0.879021	0.554814	0.483079	0.902170	0.186268	0.023472	0.572693	0.990678	0.071383	0.421934	0.211683	0.177733	0.265693	0.683743	0.038310	0.548613	0.475946	0.400608	0.771403	0.329489	0.069536	0.066869	0.654248	0.091374	0.005706	0.994172	0.134954	0.932274	0.955311	
0.957982	0.410635	0.910953	0.610022	0.845604	0.614339	0.339096	0.528056	0.326104	0.463512	0.907934	0.930785	0.686608	0.074012	0.466386	0.234900	0.022943	0.930962	0.532114	0.245457	0.922409	0.552812	0.543671	0.667469	0.263171	0.287252	0.600199	0.073212	0.283777	0.905689	0.176546	0.174531	0.786123	0.133385	0.646477	0.695955	0.238638	0.830391	0.329635	0.652084	
0.628841	0.763912	0.157374	0.515847	0.984347	0.191313	0.562125	0.360382	0.471337	0.666484	0.872608	0.686700	0.611207	0.893556	0.014951	0.533649	0.484976	0.872832	0.134684	0.083500	0.810215	0.279924	0.640657	0.720587	0.134072	0.229808	0.749511	0.117927	0.433598	0.301560	0.557122	0.092340	0.132770	0.684448	0.353851	0.386486	0.042761	0.536407	0.306715	0.795412	
0.644065	0.447468	0.941727	0.754294	0.576877	0.823873	0.891063	0.176098	0.881386	0.291286	0.628494	0.399304	0.344181	0.354673	0.192705	0.091683	0.175305	0.230346	0.104546	0.492357	0.040494	0.815423	0.232444	0.955389	0.852066	0.349067	0.924447	0.151815	0.684082	0.919524	0.656574	0.713556	0.550359	0.948912	0.928542	0.336328	0.757500	0.900592	0.143271	0.103774	
0.102656	0.475896	0.201212	0.295730	0.134200	0.762080	0.226463	0.622653	0.419538	0.431726	0.012834	0.317116	0.919804	0.760278	0.073689	0.058411	0.316893	0.203447	0.162019	0.403399	0.714433	0.086992	0.641116	0.717717	0.281210	0.408735	0.917496	0.064378	0.943559	0.900374	0.688708	0.193593	0.493092	0.523707	0.896218	0.951330	0.092586	0.551546	0.747967	0.794356	
0.418705	0.323221	0.928941	0.173501	0.212255	0.889749	0.032660	0.906565	0.480383	0.180864	0.357379	0.987252	0.170515	0.183666	0.808060	0.947658	0.181112	0.562966	0.658478	0.982555	0.810343	0.771696	0.955647	0.368756	0.108533	0.812631	0.681813	0.915876	0.338679	0.770809	0.077565	0.373504	0.989346	0.368731	0.672937	0.518557	0.223589	0.326283	0.968513	0.615266	
0.244658	0.542958	0.227779	0.778798	0.558378	0.713197	0.268075	0.894619	0.023171	0.905246	0.614635	0.179389	0.714055	0.017460	0.200711	0.759615	0.060622	0.371840	0.761409	0.854858	0.700246	0.955728	0.654757	0.225743	0.113697	0.374037	0.554791	0.566555	0.059099	0.951415	0.216740	0.705178	0.013604	0.565762	0.227657	0.094799	0.988676	0.896224	0.900875	0.321362	
0.252956	0.742903	0.248826	0.076593	0.893473	0.567734	0.739039	0.387574	0.349930	0.527655	0.373957	0.505490	0.672981	0.006067	0.523680	0.588427	0.022827	0.584383	0.640788	0.579577	0.688984	0.644473	0.420223	0.180665	0.985384	0.347741	0.330775	0.721974	0.254944	0.577612	0.055469	0.555259	0.497370	0.349950	0.800618	0.672418	0.076838	0.917625	0.348939	0.267215	

Printing Matrix B
0.227472	0.165902	0.662729	0.847849	0.247169	0.015290	0.578406	0.887321	0.524915	0.233857	0.815348	0.333345	0.575425	0.535658	0.150936	0.034602	0.897855	0.495864	0.728377	0.540781	0.828231	0.558045	0.430808	0.707741	0.279582	0.728922	0.407472	0.724710	0.771635	0.098279	0.052729	0.300980	0.333386	0.511168	0.140558	0.037309	0.608021	0.375426	0.040721	0.994551	
0.024765	0.415232	0.785739	0.415134	0.400310	0.479946	0.646294	0.403623	0.577771	0.041443	0.966741	0.687119	0.674106	0.613590	0.145711	0.035129	0.331613	0.602713	0.590303	0.674727	0.531260	0.443652	0.935600	0.157235	0.762065	0.231701	0.277429	0.303567	0.981365	0.666363	0.525297	0.297552	0.151854	0.974263	0.918113	0.732770	0.803663	0.626927	0.023695	0.252635	
0.982839	0.514567	0.403157	0.211804	0.735291	0.511598	0.579659	0.117499	0.709416	0.473670	0.740752	0.076901	0.382861	0.283679	0.487990	0.192317	0.020650	0.731098	0.525018	0.808329	0.821069	0.520898	0.129077	0.132242	0.730160	0.466021	0.812352	0.015327	0.246751	0.601769	0.835319	0.205570	0.500969	0.279776	0.879569	0.286297	0.408031	0.101367	0.445593	0.375601	
0.839521	0.646665	0.384545	0.847085	0.960998	0.366036	0.242939	0.652286	0.508273	0.769897	0.020167	0.088481	0.863389	0.965306	0.423457	0.484735	0.182530	0.914852	0.793392	0.198370	0.210790	0.550707	0.136012	0.197639	0.135056	0.032127	0.023729	0.583420	0.310456	0.196100	0.889633	0.996892	0.812235	0.639238	0.673680	0.360017	0.402014	0.338200	0.113717	0.182310	
0.503374	0.403996	0.335044	0.414221	0.536142	0.379413	0.291156	0.497938	0.288048	0.709018	0.974784	0.846199	0.979759	0.914822	0.720238	0.342250	0.311569	0.750716	0.733661	0.292113	0.775259	0.695578	0.047830	0.169807	0.330693	0.297607	0.947860	0.682274	0.328205	0.021096	0.694228	0.272056	0.109590	0.652410	0.187710	0.113054	0.616048	0.029384	0.002150	0.999757	
0.078016	0.638319	0.441170	0.953495	0.917689	0.817819	0.337936	0.617715	0.112648	0.290778	0.214647	0.263326	0.212465	0.494574	0.491901	0.547457	0.791696	0.595793	0.506369	0.002241	0.523880	0.035976	0.909936	0.309343	0.923816	0.322941	0.003953	0.969159	0.878978	0.431032	0.958065	0.940797	0.164265	0.982627	0.085879	0.094693	0.804929	0.471575	0.784361	0.737448	
0.381039	0.846641	0.646657	0.601410	0.279534	0.896515	0.010931	0.987360	0.373902	0.845831	0.954854	0.069539	0.071194	0.474648	0.322031	0.563732	0.272485	0.088062	0.226173	0.444778	0.721914	0.743306	0.178605	0.908041	0.700652	0.012287	0.694397	0.415289	0.622940	0.621144	0.102033	0.648041	0.595249	0.293660	0.425574	0.327130	0.079732	0.880333	0.801102	0.810845	
0.542246	0.157260	0.904958	0.002233	0.462486	0.472869	0.808254	0.939037	0.857012	0.224925	0.971136	0.430074	0.622490	0.309206	0.098781	0.925345	0.943182	0.877670	0.655155	0.376038	0.503281	0.682160	0.969816	0.715037	0.853894	0.109415	0.492016	0.875899	0.849896	0.538098	0.305155	0.589705	0.546049	0.096478	0.347279	0.318845	0.321422	0.162095	0.622202	0.118066	
0.817094	0.301127	0.766970	0.423616	0.362130	0.565544	0.425158	0.915623	0.622624	0.172410	0.484616	0.820463	0.492259	0.097275	0.859689	0.590557	0.442822	0.985893	0.068710	0.826659	0.371224	0.098125	0.547452	0.767588	0.025849	0.139980	0.431253	0.316502	0.943001	0.037974	0.629119	0.479473	0.520216	0.281734	0.874875	0.019765	0.500596	0.042481	0.131639	0.218124	
0.750068	0.667953	0.318546	0.104834	0.398233	0.064237	0.771340	0.099293	0.009076	0.880481	0.489420	0.130051	0.018137	0.038063	0.982602	0.307264	0.614290	0.913992	0.959672	0.194383	0.161634	0.385256	0.802330	0.224530	0.865576	0.695358	0.005256	0.345011	0.997941	0.173169	0.639261	0.713212	0.455650	0.186387	0.646030	0.773226	0.639389	0.740638	0.643032	0.253125	
0.070178	0.863604	0.773891	0.098828	0.591690	0.752374	0.752431	0.484502	0.092790	0.623403	0.051657	0.546485	0.555112	0.132765	0.252291	0.706752	0.334372	0.397904	0.778972	0.880095	0.768730	0.601613	0.098055	0.729242	0.757003	0.929666	0.749274	0.499707	0.763274	0.502530	0.018362	0.338035	0.779638	0.460997	0.232671	0.929273	0.973561	0.522561	0.617002	0.262462	
0.604447	0.182665	0.668279	0.658107	0.314844	0.447118	0.369919	0.685940	0.521091	0.708168	0.488029	0.755163	0.168328	0.533206	0.529527	0.159335	0.987796	0.487696	0.024372	0.087628	0.306440	0.672422	0.319899	0.825916	0.505299	0.594752	0.171525	0.454918	0.627640	0.125184	0.783792	0.291141	0.626519	0.427662	0.924639	0.990108	0.050036	0.907438	0.020891	0.210925	
0.267437	0.519518	0.155592	0.778816	0.962559	0.940398	0.188518	0.517939	0.010376	0.465928	0.460891	0.166094	0.118566	0.880861	0.806885	0.665647	0.897463	0.513285	0.159601	0.836287	0.196100	0.868512	0.008225	0.199654	0.332051	0.953616	0.121619	0.303868	0.193242	0.379642	0.276515	0.074450	0.230455	0.227033	0.879835	0.512216	0.840005	0.460552	0.767178	0.866830	
0.325789	0.892171	0.940156	0.687593	0.380769	0.133526	0.112524	0.831263	0.795711	0.733035	0.121615	0.751481	0.625979	0.809850	0.872240	0.492386	0.497127	0.645438	0.580597	0.570682	0.400265	0.618651	0.912185	0.855768	0.508209	0.383443	0.834053	0.591444	0.346958	0.853189	0.077974	0.417227	0.730133	0.012384	0.395695	0.272097	0.287274	0.308749	0.340661	0.907355	
0.753320	0.478693	0.425722	0.047406	0.471432	0.991877	0.246171	0.124507	0.471768	0.287035	0.719957	0.663423	0.449879	0.206690	0.136689	0.639409	0.404844	0.477383	0.188240	0.603246	0.425383	0.209078	0.004227	0.647858	0.470477	0.343458	0.494024	0.197665	0.979053	0.734442	0.518401	0.005751	0.491954	0.753811	0.007922	0.339866	0.952179	0.104859	0.882530	0.432401	
0.687611	0.543441	0.782739	0.125538	0.145462	0.877534	0.233832	0.587108	0.366419	0.405980	0.697976	0.807646	0.294790	0.606561	0.665224	0.530326	0.814821	0.534470	0.814873	0.359352	0.519988	0.624198	0.120171	0.479606	0.552226	0.860931	0.631432	0.900356	0.581083	0.103541	0.545879	0.599142	0.707634	0.958260	0.793619	0.482843	0.554498	0.067428	0.318348	0.161259	
0.432620	0.120775	0.690769	0.990273	0.528049	0.518159	0.727681	0.434628	0.250912	0.957824	0.710499	0.358138	0.547708	0.939666	0.972600	0.736629	0.123116	0.469271	0.878536	0.085737	0.553358	0.480512	0.721196	0.716355	0.308027	0.016639	0.114845	0.283523	0.800343	0.528608	0.324114	0.178163	0.122641	0.261115	0.106977	0.407762	0.950747	0.941374	0.803414	0.644051	
0.331907	0.129968	0.035468	0.109304	0.636680	0.608754	0.903149	0.408024	0.434350	0.026968	0.015990	0.201662	0.323004	0.638680	0.800764	0.237859	0.943422	0.579423	0.781317	0.814700	0.326640	0.378791	0.210372	0.255581	0.455953	0.186049	0.717279	0.438680	0.530747	0.166701	0.360091	0.464182	0.772387	0.282402	0.732333	0.971701	0.520558	0.288763	0.137307	0.375652	
0.826893	0.065203	0.949412	0.584454	0.581243	0.811670	0.155715	0.244848	0.319457	0.481806	0.624353	0.110764	0.803999	0.875840	0.943871	0.534566	0.813193	0.314935	0.103652	0.242764	0.650543	0.626230	0.330286	0.734359	0.398328	0.701534	0.669672	0.167591	0.211825	0.414976	0.294922	0.926459	0.549311	0.870720	0.140782	0.337859	0.167918	0.597583	0.835167	0.147947	
0.548106	0.256176	0.661778	0.691449	0.467198	0.029298	0.055967	0.870236	0.197150	0.258241	0.854440	0.129257	0.560189	0.520563	0.058781	0.628852	0.517991	0.824665	0.308795	0.053372	0.622539	0.538114	0.038427	0.283784	0.149305	0.573510	0.138125	0.026105	0.429605	0.093671	0.215178	0.095273	0.607551	0.912938	0.436052	0.692339	0.048981	0.737097	0.638802	0.322986	
0.562905	0.791853	0.599262	0.399344	0.364625	0.517253	0.215538	0.312972	0.532465	0.739434	0.192221	0.027109	0.662226	0.328610	0.785086	0.089136	0.548092	0.049021	0.698947	0.176221	0.941381	0.643376	0.306001	0.980008	0.182258	0.806984	0.151215	0.615680	0.598298	0.114470	0.595886	0.731375	0.084595	0.291331	0.228762	0.847115	0.161026	0.327063	0.446839	0.305494	
0.026512	0.003576	0.946570	0.991169	0.563546	0.928253	0.309245	0.303410	0.440025	0.177382	0.062294	0.838930	0.514988	0.690347	0.473063	0.590924	0.108318	0.677304	0.213756	0.599757	0.774112	0.936734	0.187638	0.477196	0.834886	0.296450	0.679076	0.120500	0.301373	0.155891	0.806688	0.274011	0.341316	0.969894	0.619788	0.332373	0.097662	0.477257	0.509252	0.912963	
0.609032	0.241319	0.344792	0.482171	0.172666	0.420601	0.384878	0.894359	0.645927	0.281265	0.433905	0.659615	0.882747	0.816867	0.091325	0.736138	0.939243	0.988464	0.339276	0.930200	0.108698	0.491296	0.045413	0.219770	0.249909	0.957055	0.114675	0.215381	0.753542	0.389420	0.762079	0.545224	0.103015	0.985357	0.004324	0.954233	0.266359	0.606598	0.831183	0.003112	
0.327405	0.764907	0.576838	0.439500	0.012537	0.175246	0.954478	0.475937	0.254158	0.499783	0.376852	0.371503	0.899544	0.954983	0.804470	0.811820	0.918263	0.573954	0.557014	0.825480	0.842375	0.344167	0.721196	0.854346	0.281399	0.233835	0.808145	0.301461	0.583439	0.438417	0.214539	0.519784	0.826963	0.627902	0.107192	0.953529	0.454108	0.746420	0.117800	0.150657	
0.954896	0.057450	0.989830	0.470730	0.615355	0.961179	0.159384	0.962696	0.574700	0.370325	0.043980	0.631460	0.621549	0.673392	0.978646	0.138548	0.208541	0.696582	0.554908	0.771641	0.076460	0.000157	0.213782	0.222191	0.553451	0.470375	0.916369	0.095519	0.479715	0.277268	0.592960	0.391902	0.611813	0.999873	0.255797	0.336984	0.504333	0.568100	0.299995	0.506597	
0.382807	0.450878	0.078806	0.837094	0.315308	0.016882	0.530177	0.709771	0.497268	0.308711	0.481158	0.085322	0.982838	0.703605	0.443713	0.136279	0.187174	0.125696	0.133554	0.824501	0.077152	0.357131	0.250167	0.749320	0.776545	0.500501	0.703727	0.243193	0.239244	0.969397	0.157000	0.509477	0.692833	0.610154	0.597963	0.275249	0.276039	0.282444	0.699281	0.273641	
0.089795	0.733530	0.359964	0.480087	0.923522	0.282166	0.555160	0.424696	0.426815	0.074380	0.469506	0.699893	0.982008	0.271750	0.014100	0.157117	0.319533	0.897417	0.867370	0.278705	0.826988	0.871414	0.352513	0.630142	0.330961	0.804107	0.054151	0.546011	0.486336	0.717449	0.363153	0.604332	0.765212	0.362182	0.879253	0.423474	0.201758	0.088390	0.590997	0.333600	
0.423054	0.722425	0.641707	0.513364	0.086198	0.628479	0.105379	0.132037	0.734560	0.503173	0.135106	0.320054	0.221534	0.891135	0.126976	0.734489	0.362442	0.027234	0.725350	0.132191	0.771411	0.260899	0.993481	0.747380	0.887154	0.341854	0.177200	0.359124	0.070352	0.211265	0.474994	0.747357	0.402668	0.841584	0.315188	0.939566	0.734446	0.963388	0.593399	0.455969	
0.961322	0.502813	0.459731	0.537256	0.112196	0.727411	0.694276	0.424625	0.249358	0.224962	0.239986	0.651146	0.364992	0.702359	0.325302	0.438944	0.956151	0.425146	0.803695	0.945966	0.710923	0.503080	0.148144	0.502142	0.193915	0.962049	0.891632	0.408333	0.227729	0.215015	0.269021	0.839656	0.595717	0.641055	0.227203	0.315302	0.260396	0.343324	0.746088	0.806043	
0.572571	0.373904	0.381287	0.720826	0.892930	0.162048	0.589801	0.387122	0.266505	0.584930	0.615197	0.431834	0.718615	0.284134	0.620625	0.404706	0.858268	0.657398	0.560848	0.848571	0.314066	0.615728	0.012322	0.089384	0.031027	0.772535	0.574546	0.521817	0.979528	0.757863	0.896128	0.793349	0.941180	0.993951	0.828971	0.955805	0.853141	0.046903	0.574382	0.144291	
0.810601	0.251633	0.121196	0.678307	0.579401	0.700876	0.598739	0.229925	0.944972	0.041946	0.066398	0.916980	0.569284	0.785003	0.100171	0.749075	0.846120	0.295919	0.774158	0.068039	0.410396	0.829088	0.263141	0.549054	0.282888	0.982055	0.588751	0.268826	0.862918	0.301701	0.983123	0.873861	0.051484	0.796558	0.144006	0.179202	0.633513	0.563538	0.067303	0.104766	
0.703593	0.699478	0.985856	0.450379	0.022132	0.811863	0.802857	0.834498	0.855504	0.679984	0.495654	0.553912	0.867476	0.025821	0.230042	0.284971	0.217408	0.225979	0.952752	0.052038	0.428439	0.980139	0.549625	0.085637	0.445694	0.404639	0.624807	0.070516	0.076001	0.427062	0.226924	0.239678	0.696481	0.647597	0.142016	0.624116	0.563537	0.801750	0.418893	0.518291	
0.653007	0.805936	0.881481	0.770097	0.972789	0.263524	0.909192	0.644046	0.968858	0.254905	0.991278	0.681329	0.483277	0.667976	0.370465	0.766757	0.109198	0.301286	0.449145	0.948159	0.268542	0.621647	0.714885	0.783406	0.557335	0.794617	0.917331	0.103427	0.959024	0.302778	0.957671	0.352962	0.642229	0.057547	0.725631	0.513307	0.217390	0.171905	0.400647	0.616017	
0.993621	0.506595	0.886580	0.311561	0.381425	0.175094	0.683875	0.405965	0.182304	0.417478	0.469218	0.902106	0.065739	0.618882	0.029322	0.424368	0.645534	0.933896	0.540984	0.377718	0.859796	0.261505	0.080868	0.869775	0.130981	0.171105	0.218037	0.286807	0.147223	0.750163	0.140589	0.199489	0.105493	0.318237	0.378842	0.568886	0.248768	0.782309	0.497860	0.592807	
0.939336	0.229040	0.837124	0.441150	0.421536	0.160893	0.365844	0.348247	0.493767	0.117814	0.362439	0.111247	0.517090	0.940842	0.545640	0.643792	0.297561	0.642350	0.388679	0.119031	0.274813	0.372340	0.640305	0.111994	0.387071	0.006681	0.916507	0.360718	0.011483	0.448548	0.835209	0.042098	0.965172	0.267454	0.767948	0.164067	0.666409	0.683418	0.256994	0.440787	
0.025220	0.393576	0.565395	0.375325	0.055854	0.134000	0.916213	0.023832	0.860546	0.235237	0.677772	0.671255	0.935711	0.650896	0.150086	0.836770	0.539151	0.117032	0.984640	0.681423	0.316231	0.931556	0.991520	0.113830	0.246675	0.480560	0.748371	0.268628	0.506488	0.876786	0.011208	0.831879	0.943902	0.654904	0.441269	0.969036	0.151750	0.989944	0.855981	0.995337	
0.452841	0.027102	0.627711	0.885294	0.215255	0.790774	0.475636	0.776821	0.571565	0.348081	0.768053	0.770334	0.217708	0.063074	0.864052	0.176345	0.534307	0.518105	0.499178	0.296218	0.165479	0.940895	0.709645	0.060654	0.149443	0.294044	0.725851	0.837300	0.824656	0.017249	0.958785	0.005602	0.397040	0.655111	0.927106	0.610650	0.038322	0.733702	0.269262	0.029177	
0.203090	0.336201	0.387599	0.872501	0.073875	0.900963	0.083343	0.525753	0.430272	0.376601	0.132193	0.449965	0.538797	0.918482	0.978022	0.226765	0.270879	0.110054	0.736467	0.870733	0.872304	0.843003	0.678261	0.436030	0.549619	0.465912	0.799882	0.852328	0.099543	0.146739	0.718468	0.258677	0.936470	0.647824	0.351285	0.483280	0.290253	0.179236	0.695039	0.077047	
0.427896	0.926471	0.458835	0.566458	0.549608	0.635942	0.086701	0.257422	0.263349	0.696109	0.423803	0.838224	0.505672	0.682569	0.632725	0.445369	0.302574	0.288400	0.150638	0.319786	0.568056	0.968321	0.850347	0.677928	0.130989	0.728331	0.553426	0.268846	0.584015	0.259809	0.711030	0.277362	0.077018	0.775013	0.420621	0.927903	0.050527	0.643433	0.121967	0.014571	
0.695399	0.807747	0.309458	0.307924	0.028008	0.110213	0.272912	0.752643	0.953336	0.577587	0.622454	0.362633	0.401713	0.573856	0.327428	0.776636	0.331330	0.271653	0.660976	0.534261	0.147311	0.428023	0.032048	0.770154	0.708321	0.359341	0.853230	0.003756	0.728041	0.778624	0.166040	0.078297	0.139642	0.138157	0.929527	0.489602	0.316891	0.497062	0.098290	0.334323	

Printing Matrix C
11.425347	9.235032	12.425945	11.659928	9.442844	10.841068	9.645022	12.155457	9.638205	9.273363	10.066672	10.428912	10.822394	12.226123	11.200484	9.413649	11.646000	11.061997	11.812840	10.539310	10.549695	11.912489	8.046590	11.253498	9.457472	11.271575	11.458384	9.552102	11.809733	7.201514	10.522028	10.005606	9.999411	11.316704	9.137696	9.774768	8.700944	9.329224	9.380240	9.363012	
11.867915	11.484209	12.892504	9.844449	9.403026	10.788623	11.019963	10.753763	10.343688	9.259861	11.034739	10.771812	11.115541	11.325253	10.374439	10.603996	11.386727	11.419454	12.762310	11.266664	11.275661	11.629057	9.730865	11.172924	9.729067	10.711276	11.531402	8.692434	12.656539	8.917978	10.662722	10.011093	10.972801	11.453573	10.902174	12.141348	10.372824	10.055697	9.773863	9.158274	
10.939966	9.717460	12.832136	11.899922	10.001101	11.073761	9.721506	12.587843	10.402021	8.619515	10.023817	10.682383	11.498158	12.409484	10.226407	10.075105	11.061405	11.672625	11.810006	10.368477	10.771622	11.653166	9.181554	10.936080	9.372822	10.064026	10.761361	8.939524	11.762165	7.998097	10.505330	9.400161	10.648625	12.225267	9.547820	10.582481	9.434468	9.851106	9.211940	8.693053	
12.084326	9.745971	12.472198	11.573059	9.056259	11.109841	9.750383	11.486620	10.265255	9.309408	10.840423	10.268920	11.694938	12.137401	10.821145	9.834621	10.732183	11.460966	12.123273	10.675697	10.765663	12.542371	8.863693	9.961954	9.555232	10.317409	11.648976	8.496166	11.541223	8.785134	11.001549	10.071003	10.765480	12.736565	10.587206	10.935782	8.927690	10.775534	10.356893	8.889058	
8.124547	7.476847	9.295565	9.648168	7.905441	9.161369	7.843223	8.525801	7.553507	7.190581	7.383231	7.429579	9.831319	10.169110	9.069855	7.664153	8.190571	8.346193	9.724523	8.923400	8.474015	10.459091	7.077705	7.125552	7.574164	7.875114	10.237087	7.545526	8.078460	6.797598	8.606256	8.150058	9.941395	10.089636	8.435521	8.783603	7.149457	7.980694	8.180122	7.438009	
9.380179	9.500281	11.296065	11.250793	8.175348	9.571742	8.856560	10.501830	9.430834	8.636835	9.931458	9.669430	10.528177	11.778621	9.140686	10.246184	9.914035	9.619495	10.361816	8.990411	9.237342	11.558122	8.484422	9.326742	8.555997	9.310093	9.988720	7.330202	10.494114	7.848437	9.775798	8.457912	9.092171	11.364709	9.108540	10.630610	8.377606	10.553949	9.040829	9.217005	
12.793715	9.671892	12.254914	11.395849	10.278191	9.698289	10.717672	11.347328	10.472875	9.752111	10.929140	10.196730	12.437255	13.348686	10.567990	11.145092	12.761546	12.461756	12.182657	10.698731	10.350956	12.453135	7.959436	11.386827	9.238297	11.552020	11.209304	8.144192	12.389868	9.601462	10.527055	10.397075	11.478783	11.812553	10.343804	11.670556	9.796124	10.851381	10.406324	9.278177	
9.497356	8.060368	11.178520	11.077548	8.339215	9.244746	8.229544	10.405003	9.522947	7.732682	9.487247	9.443473	10.840672	11.176674	8.540841	8.795610	8.967472	9.900816	9.912847	8.126369	9.200133	10.485455	7.723050	9.662861	8.722256	8.568252	9.590627	6.595930	10.602353	7.948089	9.264596	8.464177	8.792665	11.782651	8.951796	9.225761	7.755045	10.180207	8.089886	7.951915	
9.933654	9.434986	10.710211	10.904893	8.672169	10.091838	8.675002	11.236607	9.498086	8.288812	8.336421	9.334129	10.154157	11.647124	9.194672	9.657471	10.615584	10.110570	10.746167	9.736323	9.722876	10.468947	7.390680	10.426437	9.156613	9.751903	10.049572	7.894068	10.257077	8.186776	8.954522	9.093637	9.327802	10.482218	9.176634	9.579003	9.519212	9.490729	9.157517	9.381603	
10.612469	8.240059	10.838728	9.993030	8.976986	10.363135	9.032075	10.118742	9.654594	8.616972	8.144608	9.367170	10.150761	11.902048	9.869902	9.793134	10.850117	10.332729	10.855600	8.993552	8.475167	11.004578	7.501827	9.428816	8.385032	9.625502	9.370237	7.225595	10.626773	7.345287	9.954874	8.822312	9.092433	10.755273	9.519702	11.411407	8.972314	10.509504	8.041935	6.869634	
7.273066	7.296453	9.184833	8.074964	7.537649	7.399278	7.598839	8.187688	6.841161	6.475180	7.976902	7.801698	8.523601	9.281639	7.198136	7.179575	8.375416	9.177126	9.270400	8.148626	8.414561	9.046528	6.310149	7.542185	7.587316	7.994235	7.498155	6.706385	8.646885	6.487843	7.529175	6.814692	8.031611	8.811307	8.245682	8.859587	7.706321	7.373691	7.404505	7.322387	
10.618733	9.084513	11.674164	9.812099	9.324510	9.897012	8.853087	10.478721	9.631698	8.160868	9.568169	9.874537	11.072398	11.474861	9.060486	9.509778	10.141285	10.667657	10.709624	10.468990	9.604407	11.178257	6.950103	10.032691	8.846778	10.100699	10.747199	7.910416	10.558063	8.595077	9.845404	8.827325	10.942856	11.126564	9.868369	10.544062	8.484105	8.447638	9.265491	7.808214	
7.819217	8.846635	9.071026	9.025882	8.369811	7.950632	7.386128	9.078478	6.782890	7.587554	8.123026	7.852885	8.727545	9.379601	7.894525	7.574431	7.875827	9.985599	8.752562	8.323536	8.770068	9.221290	6.684232	8.514403	8.284958	7.687033	7.684180	6.979372	9.631984	6.673517	8.582766	7.578851	7.912257	9.144924	9.028282	8.355274	7.531629	7.767975	7.087225	7.230052	
8.060354	7.813095	10.064864	9.331721	7.656106	10.022350	7.493618	9.168848	8.182603	6.868814	8.277120	8.207890	9.465126	9.803652	9.035085	7.593427	8.468654	8.258305	9.135783	9.828240	8.720119	10.552755	6.612568	8.259262	7.747849	9.192349	9.526895	6.875323	9.215844	6.772706	8.596924	7.397796	9.211714	10.046933	8.955683	9.545577	7.105362	7.864069	8.412418	7.004775	
11.622162	10.312532	13.510760	12.286924	9.618037	10.817650	9.657997	12.356686	10.566551	9.714028	11.227503	10.943114	12.161495	12.672804	11.217901	10.496487	10.658668	11.239316	10.933107	11.422061	11.315526	11.889558	9.228626	12.294842	9.756956	10.679904	12.581451	8.499327	12.490760	9.124680	10.637258	9.209924	10.617774	11.853108	9.482769	10.270181	9.219061	10.017224	10.297302	10.050063	
10.783407	10.008764	12.130401	11.420268	9.140202	10.036175	8.479260	11.937540	10.056178	9.389040	10.094899	9.333277	11.475202	12.121059	9.966363	9.689274	10.864430	10.713986	10.598099	9.549202	9.853810	11.365048	9.042522	10.603914	9.307761	9.961318	10.058131	8.384680	11.140979	8.237216	10.077431	10.010046	9.755501	11.462111	9.495839	10.428897	8.648256	10.015709	9.397115	8.972998	
9.560806	7.109681	9.862330	9.688800	6.798591	9.138969	7.886619	9.167301	8.532500	7.040586	7.729229	8.938037	9.273546	10.766143	9.578271	7.967283	9.677897	8.432753	9.134690	9.325271	8.723477	9.479126	6.992605	9.626819	7.261528	8.804461	10.178835	6.283725	9.495883	6.387619	8.300328	7.372005	8.524019	10.270725	7.251157	9.149656	7.028649	8.625350	7.534390	7.247109	
8.640097	8.486021	10.071112	8.842075	8.374200	9.364018	7.046140	9.293504	7.540616	7.983868	8.882407	7.144185	9.217354	10.589832	9.000635	8.499373	8.914300	9.046460	8.919711	7.772354	8.987529	10.057461	7.225886	8.598325	8.812630	8.273944	8.938321	6.665504	9.087676	6.656463	8.422366	7.881930	8.420748	9.741089	8.213576	9.106948	7.539456	8.822649	7.834276	7.201280	
11.465282	9.259035	12.433007	11.120379	7.933219	11.378682	8.442699	11.702636	9.834464	9.378463	10.312761	9.050557	10.802218	11.987148	11.088313	9.546499	10.556885	10.691196	10.958133	9.374173	10.730302	10.788605	9.314948	10.308036	9.091745	8.710806	10.448539	8.198522	11.197228	7.253457	10.466792	8.897739	10.286803	12.160791	8.637496	10.661874	9.150091	10.856532	9.566524	8.245416	
11.330930	9.483838	12.461688	9.597409	8.179375	9.235176	10.426679	10.769789	10.433870	8.838675	10.660533	9.970142	11.063906	12.041797	9.427675	10.074327	11.028013	10.891690	12.121936	9.803633	10.142324	11.131598	9.296552	10.260510	9.118638	9.060590	10.796881	8.255585	11.235540	8.381765	9.645974	9.793280	10.791055	10.686904	9.433029	11.308158	9.154184	10.288576	9.201369	9.120173	
11.062369	10.004684	13.007510	11.208411	9.572101	10.581791	10.336931	11.619087	10.158063	8.666342	9.462084	10.361585	11.460440	12.863658	10.341525	10.176213	11.327988	11.935478	12.094631	11.792011	11.229674	11.150920	9.176389	11.000103	10.039278	9.673529	11.848723	8.798264	11.585455	9.126675	10.149011	10.149893	12.230088	12.490315	10.888309	11.389248	10.226561	10.251235	9.157387	9.174898	
11.189465	9.578733	11.668766	9.762380	9.360139	9.406691	9.964831	10.594573	10.156305	8.296162	10.173274	10.186614	11.185941	10.692891	8.960753	9.727749	9.864969	10.832076	12.213159	9.606522	9.831792	11.428574	7.148308	10.255190	8.647435	10.113277	10.764329	7.842792	11.709275	8.419173	9.792289	8.634330	10.466478	10.806028	9.946055	10.296165	9.240689	8.632846	8.835166	8.420907	
11.456174	9.857647	11.620736	10.654311	9.195480	10.845401	10.075466	11.232132	10.371846	8.809985	10.366182	10.203666	10.611487	12.700775	10.275497	10.740458	11.543329	11.015009	12.328432	10.384175	10.441285	11.551792	8.744049	11.174663	9.952165	10.368978	11.036221	8.422332	12.037764	8.179044	10.227730	10.435139	10.529645	11.152512	10.193117	10.849302	9.092842	10.461391	9.969136	9.691013	
10.576663	9.865950	11.539454	10.155573	8.824048	11.153687	8.658531	11.217769	10.060195	8.724916	9.488046	9.545997	10.757585	12.057993	10.337545	9.449313	11.249071	10.893848	11.612896	10.032133	9.358801	10.949577	8.821395	9.655816	9.725976	9.592519	10.471781	9.047754	11.434110	8.468196	10.276254	10.060182	10.487453	11.793933	9.876213	10.726979	9.047564	9.655832	9.149332	8.087344	
10.820450	10.549910	12.429529	11.417524	9.977581	11.321343	10.308073	11.507066	10.201390	9.554690	11.071292	10.843539	11.585028	11.936948	11.192374	10.870224	10.438487	11.339073	11.807855	11.470166	10.577343	11.856044	9.083953	11.017235	10.092058	10.323648	11.954436	8.347540	13.195863	9.112680	10.826606	9.814422	11.024854	12.027929	10.464568	10.622059	10.081596	9.719336	9.925479	9.597036	
10.882707	9.142295	12.856423	12.307697	10.215939	11.130811	9.405207	11.510349	9.579832	9.469998	10.557243	10.434598	10.798128	13.146930	10.722562	10.031209	11.477885	11.845125	11.964346	10.654359	10.995127	12.821169	8.670046	10.071113	9.409282	10.778570	10.822729	8.727366	11.981519	8.086519	10.992720	9.242141	10.720935	12.479994	10.657629	11.823238	9.956839	11.369690	9.936279	9.939375	
11.766752	10.236765	12.965569	11.751148	10.844464	11.023245	9.938584	11.857599	11.968908	9.069908	10.847773	10.658471	12.898646	13.035748	10.847327	9.993710	11.156564	11.913597	12.358821	10.830537	10.464550	12.978859	9.230561	10.360419	9.889466	10.514194	11.958875	8.809100	11.675131	9.560559	11.558931	9.898963	11.538935	12.477748	11.609964	11.498311	9.577276	9.736882	9.341522	9.384547	
10.563526	9.462293	12.208485	10.104880	7.865328	9.754188	9.334938	10.745653	10.286063	8.881074	9.490145	10.147151	10.201359	10.757542	8.920679	9.674671	9.943048	10.004679	10.622479	10.159510	9.763456	10.881796	8.076716	10.713729	8.632765	9.871496	9.988373	6.578239	11.278577	7.671396	9.190483	8.225344	9.482557	10.691566	8.800401	11.321807	8.282082	10.432728	8.924421	9.179027	
10.225428	10.472152	12.068417	12.091921	9.556025	11.624504	9.467839	11.846121	10.580156	9.221570	10.200057	9.752915	12.131568	13.203494	10.740514	10.510258	11.332314	10.874451	12.210583	10.623761	11.070575	12.753539	9.188765	10.795965	10.154913	10.121951	11.295014	8.940771	11.786760	8.801936	10.416907	9.429722	10.971772	12.725571	10.159987	11.950231	9.710422	11.010306	10.056768	9.442185	
9.085106	9.146557	10.019859	11.142815	9.949064	8.953233	8.671389	10.093533	9.271515	7.794981	9.090582	9.469318	10.888624	11.993146	8.831348	8.446433	10.559848	10.158412	10.286131	10.025729	9.128112	11.159223	7.891380	9.024091	7.993455	10.458223	9.322954	8.098668	10.802347	8.155276	10.209942	8.927633	9.639556	11.092750	9.471997	10.483999	8.725596	8.783001	8.402674	8.679820	
10.326329	9.590692	13.387509	12.380282	10.157111	10.719746	8.796898	10.888497	10.465746	9.069834	10.626482	10.354013	10.959435	13.283777	10.165804	10.808067	10.587570	10.534319	10.772734	8.966332	10.416941	12.797494	10.089824	11.237724	9.772286	10.628546	10.331439	8.285140	11.543657	8.212053	10.571847	9.636140	10.502733	11.922341	10.992372	10.820254	9.072077	11.352459	9.327741	9.280360	
11.792521	10.744827	13.217131	12.000261	10.182484	11.468733	11.341134	11.978290	11.296031	10.059414	10.324662	10.875345	12.986095	13.102473	11.299500	11.336434	11.354006	12.343349	13.664586	10.595844	12.013973	12.549126	9.811482	12.191778	10.827260	10.216408	11.558696	9.392797	12.671438	8.787122	11.502903	10.349576	12.173339	12.466649	10.894977	12.494799	10.583111	11.296956	10.462427	9.879507	
10.319342	8.164651	10.620581	9.630932	8.777349	9.615060	7.554209	9.920003	8.939735	8.178793	9.596372	9.735087	9.778268	10.619347	9.572046	7.786162	10.353008	10.480538	9.528285	8.808965	9.092894	10.381519	7.105904	9.416695	7.553393	8.807776	9.467142	7.803175	10.898001	6.976373	9.804201	8.049762	8.348753	10.783842	9.737011	9.598914	8.107118	8.333829	6.737710	7.312642	
10.108006	9.554112	11.243119	10.647142	10.067307	10.007345	9.962937	10.561007	9.759418	8.737477	10.192950	9.165113	11.466290	11.813363	10.440719	9.331679	11.252793	10.922959	11.453289	11.195697	10.772665	12.053871	7.818333	10.003174	9.397265	10.742649	11.157189	8.759731	11.770447	7.906653	10.902467	9.346092	11.124686	11.094201	10.574513	11.426539	9.219948	8.841260	8.922393	8.830465	
8.970938	9.393954	10.215434	9.241017	8.084309	8.580531	8.893776	10.036856	8.586346	8.520972	8.639081	9.342644	10.159163	11.357783	9.504379	8.590433	10.474747	10.341389	11.212239	9.537870	9.909508	10.765321	7.333140	10.087631	8.257799	9.334869	9.488638	8.186159	10.577954	7.480395	8.453104	8.568700	9.031381	9.275408	9.226550	10.272160	8.475516	8.716091	7.398638	8.249350	
11.308617	9.680385	12.750544	12.186043	10.125244	10.827709	10.131313	11.829813	9.894197	8.563230	9.935321	10.623429	11.475641	12.005838	10.337733	9.549556	10.325612	12.209163	11.774397	11.024169	11.335977	11.901664	8.460126	9.864464	9.136772	9.607259	11.845297	8.632667	11.155229	8.457177	11.455249	9.452939	11.845627	12.209531	10.680960	10.055261	9.340575	9.939310	9.204883	9.482635	
9.456539	9.299688	9.918002	10.071343	8.501031	8.072504	8.770877	9.469990	8.955642	7.428342	8.590119	8.872505	10.328717	11.319955	8.849782	9.366331	10.496821	9.841534	10.378024	9.456031	8.785798	10.682347	8.410561	9.109816	7.438772	9.734541	9.363227	7.350333	10.157284	8.469681	9.174589	9.007649	9.430013	9.674803	9.236279	9.951660	7.721088	8.793448	8.737501	7.877691	
11.508987	10.199367	12.892946	11.207404	10.006925	10.652301	9.726916	11.266636	11.032064	8.693785	11.309247	10.419115	11.861766	12.363035	9.685225	10.781838	11.679815	11.542942	10.992880	10.607012	11.165601	12.209101	9.150209	11.448656	10.372870	11.439189	10.936091	8.505535	12.262187	8.768692	11.801853	9.871304	11.180276	12.954483	10.995342	12.372110	8.876024	9.886797	10.435758	8.303888	
9.571029	8.952888	11.253144	10.645704	9.204829	10.642334	8.166506	10.242254	8.322673	8.806684	9.499375	9.076458	10.413289	10.769523	9.853918	8.998503	10.552394	10.850798	10.938036	8.632811	10.197617	12.265419	8.025374	8.750347	9.056091	10.081899	9.000636	8.855132	10.603795	6.975663	10.720709	9.109804	9.576691	12.411895	9.743147	11.300555	8.342550	9.352087	9.455542	6.916052	
9.554962	8.393041	11.340144	9.626696	8.367235	10.460130	7.753942	9.769884	8.709540	7.859348	9.378126	8.745526	9.989412	11.207018	9.644643	8.588406	9.482573	9.454553	10.119825	9.394559	9.664373	10.525188	7.707128	8.680489	9.180010	9.157769	10.183594	7.487400	9.691949	7.072844	9.694036	8.413612	9.910735	11.488007	9.068070	10.227622	8.497224	9.132601	9.036147	8.491802	
The results Matches
MPI_Wtime measured for total run by process 7 = 0.003386
MPI_Wtime measured for total run by process 1 = 0.003387
MPI_Wtime measured for total run by process 2 = 0.003419
MPI_Wtime measured for total run by process 3 = 0.003407
MPI_Wtime measured for total run by process 4 = 0.003403
MPI_Wtime measured for total run by process 5 = 0.003383
MPI_Wtime measured for total run by process 6 = 0.003416
MPI_Wtime measured for total run by process 8 = 0.003409
MPI_Wtime measured for total run by process 9 = 0.003401
MPI_Wtime measured for total run by process 10 = 0.003430
MPI_Wtime measured for total run by process 11 = 0.003422
MPI_Wtime measured for total run by process 12 = 0.003416
MPI_Wtime measured for total run by process 13 = 0.003381
MPI_Wtime measured for total run by process 14 = 0.003419
MPI_Wtime measured for total run by process 15 = 0.003419
