MPI_Wtime measured for total run by process 0 = 0.004793
Total time by each process = 0.019136  And Average = 0.004784 , Comm_TIME = 0.000000
Printing Matrix A
0.547183	0.520927	0.100758	0.974868	0.200189	0.837023	0.787218	0.935847	0.945610	0.681953	0.338953	0.663184	0.492951	0.927064	0.805497	0.367026	0.425099	0.748406	0.529279	0.808935	0.208046	0.727669	0.199107	0.619135	0.206619	0.364928	0.910058	0.626847	0.996189	0.614642	0.343108	0.154365	0.869621	0.294065	0.626045	0.128369	0.748957	0.829354	0.519554	0.092782	
0.749577	0.271746	0.485822	0.062644	0.452504	0.283697	0.658955	0.563819	0.340834	0.927477	0.960883	0.800969	0.911884	0.657904	0.078813	0.157612	0.208396	0.488025	0.327952	0.176230	0.227955	0.576068	0.897989	0.415486	0.997770	0.205702	0.398809	0.668494	0.636995	0.742131	0.077084	0.544198	0.329101	0.979698	0.582891	0.437508	0.615855	0.697756	0.153463	0.752667	
0.456205	0.109887	0.965040	0.165707	0.104778	0.317843	0.807580	0.467343	0.894263	0.793733	0.602968	0.288000	0.244817	0.732667	0.098998	0.549514	0.443703	0.410218	0.437781	0.010779	0.483763	0.724422	0.190663	0.428024	0.638805	0.562080	0.452998	0.460597	0.835835	0.096095	0.678598	0.490036	0.305010	0.531045	0.476178	0.285350	0.870446	0.251284	0.201537	0.146034	
0.901064	0.082116	0.558193	0.051876	0.735977	0.328861	0.793581	0.536876	0.719151	0.841381	0.609745	0.155269	0.136503	0.541299	0.085860	0.178383	0.395447	0.340985	0.803212	0.347668	0.540833	0.953763	0.495426	0.433004	0.558560	0.409905	0.401116	0.648495	0.971728	0.875659	0.877127	0.044512	0.314541	0.226214	0.778358	0.656942	0.250410	0.653605	0.101344	0.960413	
0.360993	0.828208	0.935492	0.299728	0.666497	0.964808	0.229429	0.816198	0.394816	0.661723	0.616294	0.492366	0.929369	0.612540	0.232580	0.690617	0.943271	0.355683	0.995528	0.785984	0.830797	0.205650	0.760111	0.604196	0.064260	0.328101	0.584583	0.547258	0.966438	0.544666	0.732752	0.792592	0.754108	0.554786	0.803685	0.411662	0.091562	0.694708	0.639160	0.006599	
0.564824	0.383974	0.155168	0.663360	0.091030	0.320624	0.443309	0.499805	0.261490	0.947055	0.395361	0.699657	0.976029	0.338595	0.693270	0.318609	0.679895	0.407500	0.633815	0.956669	0.278886	0.548627	0.390510	0.919614	0.103023	0.717175	0.225385	0.985308	0.811197	0.816602	0.669098	0.762560	0.837794	0.184056	0.240921	0.196453	0.418019	0.242003	0.793513	0.460528	
0.028285	0.394920	0.594535	0.455084	0.704131	0.910199	0.406897	0.722221	0.842820	0.716299	0.047002	0.603548	0.657833	0.273549	0.007169	0.347881	0.911780	0.289124	0.123030	0.912047	0.015894	0.200389	0.495005	0.667481	0.828888	0.421565	0.296532	0.340912	0.870665	0.405710	0.348538	0.913288	0.496393	0.766633	0.946619	0.446583	0.500925	0.385304	0.569583	0.333754	
0.436565	0.274362	0.780433	0.687461	0.229734	0.528932	0.846762	0.838590	0.644631	0.962576	0.283903	0.553764	0.056132	0.780758	0.991853	0.024187	0.869832	0.161514	0.913822	0.301363	0.942145	0.721829	0.272515	0.132061	0.165642	0.508397	0.503797	0.234374	0.001229	0.185644	0.129644	0.421499	0.508379	0.649740	0.431987	0.565758	0.781399	0.163039	0.848006	0.971062	
0.389738	0.463194	0.541620	0.453463	0.712699	0.535931	0.848938	0.841818	0.540442	0.779518	0.442663	0.346561	0.632863	0.277977	0.804701	0.494517	0.728497	0.087973	0.655278	0.812967	0.180543	0.210319	0.306328	0.386797	0.543696	0.819199	0.511591	0.210421	0.675361	0.625322	0.737436	0.674500	0.077549	0.736051	0.303908	0.100804	0.897916	0.513932	0.363261	0.051014	
0.067044	0.893316	0.035974	0.723089	0.592135	0.191397	0.468250	0.795505	0.628369	0.278627	0.080575	0.416729	0.690554	0.182734	0.831390	0.960771	0.103961	0.477070	0.957824	0.851270	0.548571	0.879531	0.908563	0.562620	0.206592	0.469210	0.220677	0.265657	0.816600	0.965045	0.682139	0.546424	0.779904	0.926035	0.223653	0.287688	0.819971	0.789044	0.842254	0.265467	
0.192912	0.336012	0.620617	0.324820	0.050061	0.085206	0.215682	0.518300	0.655124	0.733315	0.221639	0.651000	0.188222	0.770145	0.791709	0.079322	0.770290	0.398209	0.017004	0.828123	0.012894	0.799264	0.544959	0.224163	0.761899	0.078860	0.978482	0.025149	0.169904	0.197180	0.830907	0.946233	0.691836	0.992104	0.067471	0.775904	0.733557	0.308942	0.892732	0.478599	
0.490583	0.638169	0.287318	0.635768	0.458613	0.418834	0.109450	0.890718	0.709509	0.510126	0.703049	0.857345	0.861199	0.715122	0.699392	0.408562	0.751179	0.659040	0.710050	0.495719	0.127756	0.458183	0.279619	0.038492	0.231722	0.766107	0.834649	0.371377	0.789739	0.449778	0.280219	0.679106	0.905072	0.069895	0.632955	0.783784	0.480167	0.997918	0.590867	0.748914	
0.585028	0.757361	0.138474	0.115524	0.215237	0.417344	0.423643	0.526854	0.434598	0.943836	0.162364	0.828264	0.969588	0.402316	0.862592	0.383045	0.666252	0.867297	0.269143	0.732939	0.548123	0.979836	0.246735	0.300480	0.103440	0.748885	0.971937	0.908334	0.403331	0.501980	0.461881	0.713542	0.025430	0.932859	0.563659	0.778953	0.816082	0.083547	0.265479	0.744150	
0.628343	0.634723	0.070183	0.541805	0.853707	0.739437	0.928808	0.443720	0.033818	0.248811	0.042378	0.709259	0.786552	0.921278	0.176833	0.420950	0.158462	0.405456	0.598729	0.702159	0.991045	0.768023	0.894575	0.874092	0.588323	0.525869	0.150666	0.489161	0.027934	0.989249	0.075866	0.009944	0.465872	0.462973	0.362661	0.517036	0.606728	0.273559	0.496802	0.429696	
0.270553	0.715825	0.190693	0.358437	0.615425	0.423394	0.757885	0.925619	0.848738	0.288357	0.553725	0.565105	0.090452	0.661757	0.986315	0.672378	0.047017	0.678087	0.593189	0.456338	0.384210	0.899906	0.313070	0.365852	0.214118	0.373207	0.459602	0.928297	0.776976	0.137308	0.681506	0.020159	0.197889	0.966234	0.734770	0.999692	0.302303	0.261075	0.725123	0.777181	
0.281135	0.707083	0.088700	0.290791	0.225433	0.628967	0.237785	0.635462	0.347372	0.226752	0.024267	0.201122	0.126043	0.941943	0.089123	0.790406	0.869513	0.110996	0.132869	0.823890	0.829886	0.265241	0.101984	0.503346	0.502399	0.531498	0.956542	0.853236	0.194817	0.933750	0.514304	0.654198	0.221645	0.342030	0.166981	0.712817	0.618778	0.064539	0.878761	0.170118	
0.297982	0.907827	0.434236	0.337110	0.556242	0.912993	0.995016	0.454363	0.332386	0.571176	0.962314	0.496234	0.262050	0.301854	0.128657	0.521973	0.173587	0.681163	0.190863	0.236876	0.289133	0.817651	0.717060	0.500810	0.068408	0.548812	0.355979	0.611814	0.605818	0.758841	0.385639	0.161114	0.710613	0.167049	0.860549	0.648581	0.553793	0.433831	0.738247	0.320299	
0.006627	0.837378	0.914157	0.980635	0.362861	0.254450	0.020291	0.307726	0.257840	0.632380	0.878700	0.268071	0.747195	0.703346	0.636543	0.292098	0.892756	0.005777	0.578668	0.326888	0.725889	0.690029	0.996901	0.477083	0.472530	0.373131	0.390425	0.783723	0.343104	0.623062	0.510715	0.622818	0.044635	0.210384	0.615006	0.564831	0.118609	0.087074	0.252615	0.370251	
0.673621	0.076375	0.384584	0.201665	0.347168	0.707335	0.739887	0.261354	0.958748	0.407824	0.009010	0.914649	0.227516	0.243130	0.565880	0.205275	0.356763	0.303547	0.141749	0.469035	0.329939	0.346800	0.506524	0.854347	0.079892	0.039026	0.234828	0.216522	0.955397	0.942474	0.073033	0.760779	0.429399	0.171143	0.569537	0.060065	0.816550	0.969303	0.015019	0.788346	
0.085822	0.183813	0.781046	0.782993	0.859986	0.257721	0.873216	0.362815	0.082825	0.873763	0.174137	0.551839	0.340693	0.313761	0.344792	0.450622	0.929479	0.751263	0.034770	0.446969	0.259722	0.827775	0.723190	0.435553	0.724548	0.458377	0.243144	0.889372	0.531358	0.939548	0.305240	0.306763	0.024606	0.945244	0.592281	0.954132	0.096902	0.984941	0.972496	0.626107	
0.729810	0.595729	0.094700	0.556791	0.688234	0.502207	0.886509	0.228193	0.866995	0.970491	0.565648	0.311280	0.706530	0.482643	0.716716	0.376071	0.193234	0.419480	0.456901	0.913992	0.472610	0.138608	0.225169	0.270234	0.540237	0.551440	0.165348	0.768436	0.158941	0.550905	0.359829	0.322183	0.898775	0.840997	0.717934	0.500810	0.171189	0.549662	0.006220	0.488521	
0.060621	0.652342	0.902681	0.097848	0.671858	0.937279	0.575729	0.584750	0.001125	0.830180	0.180737	0.909602	0.970409	0.748283	0.279160	0.523086	0.276765	0.565751	0.596207	0.241069	0.312353	0.299751	0.437810	0.362586	0.310249	0.157994	0.523756	0.842911	0.526861	0.470794	0.827998	0.145802	0.169308	0.284210	0.375152	0.033579	0.703627	0.575587	0.217832	0.580372	
0.130938	0.019066	0.805963	0.148861	0.453171	0.138845	0.613535	0.385934	0.996200	0.548357	0.195422	0.058857	0.915267	0.040486	0.572617	0.661180	0.359225	0.358250	0.542223	0.498012	0.126766	0.276564	0.921504	0.523143	0.332641	0.289056	0.653437	0.427112	0.982358	0.701804	0.088456	0.258530	0.043229	0.612869	0.123890	0.580847	0.747738	0.990956	0.519909	0.586946	
0.585600	0.380614	0.223915	0.807742	0.275323	0.761247	0.872529	0.811460	0.636556	0.501211	0.535210	0.011103	0.939469	0.952191	0.516159	0.311928	0.415138	0.340797	0.500268	0.845326	0.658085	0.139370	0.626351	0.446373	0.375159	0.023354	0.029641	0.193318	0.036516	0.428488	0.684646	0.654433	0.432957	0.738838	0.143769	0.708816	0.190738	0.332468	0.799016	0.079995	
0.726425	0.084545	0.137805	0.725176	0.423372	0.726995	0.894079	0.207801	0.376659	0.260261	0.530803	0.322282	0.817263	0.538629	0.433591	0.790454	0.721973	0.916082	0.152862	0.034099	0.794921	0.684251	0.142522	0.016036	0.838692	0.039609	0.245374	0.091035	0.016641	0.678915	0.248288	0.610248	0.344368	0.830039	0.167587	0.073464	0.625231	0.651509	0.649768	0.286935	
0.943842	0.857954	0.688434	0.251852	0.578654	0.155307	0.400137	0.797202	0.291884	0.241735	0.491378	0.421980	0.072914	0.884363	0.741034	0.211142	0.497842	0.874091	0.018086	0.891351	0.056711	0.423681	0.812211	0.201353	0.848123	0.563567	0.758287	0.456111	0.059036	0.553883	0.511772	0.484945	0.834122	0.195889	0.484980	0.448947	0.133897	0.998538	0.093511	0.050204	
0.642979	0.281136	0.599318	0.232468	0.077720	0.458424	0.551376	0.599106	0.302405	0.237706	0.882235	0.329075	0.559281	0.962241	0.527504	0.594427	0.626216	0.571750	0.612809	0.883889	0.590569	0.280021	0.285681	0.527443	0.674122	0.375470	0.451801	0.572490	0.032158	0.663875	0.547176	0.730146	0.133865	0.398927	0.106113	0.437203	0.625128	0.838626	0.596352	0.498895	
0.131218	0.826832	0.578910	0.594102	0.934053	0.170730	0.516279	0.654620	0.202771	0.396817	0.336362	0.005565	0.551245	0.872299	0.210261	0.418072	0.245559	0.924499	0.644226	0.435536	0.776578	0.059507	0.507142	0.943000	0.767674	0.018797	0.173838	0.065527	0.868554	0.872680	0.309020	0.420294	0.535656	0.379048	0.863393	0.758159	0.420851	0.932828	0.531793	0.637905	
0.215645	0.403504	0.681063	0.114567	0.406857	0.628433	0.277999	0.270457	0.393520	0.993536	0.464089	0.896884	0.569361	0.812932	0.705540	0.400621	0.107538	0.310668	0.273155	0.338219	0.412482	0.395889	0.015378	0.504136	0.315851	0.665811	0.249367	0.664880	0.392408	0.919882	0.928649	0.019132	0.124628	0.824788	0.755036	0.077796	0.129658	0.857999	0.140031	0.553935	
0.859807	0.235822	0.782442	0.927901	0.378514	0.272797	0.168287	0.343349	0.621730	0.690699	0.331144	0.544284	0.242179	0.605839	0.764419	0.838092	0.379521	0.733399	0.974615	0.336813	0.509084	0.660291	0.901541	0.970286	0.171776	0.900037	0.429478	0.963722	0.846605	0.053868	0.729335	0.235249	0.965873	0.270820	0.629950	0.293617	0.217244	0.816405	0.957547	0.642056	
0.447675	0.632243	0.986414	0.548811	0.165526	0.444043	0.494638	0.003718	0.647941	0.400999	0.882171	0.416925	0.648524	0.218199	0.020020	0.735395	0.402348	0.344847	0.963604	0.221781	0.496336	0.023992	0.345116	0.451486	0.302247	0.270947	0.547102	0.283833	0.921201	0.801697	0.362287	0.408915	0.904731	0.153398	0.647420	0.997464	0.041003	0.134731	0.049166	0.379176	
0.438702	0.535831	0.337995	0.181430	0.321696	0.200417	0.520220	0.448619	0.363094	0.293285	0.977195	0.154270	0.312205	0.404317	0.875218	0.712784	0.433616	0.299724	0.068279	0.030807	0.464280	0.073958	0.840556	0.409450	0.124593	0.214164	0.993485	0.119987	0.657436	0.667061	0.307796	0.846574	0.628460	0.513022	0.627451	0.086714	0.775054	0.076231	0.683250	0.819260	
0.188417	0.909632	0.401858	0.487592	0.553922	0.591948	0.534498	0.603130	0.584819	0.859698	0.659982	0.304001	0.107084	0.050645	0.865913	0.598177	0.903329	0.236231	0.537427	0.364482	0.878476	0.953068	0.394952	0.575932	0.672351	0.192041	0.382042	0.767369	0.876273	0.279460	0.687919	0.796516	0.385446	0.896436	0.756571	0.014223	0.217348	0.048021	0.523489	0.592071	
0.059583	0.528173	0.280153	0.930750	0.113555	0.898613	0.087847	0.392723	0.727877	0.396166	0.550078	0.119494	0.377679	0.379727	0.791468	0.097008	0.755910	0.292674	0.920722	0.192489	0.433634	0.835752	0.786230	0.994774	0.517635	0.998554	0.801328	0.835141	0.285564	0.080175	0.186666	0.928081	0.802363	0.978638	0.444180	0.757362	0.262227	0.399296	0.821589	0.562564	
0.785009	0.406938	0.679168	0.765344	0.456946	0.041763	0.022701	0.586187	0.190600	0.548148	0.735952	0.512595	0.898623	0.046637	0.305961	0.059436	0.170319	0.677308	0.708453	0.814218	0.288170	0.809012	0.825825	0.135934	0.960024	0.651205	0.989592	0.694155	0.075691	0.608427	0.349992	0.472624	0.134238	0.369799	0.592583	0.008090	0.039998	0.191624	0.212301	0.882247	
0.011640	0.868301	0.697253	0.889447	0.303248	0.154597	0.165737	0.173552	0.777152	0.142666	0.727368	0.250488	0.967858	0.633189	0.769669	0.352485	0.048889	0.782542	0.783243	0.519086	0.169863	0.739732	0.300903	0.635575	0.456636	0.447789	0.928998	0.951370	0.140388	0.077016	0.099996	0.691367	0.650287	0.895027	0.145897	0.520022	0.087795	0.651360	0.173038	0.466752	
0.065177	0.813677	0.612817	0.891031	0.349607	0.663263	0.397548	0.598489	0.828538	0.481366	0.907628	0.290196	0.261141	0.384120	0.228491	0.063852	0.765413	0.287843	0.642577	0.131435	0.146922	0.441788	0.149327	0.592305	0.533792	0.952301	0.075058	0.436843	0.184053	0.770378	0.671835	0.706213	0.711759	0.815478	0.172931	0.346521	0.741609	0.864322	0.828586	0.868802	
0.530299	0.803798	0.063600	0.941556	0.061604	0.660197	0.546164	0.170688	0.360466	0.612260	0.933078	0.853250	0.747090	0.565623	0.174200	0.938053	0.255527	0.309855	0.982492	0.566780	0.963345	0.777537	0.593387	0.767432	0.934390	0.487250	0.338472	0.542155	0.058071	0.661237	0.542202	0.936769	0.341142	0.116857	0.498035	0.367731	0.910614	0.970889	0.093493	0.457853	
0.118012	0.895351	0.285602	0.542046	0.545283	0.575944	0.802574	0.885216	0.759338	0.467350	0.685710	0.718753	0.980349	0.100324	0.427963	0.101725	0.503279	0.002459	0.434582	0.132554	0.747788	0.067351	0.221211	0.694077	0.954640	0.237921	0.996509	0.236672	0.646317	0.050700	0.895172	0.620256	0.149502	0.187332	0.167220	0.563948	0.028384	0.465369	0.583866	0.230143	
0.320874	0.178855	0.424739	0.294240	0.752523	0.145337	0.497366	0.046147	0.388307	0.230951	0.553365	0.470535	0.426199	0.831344	0.095351	0.548571	0.529552	0.733607	0.142953	0.025348	0.372788	0.543172	0.936276	0.517022	0.822798	0.880110	0.542873	0.957912	0.286549	0.979137	0.850742	0.798125	0.255134	0.334585	0.559579	0.293564	0.530617	0.802521	0.426055	0.791477	

Printing Matrix B
0.635903	0.395726	0.641327	0.283077	0.484772	0.998201	0.553149	0.623871	0.543103	0.220211	0.608969	0.081274	0.968077	0.211634	0.789197	0.352679	0.887953	0.525858	0.723274	0.729468	0.645958	0.995264	0.663516	0.144717	0.301088	0.545573	0.028112	0.403009	0.553911	0.801686	0.981669	0.768207	0.902771	0.398901	0.102999	0.834091	0.856038	0.948064	0.448489	0.726174	
0.457710	0.659635	0.898594	0.482011	0.677286	0.795612	0.438063	0.528576	0.857884	0.966879	0.055846	0.709840	0.630324	0.431438	0.750686	0.828390	0.429358	0.694218	0.550669	0.780456	0.459927	0.886910	0.139887	0.238823	0.342963	0.958653	0.006671	0.310693	0.326398	0.715808	0.899742	0.285480	0.032222	0.657052	0.155928	0.810846	0.013576	0.513844	0.113242	0.151233	
0.958369	0.855014	0.778380	0.602035	0.907838	0.181863	0.862041	0.136681	0.447041	0.477154	0.231241	0.218823	0.985756	0.398280	0.485334	0.555203	0.659401	0.408744	0.575925	0.542560	0.328622	0.291343	0.191765	0.084926	0.221757	0.241774	0.850079	0.697815	0.193264	0.934833	0.645609	0.122301	0.900254	0.742791	0.541824	0.959941	0.009772	0.061109	0.679307	0.840342	
0.708114	0.354061	0.542713	0.394028	0.147972	0.414575	0.818897	0.098590	0.067921	0.195329	0.126731	0.480191	0.406553	0.338040	0.687333	0.986924	0.260499	0.953640	0.392862	0.539189	0.676529	0.334414	0.490639	0.214576	0.274385	0.168304	0.565175	0.537619	0.189794	0.057588	0.054042	0.272574	0.385497	0.117753	0.573882	0.319191	0.610705	0.745836	0.086609	0.659904	
0.370318	0.762109	0.476703	0.907220	0.175387	0.543624	0.009319	0.543970	0.042412	0.173174	0.318664	0.866704	0.145971	0.030713	0.572953	0.593573	0.518825	0.878764	0.655410	0.662025	0.750791	0.060226	0.021848	0.154927	0.265919	0.680554	0.820467	0.513953	0.159798	0.199018	0.235283	0.676023	0.148274	0.749637	0.340770	0.634482	0.617312	0.851672	0.298905	0.703420	
0.334701	0.149407	0.931232	0.121606	0.208026	0.823782	0.113216	0.197418	0.054591	0.065175	0.358717	0.486923	0.394365	0.615189	0.345195	0.258093	0.702583	0.835063	0.070860	0.724845	0.277294	0.722196	0.048432	0.652000	0.866668	0.498385	0.416832	0.201414	0.323903	0.504467	0.135211	0.348993	0.170061	0.471608	0.140725	0.519807	0.745081	0.808528	0.161617	0.896536	
0.177703	0.253670	0.380228	0.405732	0.271686	0.373229	0.672759	0.244690	0.906277	0.083741	0.912752	0.465021	0.845552	0.451345	0.734077	0.035454	0.742802	0.506315	0.744208	0.827161	0.822245	0.422791	0.922611	0.337824	0.383780	0.875891	0.025114	0.954365	0.614461	0.877834	0.753591	0.260318	0.202412	0.619422	0.678680	0.962513	0.646972	0.995930	0.052785	0.398471	
0.755320	0.733096	0.615274	0.651098	0.093171	0.578272	0.442220	0.343154	0.605223	0.591251	0.409159	0.784828	0.939068	0.625715	0.114512	0.428417	0.298549	0.650265	0.848974	0.143557	0.830296	0.788907	0.560419	0.917147	0.094637	0.449545	0.062161	0.559929	0.015132	0.993082	0.209830	0.999476	0.583012	0.422201	0.951104	0.374132	0.287587	0.053915	0.295100	0.013648	
0.479459	0.893534	0.697567	0.542849	0.639107	0.842343	0.957430	0.357317	0.491559	0.972429	0.345276	0.224062	0.509600	0.480868	0.249038	0.194438	0.957710	0.270118	0.541436	0.367977	0.348898	0.029481	0.052138	0.846770	0.166315	0.986359	0.165761	0.144454	0.488398	0.480062	0.119839	0.465934	0.762472	0.732827	0.549018	0.484451	0.311123	0.204244	0.900729	0.906957	
0.870213	0.578636	0.103737	0.711335	0.348411	0.329571	0.865897	0.545800	0.531556	0.932278	0.379430	0.978491	0.930661	0.053814	0.233748	0.898434	0.854087	0.139935	0.200159	0.549959	0.042667	0.016821	0.675036	0.536933	0.841247	0.287166	0.885939	0.911231	0.448391	0.647990	0.925817	0.786100	0.023494	0.737729	0.777305	0.772223	0.167219	0.728535	0.351665	0.048846	
0.734677	0.413589	0.601669	0.437216	0.289865	0.732200	0.631630	0.995586	0.444335	0.878777	0.021003	0.041611	0.440044	0.030476	0.035613	0.984620	0.415334	0.390907	0.723029	0.067064	0.913329	0.228577	0.317564	0.200083	0.957478	0.983538	0.729860	0.166704	0.795294	0.961612	0.276502	0.601197	0.344442	0.708840	0.820227	0.080365	0.575168	0.278516	0.533105	0.654631	
0.557458	0.469065	0.663318	0.457222	0.832948	0.289520	0.365067	0.801286	0.882822	0.776979	0.286030	0.436606	0.166287	0.753931	0.193721	0.189975	0.046731	0.038497	0.294808	0.168663	0.914553	0.237206	0.348900	0.989128	0.548618	0.934771	0.623452	0.695847	0.086499	0.489131	0.858340	0.031398	0.338147	0.615122	0.565614	0.760712	0.241967	0.759786	0.036410	0.822589	
0.515022	0.419677	0.128738	0.928213	0.565302	0.495456	0.096451	0.328715	0.596750	0.067553	0.727621	0.642530	0.826182	0.560455	0.151231	0.447620	0.140405	0.804726	0.982820	0.484380	0.150284	0.971765	0.506690	0.681332	0.244316	0.265804	0.577149	0.941525	0.310650	0.265922	0.885024	0.128133	0.580839	0.294573	0.665799	0.111782	0.758789	0.062817	0.384027	0.368919	
0.493034	0.600280	0.543056	0.473514	0.043784	0.315587	0.452979	0.954238	0.376580	0.597477	0.027763	0.858461	0.792806	0.052031	0.665427	0.805176	0.055673	0.228645	0.947261	0.452435	0.441596	0.919853	0.211743	0.928392	0.122902	0.630701	0.235128	0.937218	0.410439	0.204767	0.410199	0.234328	0.415400	0.064601	0.165133	0.353706	0.285059	0.501303	0.147651	0.085124	
0.955565	0.421219	0.204986	0.218627	0.347686	0.691291	0.433338	0.223757	0.388593	0.211399	0.805393	0.160454	0.838664	0.587254	0.091452	0.256868	0.388203	0.237710	0.036524	0.208614	0.879732	0.142095	0.825525	0.161808	0.654209	0.767843	0.938312	0.550054	0.590053	0.763291	0.809686	0.728523	0.698246	0.791078	0.422571	0.118980	0.899598	0.615373	0.626926	0.939240	
0.150389	0.740737	0.635380	0.865676	0.428099	0.906939	0.649126	0.435674	0.601696	0.082142	0.226445	0.326570	0.462197	0.851165	0.719125	0.370258	0.497489	0.958214	0.401787	0.358302	0.452857	0.067671	0.900704	0.449356	0.730098	0.526666	0.732620	0.082585	0.795179	0.283940	0.724156	0.383817	0.765194	0.354514	0.165921	0.996867	0.978058	0.720762	0.567884	0.381161	
0.701616	0.254525	0.761063	0.629053	0.270860	0.070546	0.567191	0.216662	0.796394	0.499367	0.283993	0.581092	0.560772	0.140812	0.471971	0.426639	0.429800	0.607823	0.018273	0.747105	0.149869	0.284149	0.272015	0.049446	0.071986	0.030722	0.045046	0.618029	0.913668	0.734475	0.280814	0.559226	0.842277	0.901476	0.403925	0.149682	0.466233	0.270853	0.934641	0.806656	
0.869111	0.362606	0.449192	0.519975	0.739477	0.748500	0.415563	0.730904	0.474775	0.118389	0.280962	0.432493	0.701902	0.485442	0.023645	0.643170	0.129476	0.806913	0.986412	0.941529	0.581338	0.746179	0.997755	0.254741	0.109463	0.351230	0.641202	0.137620	0.487070	0.979647	0.915159	0.403471	0.628594	0.623303	0.537272	0.340895	0.254860	0.115510	0.564157	0.725145	
0.743382	0.064046	0.860098	0.727688	0.824727	0.857883	0.330153	0.784522	0.471738	0.573754	0.972656	0.127619	0.001723	0.480130	0.613381	0.239501	0.281650	0.741347	0.505212	0.488917	0.176371	0.069826	0.608154	0.465272	0.262172	0.088902	0.953675	0.462343	0.459651	0.521278	0.147749	0.429796	0.064325	0.571148	0.640179	0.899477	0.406865	0.323074	0.823650	0.094911	
0.827372	0.320650	0.400335	0.736444	0.725467	0.933019	0.018500	0.302615	0.533958	0.652362	0.933828	0.990687	0.521141	0.355711	0.102107	0.430613	0.634435	0.710525	0.534256	0.894756	0.704690	0.132938	0.190590	0.806015	0.309316	0.898685	0.010216	0.583837	0.203133	0.876149	0.390170	0.234719	0.058026	0.059376	0.392212	0.852004	0.781907	0.820092	0.420494	0.697044	
0.084484	0.972954	0.485101	0.626058	0.496339	0.993474	0.808969	0.911115	0.173436	0.459276	0.924623	0.662551	0.296221	0.679026	0.108750	0.446526	0.971800	0.287934	0.976271	0.145134	0.416199	0.359119	0.366801	0.092164	0.240725	0.105886	0.862720	0.871879	0.251079	0.875657	0.926976	0.553063	0.741663	0.355676	0.754990	0.190543	0.639419	0.396357	0.819896	0.546457	
0.039961	0.225970	0.420779	0.061622	0.648753	0.031687	0.259462	0.474504	0.425747	0.719059	0.330990	0.351926	0.459264	0.976629	0.236804	0.339781	0.175428	0.179446	0.663599	0.268065	0.178348	0.888082	0.884501	0.438936	0.192766	0.490986	0.067597	0.494166	0.591194	0.806021	0.993880	0.104764	0.711553	0.765515	0.525279	0.687505	0.333331	0.141437	0.938173	0.528081	
0.738367	0.654695	0.861977	0.332824	0.619655	0.281170	0.284647	0.782843	0.670143	0.371352	0.581937	0.899049	0.634444	0.133099	0.620858	0.703555	0.680246	0.165188	0.507111	0.995394	0.636857	0.740300	0.662498	0.917704	0.071501	0.528063	0.347913	0.568705	0.467598	0.554974	0.362983	0.447681	0.616780	0.585452	0.110881	0.250656	0.857411	0.669242	0.514100	0.852550	
0.876002	0.239038	0.807726	0.206273	0.509546	0.363779	0.019777	0.915759	0.424329	0.760447	0.082058	0.282949	0.002059	0.459378	0.539137	0.101759	0.692542	0.639054	0.148539	0.775591	0.606574	0.530614	0.950830	0.262907	0.947584	0.910369	0.034456	0.969110	0.145509	0.552674	0.740416	0.099784	0.995230	0.933225	0.584164	0.801854	0.848186	0.817088	0.778841	0.174175	
0.103349	0.756066	0.277863	0.174321	0.153663	0.108018	0.381428	0.327036	0.946639	0.520428	0.969077	0.721541	0.654750	0.616279	0.618624	0.160016	0.874999	0.859778	0.641258	0.576234	0.761094	0.689000	0.892053	0.519181	0.276297	0.369495	0.361891	0.062636	0.629664	0.450232	0.469369	0.970260	0.526330	0.497230	0.864137	0.962509	0.757715	0.767754	0.667545	0.488460	
0.326544	0.189216	0.948990	0.705075	0.930767	0.826941	0.765554	0.744505	0.627240	0.459472	0.315199	0.116609	0.073489	0.722682	0.171298	0.684875	0.069096	0.186276	0.125943	0.596740	0.046657	0.456848	0.220883	0.104096	0.443088	0.339501	0.985547	0.831201	0.340474	0.800069	0.765025	0.009614	0.359036	0.852208	0.087240	0.541691	0.872628	0.946109	0.199891	0.941635	
0.613771	0.401266	0.737246	0.658354	0.786351	0.589492	0.943369	0.385498	0.794995	0.787384	0.686653	0.016132	0.327613	0.652792	0.012445	0.170483	0.875563	0.225535	0.804217	0.690529	0.342313	0.141945	0.879127	0.588086	0.765149	0.556358	0.704545	0.011083	0.534731	0.559662	0.258302	0.173392	0.301896	0.746674	0.282815	0.696681	0.717225	0.910809	0.366069	0.270474	
0.874365	0.583019	0.399322	0.611068	0.257977	0.481228	0.900876	0.650144	0.053547	0.308884	0.834021	0.961490	0.844192	0.147597	0.371194	0.341479	0.244904	0.824469	0.518601	0.578278	0.606266	0.292857	0.714127	0.709913	0.339818	0.104036	0.024362	0.725083	0.937826	0.078815	0.290752	0.554580	0.344793	0.179881	0.814584	0.639971	0.817666	0.927992	0.875828	0.299467	
0.656701	0.389483	0.469030	0.549617	0.987247	0.715877	0.048727	0.813655	0.649505	0.256913	0.751695	0.884940	0.829712	0.101154	0.450837	0.921185	0.804125	0.788601	0.425235	0.680012	0.966652	0.690481	0.666346	0.408898	0.497672	0.779940	0.562696	0.818728	0.477812	0.097947	0.320503	0.036187	0.329801	0.397784	0.163007	0.167518	0.473685	0.145037	0.362135	0.455882	
0.219747	0.109174	0.900702	0.174850	0.847783	0.307162	0.291930	0.292915	0.168137	0.376766	0.768494	0.460802	0.402283	0.382210	0.159774	0.624226	0.073913	0.161963	0.661301	0.353129	0.609611	0.677371	0.003639	0.523271	0.660984	0.502920	0.444321	0.671658	0.569561	0.611024	0.891960	0.108856	0.968649	0.940488	0.607633	0.139034	0.953908	0.118785	0.786690	0.129323	
0.542093	0.877153	0.595965	0.833019	0.602679	0.894862	0.679292	0.460511	0.274538	0.277891	0.694616	0.099415	0.233329	0.606072	0.860255	0.467694	0.367638	0.388762	0.893658	0.129130	0.665824	0.990975	0.027710	0.993057	0.852485	0.184418	0.687872	0.195626	0.502032	0.941221	0.537093	0.764635	0.753762	0.868334	0.375179	0.143756	0.021456	0.386119	0.586217	0.351413	
0.650123	0.985804	0.819664	0.259196	0.983127	0.683983	0.609332	0.424950	0.602016	0.010514	0.290749	0.018198	0.289001	0.361371	0.783492	0.313920	0.248615	0.771611	0.481153	0.389975	0.231224	0.984500	0.522577	0.203650	0.702735	0.101789	0.368434	0.305690	0.524304	0.532654	0.379845	0.741412	0.146297	0.696739	0.543829	0.091731	0.160673	0.615610	0.485681	0.807843	
0.033424	0.181901	0.029619	0.059294	0.154653	0.861718	0.438522	0.162958	0.116153	0.212270	0.946412	0.435036	0.380232	0.790334	0.869905	0.054330	0.507809	0.305188	0.723823	0.091350	0.956430	0.412974	0.556198	0.979771	0.435630	0.332333	0.496041	0.489126	0.818014	0.742186	0.877637	0.591249	0.032748	0.922873	0.260918	0.635047	0.967291	0.612300	0.623953	0.195840	
0.784112	0.441624	0.295541	0.156426	0.210210	0.801475	0.695129	0.473293	0.289160	0.484448	0.410388	0.767427	0.167515	0.901168	0.971798	0.851050	0.625180	0.036062	0.223424	0.034277	0.091101	0.521481	0.228475	0.514107	0.390939	0.067714	0.118049	0.179007	0.214868	0.077031	0.177182	0.942575	0.220756	0.723085	0.171126	0.877815	0.593114	0.048457	0.394070	0.339224	
0.561119	0.586337	0.242079	0.964731	0.845518	0.643612	0.969844	0.825063	0.564825	0.634780	0.305510	0.998179	0.911891	0.720212	0.609201	0.090971	0.466374	0.849487	0.442652	0.165399	0.855981	0.310871	0.395199	0.016425	0.684082	0.695976	0.163800	0.888215	0.740792	0.381653	0.667863	0.520312	0.149931	0.842691	0.184017	0.880753	0.817102	0.865823	0.327558	0.172325	
0.533453	0.001232	0.562457	0.772944	0.497874	0.653241	0.627220	0.299975	0.543351	0.369735	0.150756	0.767366	0.442112	0.180160	0.515437	0.781310	0.220787	0.746142	0.671989	0.086491	0.673682	0.335600	0.913284	0.078054	0.778242	0.184004	0.698277	0.896856	0.584560	0.910058	0.429501	0.148885	0.473909	0.433530	0.414113	0.315760	0.259753	0.388697	0.286936	0.629673	
0.914540	0.994175	0.765048	0.753205	0.968047	0.449603	0.354630	0.047835	0.493515	0.974436	0.001387	0.995423	0.941556	0.434179	0.850872	0.293668	0.877529	0.378230	0.178875	0.992185	0.794697	0.544470	0.040277	0.977865	0.073671	0.441420	0.242497	0.336199	0.820963	0.412544	0.834230	0.437248	0.994056	0.354337	0.946912	0.319853	0.788309	0.890936	0.456628	0.362378	
0.821103	0.605357	0.240641	0.247653	0.711934	0.733440	0.366410	0.257923	0.986165	0.533397	0.958781	0.674687	0.717572	0.575676	0.434425	0.704498	0.741851	0.319127	0.251411	0.044097	0.226977	0.509509	0.948225	0.953853	0.379691	0.867468	0.340499	0.085562	0.107778	0.232271	0.599291	0.797730	0.246624	0.323634	0.683637	0.461380	0.145268	0.504000	0.738321	0.027883	
0.945103	0.456484	0.437506	0.343673	0.203283	0.087486	0.512713	0.143716	0.002073	0.257373	0.835081	0.596323	0.689642	0.073842	0.558176	0.545975	0.997076	0.788881	0.544505	0.979865	0.708498	0.550362	0.952567	0.980549	0.161427	0.640349	0.956675	0.976858	0.336996	0.074280	0.152426	0.398451	0.622715	0.584083	0.319886	0.915008	0.631299	0.249595	0.159447	0.538506	
0.468065	0.317382	0.415527	0.071056	0.344941	0.647696	0.765592	0.646868	0.233479	0.555527	0.794900	0.581749	0.935904	0.010065	0.061487	0.416225	0.727426	0.954291	0.027847	0.895477	0.170684	0.870154	0.589319	0.324583	0.747973	0.376163	0.350645	0.969072	0.789255	0.381900	0.527708	0.380294	0.531732	0.398087	0.359933	0.932367	0.836736	0.466894	0.319543	0.248853	

Printing Matrix C
13.425795	10.570940	12.085271	10.921364	11.673774	13.213572	11.147693	10.569274	10.986088	10.922272	11.499567	12.325333	13.271412	10.357057	9.653793	10.397247	11.669031	11.666707	11.780531	11.537305	12.722624	10.980678	11.849006	12.611949	9.520441	12.480112	9.396121	12.135862	10.374109	12.303442	12.302983	9.480211	10.273315	12.578264	10.748183	12.222106	12.798921	12.362504	10.520188	10.226156	
11.911416	10.224498	10.639915	9.489920	10.585801	10.968788	10.256383	10.776079	10.626363	10.048546	10.285730	11.827234	12.397912	8.459669	9.021033	10.140631	10.655195	10.191921	10.860337	10.112713	10.733772	10.995487	10.793584	10.563209	8.934145	10.289374	8.441190	11.300715	9.804442	10.958984	11.633864	9.511111	9.464823	11.640725	10.302516	11.451058	11.502342	10.577769	9.704305	9.116954	
10.293605	9.779799	10.014626	9.263541	9.795367	10.035390	10.152689	9.001904	9.165437	9.013002	8.250773	9.185581	10.630451	8.109205	8.535003	8.351715	9.918509	8.850105	9.595683	8.832308	9.185784	8.872413	9.033621	8.909560	7.650508	8.640520	8.031259	9.596800	8.936084	10.401002	9.999537	7.948327	9.123271	10.625911	8.947955	10.092820	9.187129	9.238870	9.083282	8.578578	
11.082310	9.609299	10.958307	10.073608	10.789794	11.693556	10.608946	10.784620	9.674469	9.850198	11.002533	10.988227	11.886818	8.124972	8.699435	9.634418	10.929747	10.525921	10.990078	9.959746	10.654979	10.231000	10.389328	9.653228	9.175128	10.132578	8.818121	11.660463	10.084351	11.878326	11.275023	8.994159	9.838416	11.988283	9.679738	11.487396	11.090213	10.469854	10.527276	8.903861	
14.083835	11.857894	13.474699	12.592414	12.706286	14.234060	11.541849	11.867313	11.297356	10.591312	11.960763	12.838319	12.772493	10.246703	10.775315	11.591710	12.080906	12.933084	12.658091	11.530096	12.130852	11.573122	11.222939	11.878706	10.393063	11.419395	11.127674	13.058836	10.431080	13.235158	12.257031	10.337061	10.394347	13.785903	10.546435	12.539463	12.537937	11.721671	11.537622	11.063401	
12.768100	9.461560	11.290204	10.222789	11.195962	11.900873	10.057790	10.233577	9.584898	9.344211	11.265442	11.034730	11.660304	8.751618	8.939888	9.837007	10.027830	11.217233	10.444980	11.069538	11.180849	10.698976	10.987304	11.006953	9.487489	10.152763	9.466886	12.790728	10.000841	11.673476	12.059640	8.587488	9.880506	12.118065	10.109023	10.983156	12.322279	11.270099	10.234969	9.856852	
11.905016	10.294447	11.064976	10.258426	10.630526	11.049044	9.778809	9.081872	10.049420	9.351774	9.644789	12.030095	11.298292	8.772814	9.473250	9.271532	10.860631	11.521004	9.553279	10.641990	10.545797	9.908581	9.408437	10.389656	8.729942	10.034742	8.141630	11.164248	8.986628	10.452712	9.937795	8.977733	8.828081	11.862000	9.234804	11.427040	11.060563	10.729623	9.209332	10.018236	
12.076158	9.825519	11.053629	9.588552	9.726000	11.074515	11.635494	9.263424	9.206786	10.134522	10.109704	10.667088	11.912278	8.685695	8.744081	9.266317	10.958414	9.878385	9.714959	10.182109	9.965534	9.269715	10.179442	9.684032	8.163716	9.200790	9.643918	12.222597	9.557260	11.931550	10.845723	9.224822	9.640939	11.770044	9.948458	11.620784	10.947444	10.541419	9.430898	9.934003	
12.283483	10.433023	11.517518	10.683185	10.915412	11.769530	9.969018	9.026446	10.360666	9.482976	10.208197	10.685122	11.278817	9.012398	9.292789	9.665474	10.699962	10.447935	9.825478	10.444890	10.515485	9.609240	9.327985	10.187692	8.768050	10.185676	9.279167	10.648823	9.053639	11.458915	10.679061	9.406286	9.448958	11.973698	9.869775	10.861184	11.244338	10.998709	9.447660	9.922001	
12.699320	10.985545	12.173974	10.736516	12.120176	13.330929	10.057099	10.198108	10.360924	9.994529	11.913760	12.178017	11.585266	10.710437	10.483083	10.770099	11.160788	11.531401	11.430236	10.974252	11.964190	11.199716	11.388545	12.313624	8.973377	11.309897	10.128007	11.646745	9.758386	11.767612	12.287058	9.661272	10.486659	12.759412	10.272694	11.900189	12.757063	10.915445	10.908969	10.009618	
11.709970	9.807861	9.984641	8.594829	9.658599	9.892879	10.087576	7.924948	9.505201	9.571146	9.228339	9.930785	10.745214	8.421182	8.825210	8.917655	10.106445	8.763938	9.669406	9.354914	9.784685	9.716225	9.827447	10.691638	8.002502	8.961018	8.291756	9.624623	8.954109	11.003156	9.900482	8.931662	9.158824	11.347457	8.808927	10.304844	9.476242	9.374716	9.000162	9.497033	
13.291172	10.543413	12.173520	11.384775	12.112247	13.338620	11.471880	10.757183	11.351406	10.638090	11.153893	11.691763	12.940177	9.606493	9.142930	10.979642	10.655655	12.101119	11.590229	10.774816	11.873104	11.095721	11.631849	11.575167	9.711159	11.468371	10.762427	12.159980	10.632761	12.472875	12.062152	9.574537	9.868867	12.734295	10.373542	11.525742	12.072802	11.461711	10.309311	10.693129	
12.988418	10.447752	11.810494	11.234401	12.130264	12.694687	11.571017	10.753914	10.817614	10.611031	10.460338	11.875294	12.530775	10.000395	8.619174	10.214435	10.414748	10.957971	10.959049	11.174507	10.441299	11.137151	11.171153	10.395884	9.698818	10.162786	9.384590	12.238061	10.579899	12.575811	12.964835	9.107651	10.308935	12.555661	10.157394	11.737343	12.050692	11.551363	10.197815	10.605360	
10.330006	9.137875	11.255760	9.487492	9.760455	10.999290	8.819857	10.190452	9.106678	8.956151	10.298245	11.798139	10.634812	8.957806	9.114446	9.145528	9.865926	10.547496	10.972821	10.884066	10.775171	10.635094	10.049609	10.240042	7.920340	10.144272	8.317706	12.182604	8.712620	10.976142	11.888400	7.867148	9.664748	10.863761	9.321898	11.595315	12.450714	11.462884	9.051213	9.171138	
12.407231	10.176505	11.198930	10.620021	10.346531	12.762030	11.296235	10.843848	9.700061	10.073306	10.408382	11.719857	12.072282	9.468915	9.199966	10.212675	10.616033	11.461751	11.096060	10.034450	11.877751	10.132585	11.421694	10.531734	9.378057	11.183081	9.359860	11.724105	10.032345	11.685949	10.912009	9.349662	9.657591	11.964502	9.550627	12.267725	11.503273	10.755059	9.678951	9.941417	
9.795088	8.959532	10.801697	9.137213	8.884676	10.083129	9.347415	8.159106	8.119512	8.370174	8.682405	9.890112	9.405071	7.647183	8.029624	8.234421	9.128289	9.698057	9.534927	9.467487	9.096996	9.004768	8.471171	9.284827	7.693576	8.212517	7.403086	9.772479	8.607891	9.781122	9.147598	7.409147	8.936821	9.726286	8.093022	9.609478	10.324941	9.885644	8.491109	8.117032	
11.005668	9.209341	11.263826	9.718561	10.482643	11.285351	10.051782	9.963734	9.339551	9.342756	9.269388	10.999306	11.437301	8.583037	8.879997	9.744723	10.122532	10.639865	10.594292	10.370146	11.388880	10.058925	10.250580	9.853185	9.233106	10.975653	8.863618	11.271520	9.756099	11.628971	11.481676	7.880982	8.978109	12.046872	9.070792	11.215124	11.296662	10.883600	8.893491	9.381003	
11.385647	9.705786	11.080718	9.835025	9.912412	9.985246	10.281018	9.838123	8.934578	9.287808	8.706388	10.308958	10.648344	7.566051	8.215404	10.135923	8.881680	10.202510	9.970100	9.375999	9.573638	9.411191	9.127219	8.327247	8.363776	8.637459	9.070755	11.222173	9.155807	10.764784	10.039066	7.943685	9.309143	11.078227	9.189072	9.431632	10.249389	9.556860	9.699044	9.506211	
10.129500	8.640178	9.766946	7.514465	10.242735	10.014863	8.087645	8.295451	8.773812	8.188537	9.020204	9.312034	10.248362	7.490210	7.511117	7.208063	9.783023	8.685865	7.757796	9.116557	9.534912	8.802043	8.587896	9.074229	7.933910	9.982374	6.618452	9.736043	8.010300	9.275040	10.175522	7.131374	8.769543	10.161536	8.255480	9.284075	10.065069	9.707756	8.622237	8.495339	
12.674518	9.910222	11.008436	10.189828	10.501639	10.415172	11.056556	9.764222	10.165724	9.194009	10.877567	12.746548	12.344756	8.666630	9.409338	11.130268	10.699374	11.512223	10.434280	10.968291	10.879113	10.253063	11.948833	9.958653	8.963322	9.946074	9.600796	12.604879	9.769745	11.099493	11.365621	9.252294	10.150955	12.372977	10.169974	12.223765	11.606229	10.845149	10.148209	10.273533	
11.052824	9.461001	9.789069	9.856260	9.544343	12.644240	10.599295	9.677281	9.309553	9.093361	10.686848	11.108641	11.281557	8.764861	8.978231	9.384227	10.289596	10.456626	10.341198	9.426920	10.518847	9.086655	9.687609	9.633793	9.047815	10.150196	8.530287	10.910474	9.544393	11.147710	11.274191	9.509984	8.057785	11.324004	9.307566	11.457592	11.809315	11.451960	9.345528	9.338191	
11.148558	9.768431	10.349436	9.976383	9.937599	10.294933	9.031024	9.258558	9.068954	8.668855	9.355286	10.783254	11.163257	8.138017	8.123921	8.816326	9.232656	10.035923	9.817128	9.903596	9.534290	9.704701	8.908950	10.371349	8.252990	9.163399	8.805523	10.518054	8.362106	10.030759	10.709470	7.826726	8.589458	10.408456	9.182247	10.585343	9.732224	9.959574	8.473333	8.083364	
11.436374	9.123913	9.903323	9.264661	10.409854	10.132975	8.939496	8.117062	9.359885	8.454708	9.934655	10.152970	10.965719	7.517011	7.652706	8.861437	10.471077	9.509956	8.881157	9.839388	9.067000	8.352348	10.029395	9.592310	7.541857	9.369995	8.504995	9.965727	8.440329	9.340716	9.503028	7.565849	9.412772	10.315402	8.907581	9.884786	10.484810	8.787069	9.449942	8.690223	
11.106468	9.311175	10.131290	9.208557	8.354283	11.196240	9.328562	8.571232	8.485451	7.878135	9.676030	10.286328	10.651847	7.855434	9.041105	9.380497	9.762282	10.287141	10.790412	9.331550	10.000918	10.044267	9.371863	10.034378	7.797490	9.060276	8.120645	10.611775	8.182322	10.811039	9.505049	8.997995	8.829133	10.087094	9.032078	9.665650	10.369319	9.447311	8.545923	9.142799	
9.388877	9.006732	9.247836	7.933658	8.246674	9.925754	9.049731	7.800749	8.395053	7.031722	9.105127	9.074869	10.204076	8.420859	8.318733	8.306058	9.393767	9.568297	9.760364	8.870245	9.006163	9.609302	9.475058	8.684138	7.052246	8.231258	7.915136	8.681162	8.669522	9.575517	10.212491	8.629594	9.212394	9.945746	8.837590	9.400648	10.418970	8.997871	8.694387	8.977526	
11.224635	9.708503	10.502056	9.083102	9.924478	11.182261	9.662910	9.182137	10.303577	9.006120	9.738210	10.102647	11.399434	8.484967	8.572043	9.208849	9.364872	9.533111	10.892217	9.525154	10.914423	10.085838	10.022897	9.795058	7.747734	10.326974	7.846636	9.329101	8.845996	12.050996	11.091402	9.183356	8.817901	11.214144	8.588634	10.532146	10.325618	10.790648	9.262341	9.433222	
11.981740	9.987145	11.240533	9.600957	10.162576	11.493725	10.033259	9.579347	9.816538	9.208419	10.195770	10.047310	11.375346	8.366844	8.556082	9.394892	10.065265	10.540845	10.687922	10.038437	10.200333	10.310292	10.229682	10.216373	8.528826	9.773824	8.713770	10.427666	9.399157	11.619159	10.775128	9.063830	10.060805	10.716956	10.008203	10.599327	11.020566	10.322270	9.964134	9.413880	
11.789114	10.272909	10.891856	10.258576	10.581278	11.745560	9.555782	10.397184	9.797438	9.250853	10.295796	12.229029	11.749883	8.252121	9.582042	10.451519	10.683258	12.024167	11.402990	10.469114	11.427174	10.688796	10.813401	9.574652	8.652933	10.447595	9.292559	11.819297	8.956249	10.982674	11.285845	8.997661	9.524958	11.486045	9.781595	11.151946	11.087681	10.104815	9.665443	8.371303	
10.615914	9.051422	9.510755	9.034322	9.634168	10.577911	9.602237	9.536506	8.518216	8.969964	9.155497	9.849884	10.195283	8.454513	7.450171	9.043801	8.724215	8.473767	8.904157	7.912447	8.977972	8.893356	8.279167	9.397584	9.007525	9.403623	8.690677	10.294184	7.977145	9.834281	10.769824	7.970811	8.413652	10.855112	8.503742	10.245081	9.702777	9.433210	8.679628	7.935234	
14.163296	11.129912	12.528762	11.280136	12.123258	13.633695	12.283252	12.019490	10.414122	10.356728	12.012201	11.658777	12.858321	9.986487	10.593626	11.040780	12.082157	12.358746	11.489999	11.861908	12.246084	10.979622	13.105983	11.657435	9.942014	11.297426	11.480909	13.162105	10.859578	12.382455	12.683271	9.894763	11.241497	13.325263	10.115174	13.360620	13.253291	12.636922	11.643807	11.209446	
9.860168	8.173092	10.465432	9.438512	10.262372	11.153517	9.748690	9.184408	8.816792	8.212067	8.913981	8.725887	9.688966	7.666156	8.275653	8.799173	9.123031	10.146168	9.976436	8.537352	9.783946	8.263999	9.012666	7.801774	8.880478	8.772399	9.123061	10.066414	9.068435	10.604492	9.948983	6.795544	8.268825	10.848701	8.162371	9.935320	10.023303	9.007113	8.926510	8.610885	
10.508759	9.341433	10.077847	8.369842	9.433618	10.454012	9.641425	8.831732	8.481651	8.237922	8.659374	8.819152	10.499662	7.336933	8.022130	8.370714	9.963468	9.121877	9.060156	9.308793	10.076011	9.065223	9.143701	8.513919	8.489679	9.354281	8.370984	9.460029	9.347412	9.909298	9.778593	8.070867	8.919140	10.990124	7.822167	9.114735	10.996993	9.466049	8.280429	8.511927	
12.072581	11.018525	11.437673	10.091089	10.553540	12.155089	11.335627	10.619288	9.852280	10.107081	10.693085	11.310258	11.670744	9.530676	9.611906	9.898502	11.545736	11.512572	10.239585	10.371869	11.015146	10.187608	10.717065	9.473297	9.682147	10.193993	9.235610	11.329609	10.423710	11.824681	11.208272	10.247519	9.642010	13.025903	9.990666	11.880468	11.641231	10.907724	10.812272	10.231916	
12.896018	9.692302	12.289001	9.531751	10.737653	12.273812	11.547000	10.429684	9.657648	10.133838	10.495230	10.673160	10.723055	9.774210	9.730377	10.155185	10.926190	11.410440	9.936237	10.737663	10.207317	10.514999	11.668856	10.226864	9.660875	9.619076	9.893450	11.666896	10.272094	11.517474	10.369453	9.465871	9.625547	13.018200	9.696080	11.678872	12.460714	11.408037	10.802580	10.900962	
11.029581	9.050362	10.192744	9.192220	10.204564	10.396677	9.899116	9.607350	9.182802	9.012821	10.063386	9.412319	10.624013	8.148395	7.011952	8.978292	9.071276	10.086789	10.351777	9.874230	9.326490	9.629383	9.796058	8.742417	7.844906	8.646440	8.650906	9.801457	8.648163	10.824352	10.279890	8.276934	8.622491	10.648782	9.141707	10.779302	10.868854	9.921308	9.172629	9.195947	
11.634567	9.171177	10.202257	9.049553	9.975721	11.401283	10.194286	9.391801	9.146858	9.157791	9.340372	9.319756	10.123597	8.936158	8.172976	9.435865	8.901735	10.281967	10.331082	9.142327	9.237978	9.220549	10.505830	9.260203	8.234346	9.322846	8.747778	9.559704	8.797418	10.222103	9.991019	8.043486	8.260660	10.779002	9.174003	10.685457	10.338920	9.591973	9.684958	9.180319	
12.166064	10.001578	11.953791	9.200297	10.382293	11.615948	10.997145	9.284767	9.348017	10.203084	9.691674	10.347528	10.913099	8.814405	9.651083	10.465755	10.412772	10.794133	9.621799	10.150167	10.072607	10.617401	9.384429	10.472477	9.050744	9.834960	9.268354	10.844866	9.620225	11.309073	10.450130	9.423551	9.661776	12.558274	10.169972	11.123964	10.888651	10.158934	9.980302	9.697104	
12.146430	11.359454	12.823930	10.814242	12.206149	13.165006	11.245798	11.435716	11.424923	10.951780	10.957023	11.451312	11.727290	10.415974	10.233744	10.360982	11.129419	12.021626	11.571698	10.904278	11.403609	11.463166	11.569384	11.294355	10.264351	11.139149	9.893442	11.481270	10.674728	12.461930	13.091746	9.681625	10.460862	12.165256	11.499369	12.168342	12.651142	12.895354	11.077333	10.220377	
10.560524	9.794073	10.409911	9.644668	9.298565	10.705970	9.599146	8.925095	9.910057	8.901250	9.744440	9.259884	9.866044	8.222600	7.952129	8.544755	10.268508	10.352578	10.344766	9.000946	10.108955	9.316208	9.726701	9.340023	8.728033	9.742118	8.906026	9.930415	7.899862	10.678927	9.361229	8.483021	8.372175	10.998427	9.531594	9.781136	9.423502	9.748930	8.392116	8.927559	
11.130090	10.460318	11.427878	9.706708	10.840695	10.783946	10.626335	10.480967	9.678793	8.918161	10.025179	10.561427	11.006214	8.346470	9.107570	9.659210	9.693370	10.439534	10.664815	10.411952	10.286892	10.864821	10.236718	10.099165	8.777187	9.563943	9.058955	10.818056	10.131168	10.630379	11.209042	8.732857	10.219385	11.892853	9.402595	10.553959	11.540779	11.072913	10.141272	9.629350	
The results Matches
MPI_Wtime measured for total run by process 1 = 0.004779
MPI_Wtime measured for total run by process 2 = 0.004783
MPI_Wtime measured for total run by process 3 = 0.004781
