MPI_Wtime measured for total run by process 0 = 0.013952
Total time by each process = 0.336336  And Average = 0.013453 , Comm_TIME = 0.000000
Printing Matrix A
0.663499	0.675974	0.132191	0.347731	0.633070	0.759743	0.605963	0.107444	0.236800	0.609192	0.423863	0.032492	0.488335	0.475634	0.864602	0.731411	0.649751	0.288478	0.684465	0.473181	
0.410437	0.676205	0.354013	0.173777	0.718955	0.165021	0.200238	0.586608	0.630495	0.554431	0.597405	0.023198	0.693227	0.029099	0.947885	0.695227	0.735204	0.374722	0.155079	0.680031	
0.331469	0.016853	0.042565	0.220279	0.665702	0.168157	0.060552	0.510264	0.503030	0.131471	0.041642	0.809237	0.198129	0.866063	0.732459	0.227243	0.391146	0.595634	0.847557	0.106770	
0.590623	0.776366	0.466281	0.404954	0.825992	0.420227	0.363123	0.644480	0.413424	0.914461	0.056638	0.209810	0.385801	0.881494	0.621358	0.746616	0.263191	0.863155	0.809612	0.698784	
0.804534	0.503238	0.348476	0.728909	0.658262	0.907782	0.785075	0.162684	0.923037	0.404233	0.032442	0.756375	0.673831	0.025106	0.887639	0.119047	0.842901	0.859830	0.770004	0.953277	
0.232109	0.143166	0.978652	0.188059	0.350028	0.446085	0.743141	0.678103	0.821990	0.900414	0.427098	0.401803	0.641746	0.461377	0.850372	0.840015	0.275714	0.099666	0.289031	0.156056	
0.880017	0.021528	0.804600	0.040130	0.402839	0.336220	0.960005	0.099938	0.999656	0.013500	0.975969	0.932510	0.836697	0.506049	0.319901	0.764788	0.264244	0.823076	0.485947	0.695435	
0.803750	0.718724	0.769679	0.365506	0.379977	0.619364	0.232523	0.607629	0.584051	0.194949	0.775782	0.103870	0.746052	0.108871	0.790152	0.120786	0.835962	0.357657	0.658172	0.374976	
0.102170	0.394096	0.546215	0.403912	0.115403	0.034217	0.558597	0.931212	0.065033	0.536648	0.844388	0.449086	0.496944	0.285991	0.529906	0.193266	0.655307	0.966768	0.589087	0.331788	
0.969541	0.595676	0.504092	0.832787	0.566970	0.424309	0.026868	0.091708	0.680138	0.678928	0.038666	0.842120	0.459555	0.895496	0.179569	0.753133	0.593289	0.677248	0.875697	0.666505	
0.879469	0.854025	0.964210	0.430149	0.323432	0.854393	0.981270	0.056070	0.505402	0.489467	0.178849	0.834081	0.591410	0.869519	0.021364	0.909773	0.626839	0.807171	0.709531	0.235397	
0.346396	0.395060	0.786304	0.768491	0.402696	0.976677	0.500559	0.353683	0.322087	0.559075	0.759226	0.244285	0.232646	0.977114	0.288775	0.975139	0.302302	0.962837	0.821328	0.380311	
0.989286	0.805569	0.167745	0.581813	0.382455	0.833284	0.609735	0.527746	0.129024	0.784557	0.717372	0.052971	0.129894	0.108279	0.747136	0.175246	0.845577	0.226267	0.140068	0.503155	
0.948967	0.664203	0.414007	0.401083	0.696810	0.960832	0.945336	0.433855	0.029611	0.026452	0.030724	0.513170	0.182514	0.889623	0.547516	0.845104	0.729216	0.055185	0.701257	0.686256	
0.641907	0.812248	0.660890	0.662473	0.788237	0.467249	0.890623	0.695262	0.719855	0.395718	0.977663	0.763853	0.750130	0.850103	0.275306	0.849453	0.183447	0.504456	0.907803	0.534838	
0.855854	0.515001	0.982506	0.819613	0.795147	0.969731	0.456154	0.479689	0.552623	0.657670	0.866151	0.745141	0.168823	0.893935	0.416527	0.772666	0.430860	0.018857	0.497928	0.115726	
0.053802	0.065885	0.819041	0.716240	0.875366	0.199592	0.881031	0.791114	0.194332	0.126480	0.113822	0.883239	0.186811	0.958048	0.740567	0.977815	0.159231	0.304326	0.589274	0.349936	
0.394475	0.206156	0.494263	0.325360	0.682318	0.299453	0.350985	0.340822	0.084787	0.222536	0.372644	0.619724	0.244051	0.510148	0.944615	0.297964	0.409613	0.614596	0.501389	0.592470	
0.391795	0.979848	0.074614	0.280577	0.619541	0.984756	0.703463	0.524060	0.528529	0.780839	0.894292	0.812233	0.582922	0.207780	0.366784	0.268019	0.692173	0.501360	0.568538	0.926188	
0.285049	0.180264	0.515423	0.936026	0.738532	0.517096	0.795668	0.936729	0.756158	0.462901	0.944759	0.881522	0.978789	0.403719	0.164819	0.735406	0.240851	0.438380	0.619994	0.800226	

Printing Matrix B
0.114588	0.760377	0.277080	0.691238	0.774228	0.358670	0.121089	0.157377	0.935307	0.574208	0.417268	0.443790	0.432982	0.865858	0.535163	0.528101	0.407385	0.781942	0.636209	0.317535	
0.232924	0.016400	0.783648	0.590814	0.782970	0.142818	0.197513	0.688573	0.062242	0.495097	0.285842	0.247156	0.311676	0.377692	0.502280	0.358322	0.371431	0.089217	0.548499	0.874035	
0.845052	0.531706	0.603460	0.673060	0.774710	0.263107	0.191355	0.753779	0.539362	0.450915	0.826698	0.776846	0.183960	0.353209	0.546094	0.063928	0.244096	0.433711	0.815913	0.513259	
0.274927	0.651175	0.286630	0.969312	0.536425	0.867634	0.229464	0.561252	0.510544	0.145883	0.141704	0.447784	0.805445	0.233357	0.988264	0.211980	0.522982	0.729473	0.268109	0.635604	
0.119011	0.167657	0.147719	0.761900	0.643370	0.714900	0.117593	0.170875	0.044178	0.544395	0.150849	0.295633	0.619530	0.483443	0.723890	0.692173	0.622285	0.191377	0.588739	0.428266	
0.861059	0.017184	0.305850	0.901690	0.592292	0.382470	0.202460	0.416972	0.703208	0.709630	0.019461	0.270000	0.261633	0.411749	0.414654	0.082482	0.983182	0.254366	0.287725	0.639059	
0.602140	0.623158	0.699631	0.626591	0.940544	0.829938	0.738023	0.601751	0.561315	0.850029	0.853516	0.251683	0.032176	0.125729	0.662104	0.199918	0.786316	0.068845	0.863206	0.888787	
0.031656	0.763755	0.818662	0.769336	0.379007	0.355947	0.551875	0.069220	0.113678	0.903952	0.959736	0.040026	0.926946	0.231999	0.804306	0.593902	0.839510	0.605641	0.723163	0.038150	
0.994340	0.334692	0.001726	0.130266	0.598861	0.891185	0.138087	0.304649	0.040082	0.855184	0.657434	0.680350	0.806743	0.155116	0.660967	0.632076	0.587362	0.201522	0.370680	0.704491	
0.366005	0.528138	0.526888	0.569125	0.369434	0.411358	0.873395	0.523812	0.377699	0.210044	0.872193	0.693973	0.808889	0.048642	0.227284	0.149110	0.348809	0.097381	0.510035	0.442667	
0.090815	0.906337	0.945733	0.644348	0.109077	0.362097	0.696513	0.440825	0.951566	0.684971	0.242600	0.772138	0.511329	0.467106	0.536024	0.900833	0.763798	0.591049	0.237320	0.032962	
0.089790	0.327666	0.451130	0.291705	0.257958	0.581545	0.810758	0.091968	0.223202	0.343451	0.468848	0.386065	0.051456	0.942176	0.212512	0.635171	0.370198	0.088605	0.731328	0.224024	
0.356987	0.489845	0.159253	0.489832	0.140887	0.141681	0.077569	0.842381	0.504860	0.417800	0.759696	0.019674	0.015808	0.951222	0.488590	0.736422	0.980815	0.013322	0.808080	0.522523	
0.336439	0.558702	0.191949	0.543032	0.185640	0.414181	0.013803	0.075230	0.542134	0.776747	0.201698	0.876301	0.739436	0.322582	0.392778	0.496483	0.509307	0.143224	0.456267	0.398066	
0.647088	0.587243	0.246103	0.690501	0.688925	0.818961	0.980418	0.073137	0.584885	0.267371	0.240822	0.706879	0.819038	0.451386	0.536359	0.917213	0.661700	0.844337	0.166929	0.696040	
0.002087	0.746477	0.210262	0.702360	0.215332	0.772810	0.733584	0.206283	0.329792	0.827928	0.507122	0.049598	0.249598	0.076626	0.428773	0.272381	0.287666	0.413366	0.838471	0.293075	
0.085457	0.509956	0.545574	0.371664	0.373909	0.741516	0.944734	0.049854	0.685049	0.610858	0.899145	0.544682	0.902096	0.684740	0.073774	0.794369	0.043700	0.978272	0.020565	0.464639	
0.549529	0.275506	0.997270	0.688594	0.451840	0.796140	0.182691	0.537796	0.298870	0.825354	0.200351	0.531875	0.924050	0.833325	0.860084	0.339089	0.504120	0.903876	0.939956	0.183708	
0.891923	0.742780	0.320671	0.159401	0.503112	0.992185	0.604479	0.947514	0.034208	0.473144	0.078803	0.303905	0.426829	0.084312	0.800250	0.758580	0.247868	0.766787	0.781937	0.188079	
0.910944	0.988512	0.704324	0.043952	0.716865	0.632824	0.329329	0.378590	0.144509	0.122942	0.730921	0.636932	0.382882	0.547327	0.329907	0.449868	0.915670	0.756274	0.374407	0.358526	

Printing Matrix C
4.189364	5.132616	4.198281	5.752174	5.188437	5.818852	4.604839	3.919283	4.350650	5.381164	4.252176	4.283308	4.990797	4.038858	5.103121	4.937631	5.410924	4.557822	5.075014	4.761366	
3.703072	5.070644	4.351674	5.236719	4.754724	5.311085	4.460786	3.436789	3.709511	5.093864	4.940031	4.140716	5.214538	4.129733	4.867136	5.170666	5.287936	4.538654	4.768335	4.262462	
3.090323	3.780383	2.858559	3.901859	3.422880	4.918782	3.348142	2.305831	2.539505	4.292875	2.922210	3.486182	4.446524	3.453150	4.167481	4.422650	3.805831	3.624436	4.169406	2.856472	
4.916247	5.846909	5.129177	6.449941	5.858947	6.599342	4.603062	4.534750	3.980011	6.260765	5.137245	5.062882	6.254700	4.503330	6.276234	5.274763	6.031497	5.085034	6.618996	4.964819	
MPI_Wtime measured for total run by process 12 = 0.013437
MPI_Wtime measured for total run by process 16 = 0.013437
MPI_Wtime measured for total run by process 19 = 0.013439
MPI_Wtime measured for total run by process 1 = 0.013407
MPI_Wtime measured for total run by process 5 = 0.013405
MPI_Wtime measured for total run by process 9 = 0.013423
MPI_Wtime measured for total run by process 15 = 0.013404
MPI_Wtime measured for total run by process 18 = 0.013433
MPI_Wtime measured for total run by process 20 = 0.013458
MPI_Wtime measured for total run by process 21 = 0.013445
MPI_Wtime measured for total run by process 24 = 0.013450
6.102102	5.954265	5.271602	6.433734	6.851070	7.653925	5.220484	4.950308	4.770615	6.290798	5.614710	5.374141	6.139415	5.838168	6.576278	6.048783	6.854245	5.902269	6.409375	5.954212	
4.469742	5.373977	4.174286	5.720290	4.919559	5.591521	4.875014	3.876645	4.141992	5.703238	5.553861	4.540095	4.874588	3.586734	5.154379	4.653161	5.512412	3.778898	5.659703	4.637564	
5.106148	6.264388	5.106635	5.744448	5.503430	6.560875	4.608074	4.507167	4.945566	6.712939	5.521453	5.193755	4.706493	5.481479	5.945750	5.735224	6.380206	4.790639	6.785922	4.632617	
4.491179	5.353948	4.792600	5.764264	5.340677	5.456551	4.322032	4.262413	4.602511	5.589404	4.860338	4.589119	5.285791	4.735667	5.518055	5.507597	5.621917	5.183696	5.143736	4.576647	
3.495092	5.159211	5.296553	5.154904	4.191339	5.145607	4.628867	3.830018	3.764062	5.112856	4.711527	4.117221	5.060451	4.038947	5.062584	4.721294	4.900729	4.676474	5.184754	3.439892	
4.754777	5.835130	4.558060	6.036235	5.573067	6.734549	4.351819	4.462623	4.304343	5.932669	4.938036	5.255542	5.872526	5.134344	5.940237	5.340282	5.457493	5.177263	6.371425	4.873574	
5.236203	5.830719	5.461717	6.884016	6.283959	6.783125	4.814936	5.246077	5.160613	7.131704	5.664027	5.232307	5.217484	5.354062	6.270867	5.080845	6.033212	4.797132	7.398811	5.712310	
5.059366	5.988767	5.378736	6.892665	5.443590	6.665122	4.629339	4.847277	4.907434	6.670924	4.606221	5.298789	5.863256	4.338295	6.387509	4.880809	6.085422	5.245010	6.449499	4.761936	
3.581436	5.008691	4.807775	5.884394	5.251282	5.108198	4.608274	3.446398	4.707456	5.021626	4.506740	4.326441	5.213012	4.090044	4.827523	4.555815	5.317998	4.760617	4.347967	4.529766	
4.368551	5.612572	4.509522	6.222691	5.917248	6.254150	4.627669	3.771427	4.610922	6.124538	4.724675	4.356447	4.811136	4.520614	5.476191	4.982279	5.769414	4.812640	5.862429	5.072197	
5.399283	7.170386	6.133631	7.496687	6.539071	7.543412	5.443534	5.605976	5.232614	7.716651	6.076278	5.702218	6.211856	5.496991	7.495076	6.572111	7.467532	5.376854	7.840412	5.725296	
4.657761	6.190093	5.055713	7.364454	5.970218	6.582994	5.080992	4.447570	5.472467	6.755885	5.233362	5.646296	5.897293	4.762773	6.339103	5.519512	6.285916	4.922551	6.347887	5.306246	
3.966780	5.511958	4.220873	5.945459	4.994508	6.312549	4.652009	3.495527	3.626447	5.693655	4.662565	4.277858	4.862666	3.749013	5.703510	4.722729	5.360295	4.197272	6.058260	4.307677	
3.647050	4.581280	3.975107	4.812621	4.385254	5.175814	3.981905	3.023961	3.488926	4.441663	3.675346	4.093412	4.494567	4.033329	4.578331	4.529661	4.655143	4.315624	4.615939	3.569178	
4.941991	5.807773	5.931880	6.275963	5.899446	6.460621	5.435130	4.747359	4.620761	6.344364	5.540875	5.024763	5.636840	5.273352	5.863603	5.865851	6.871240	4.873483	6.086154	5.240615	
5.032564	6.935824	5.686311	6.888148	5.760810	7.172644	5.289209	5.095492	4.768788	6.883892	6.147959	5.080277	5.853899	5.226866	6.973103	6.116705	7.436161	5.100729	7.105510	5.061804	
The results Matches
MPI_Wtime measured for total run by process 2 = 0.013453
MPI_Wtime measured for total run by process 3 = 0.013430
MPI_Wtime measured for total run by process 4 = 0.013459
MPI_Wtime measured for total run by process 6 = 0.013408
MPI_Wtime measured for total run by process 7 = 0.013457
MPI_Wtime measured for total run by process 8 = 0.013467
MPI_Wtime measured for total run by process 10 = 0.013416
MPI_Wtime measured for total run by process 11 = 0.013467
MPI_Wtime measured for total run by process 13 = 0.013415
MPI_Wtime measured for total run by process 14 = 0.013395
MPI_Wtime measured for total run by process 17 = 0.013461
MPI_Wtime measured for total run by process 22 = 0.013414
MPI_Wtime measured for total run by process 23 = 0.013405
