MPI_Wtime measured for total run by process 0 = 0.078050
Total time by each process = 4.802757  And Average = 0.075043 , Comm_TIME = 0.000000
Printing Matrix A
0.519965	0.303348	0.386376	0.519784	0.719009	0.770309	0.926652	0.882705	0.353719	0.226947	0.117349	0.737845	0.633940	0.449980	0.461484	0.028066	0.407767	0.845678	0.107198	0.884376	0.740524	0.272407	0.314931	0.665930	0.921435	0.318039	0.618856	0.635347	0.891697	0.907725	0.499705	0.334629	
0.267206	0.701614	0.545768	0.200611	0.240675	0.953468	0.628129	0.224256	0.512275	0.588347	0.598180	0.383928	0.309021	0.843057	0.227444	0.716197	0.357992	0.869054	0.003801	0.190053	0.542682	0.800082	0.762919	0.720375	0.566634	0.406326	0.532416	0.654689	0.081907	0.650162	0.675432	0.804001	
0.784170	0.937184	0.742719	0.032447	0.270758	0.456212	0.856867	0.308872	0.485309	0.588314	0.505452	0.859162	0.740750	0.896709	0.875683	0.449605	0.373765	0.447823	0.514025	0.401885	0.312799	0.818460	0.034684	0.593167	0.842529	0.537718	0.424484	0.935339	0.906203	0.581415	0.532758	0.441739	
0.417808	0.023006	0.369832	0.716616	0.282988	0.852296	0.662407	0.837664	0.626943	0.852917	0.772261	0.216661	0.620304	0.460350	0.829095	0.059585	0.791651	0.178736	0.507482	0.844113	0.430427	0.108141	0.141872	0.597771	0.321187	0.820242	0.238944	0.771913	0.834978	0.012310	0.134353	0.910976	
0.154486	0.087486	0.985063	0.452436	0.628007	0.508324	0.506382	0.538693	0.556783	0.921018	0.395838	0.654975	0.925194	0.894890	0.739181	0.985550	0.895577	0.555634	0.004634	0.296130	0.568648	0.402520	0.910549	0.902599	0.300148	0.263059	0.516547	0.926804	0.585320	0.501288	0.627559	0.218168	
0.559874	0.403775	0.781873	0.197150	0.504360	0.425550	0.540882	0.882241	0.151765	0.537018	0.063335	0.110053	0.285515	0.973156	0.098179	0.436209	0.965126	0.222562	0.539889	0.097519	0.019381	0.459158	0.851217	0.401295	0.486700	0.671293	0.402134	0.198690	0.392687	0.600722	0.363171	0.148919	
0.876915	0.075296	0.791194	0.461053	0.695883	0.370839	0.261611	0.550082	0.710447	0.298345	0.002721	0.800229	0.668882	0.886273	0.437881	0.360349	0.406675	0.731600	0.608460	0.008444	0.112865	0.851444	0.151417	0.122786	0.622901	0.974444	0.918166	0.021030	0.175623	0.619100	0.942496	0.928300	
0.415094	0.547039	0.852554	0.327897	0.934766	0.339894	0.580866	0.948045	0.883811	0.829389	0.697162	0.389024	0.757722	0.486289	0.987573	0.049389	0.074490	0.426221	0.151910	0.892463	0.933458	0.172858	0.695037	0.718092	0.043393	0.380825	0.397900	0.613339	0.777973	0.855840	0.514217	0.168213	
0.501656	0.515751	0.348552	0.740242	0.640570	0.796335	0.034004	0.914455	0.061908	0.817952	0.065129	0.615429	0.530919	0.608648	0.376497	0.633843	0.371296	0.531719	0.557807	0.001859	0.185062	0.533984	0.312622	0.296463	0.743719	0.834337	0.545706	0.651950	0.921035	0.121761	0.037461	0.175685	
0.905199	0.128605	0.979366	0.661383	0.928659	0.383494	0.643807	0.615810	0.794371	0.196375	0.899914	0.416701	0.108924	0.118482	0.294067	0.555141	0.001572	0.662271	0.814212	0.145365	0.519022	0.984152	0.208815	0.550355	0.050110	0.343263	0.595055	0.770974	0.298427	0.850364	0.183623	0.791759	
0.089252	0.166133	0.777685	0.646334	0.840357	0.459536	0.230448	0.052358	0.756622	0.230583	0.155586	0.055656	0.891012	0.046507	0.311525	0.259831	0.292297	0.304240	0.737462	0.366690	0.581060	0.626990	0.836118	0.092067	0.074969	0.944416	0.324206	0.684568	0.906092	0.289853	0.569341	0.618393	
0.975648	0.931620	0.873206	0.290928	0.124536	0.265775	0.597266	0.553393	0.680491	0.902791	0.497882	0.219914	0.318434	0.621590	0.059452	0.749413	0.162616	0.748210	0.979343	0.490088	0.957057	0.064532	0.113704	0.226559	0.115734	0.798891	0.716709	0.017590	0.528572	0.922918	0.879163	0.623124	
0.353363	0.077601	0.410472	0.436584	0.323552	0.921852	0.119041	0.231451	0.277760	0.848392	0.049147	0.029612	0.505161	0.165743	0.624859	0.426103	0.160201	0.310928	0.071392	0.938202	0.248627	0.832200	0.008464	0.602444	0.093993	0.280693	0.316817	0.720860	0.262834	0.206302	0.675471	0.865916	
0.136107	0.406346	0.924355	0.602443	0.204602	0.540651	0.498294	0.499291	0.593931	0.735428	0.090289	0.732725	0.342891	0.240817	0.571431	0.854034	0.283577	0.915037	0.604928	0.380915	0.952123	0.022596	0.064662	0.042705	0.301871	0.569341	0.234421	0.745283	0.241093	0.595674	0.092834	0.520062	
0.710088	0.584344	0.952579	0.124546	0.886826	0.355121	0.669030	0.610081	0.175958	0.363061	0.481487	0.987691	0.094445	0.535104	0.033073	0.563690	0.490264	0.058178	0.113293	0.347547	0.329867	0.951606	0.100493	0.969798	0.741109	0.686830	0.441204	0.945176	0.257886	0.722928	0.535445	0.034121	
0.434652	0.468554	0.275023	0.548063	0.518768	0.603787	0.061356	0.895712	0.906444	0.025061	0.257063	0.883297	0.450517	0.805910	0.892844	0.011672	0.932329	0.875441	0.296326	0.812243	0.923173	0.434354	0.989615	0.786993	0.912608	0.243707	0.782292	0.684621	0.733230	0.218771	0.330561	0.953570	
0.710669	0.470243	0.252514	0.822089	0.698516	0.160215	0.586509	0.584190	0.759263	0.668789	0.954902	0.774363	0.843941	0.314206	0.223578	0.437393	0.096787	0.941243	0.190123	0.524988	0.019776	0.576769	0.632412	0.105402	0.988856	0.933229	0.127600	0.631891	0.700727	0.146043	0.213873	0.858552	
0.491073	0.659961	0.563127	0.569834	0.870152	0.189188	0.307562	0.894238	0.068780	0.240177	0.535059	0.167922	0.818165	0.160091	0.897401	0.342697	0.818438	0.069669	0.187607	0.964469	0.786106	0.560321	0.448246	0.390087	0.282026	0.713407	0.502332	0.052870	0.195294	0.352535	0.231603	0.481169	
0.697890	0.431607	0.190342	0.943255	0.549733	0.070117	0.958136	0.515006	0.090468	0.057246	0.109742	0.913298	0.323077	0.397730	0.961064	0.604722	0.429737	0.544452	0.432405	0.596526	0.991284	0.980117	0.126847	0.189582	0.723536	0.810116	0.356944	0.138312	0.989246	0.234701	0.414941	0.609265	
0.875752	0.464756	0.641424	0.290296	0.727925	0.582127	0.765536	0.072088	0.018537	0.322349	0.605619	0.055501	0.996704	0.545176	0.129624	0.256322	0.308157	0.313534	0.782360	0.582288	0.874242	0.365058	0.936125	0.128850	0.319351	0.330142	0.911860	0.519835	0.675844	0.320208	0.219452	0.810845	
0.297608	0.477190	0.728207	0.590253	0.223893	0.242227	0.392457	0.114679	0.822276	0.636779	0.830463	0.642700	0.221626	0.311776	0.539437	0.968687	0.246999	0.917012	0.505354	0.577656	0.462576	0.889265	0.190961	0.566843	0.448765	0.747373	0.360236	0.785536	0.352980	0.022939	0.219934	0.729462	
0.437502	0.442140	0.153740	0.672103	0.839680	0.471350	0.565313	0.043878	0.241815	0.293307	0.181323	0.183912	0.176156	0.426719	0.198477	0.863023	0.802656	0.578834	0.324959	0.572713	0.812305	0.195281	0.082256	0.391697	0.030409	0.926122	0.763847	0.746034	0.316885	0.336093	0.328935	0.151340	
0.504279	0.087987	0.981110	0.993878	0.704763	0.171034	0.428317	0.111090	0.247735	0.670458	0.147246	0.951586	0.589246	0.979492	0.486795	0.049772	0.861005	0.820313	0.798460	0.635532	0.003349	0.290243	0.369297	0.890391	0.438545	0.628615	0.977341	0.049922	0.867879	0.484768	0.160246	0.345749	
0.672300	0.863368	0.980252	0.973983	0.305466	0.415266	0.665559	0.291796	0.866507	0.689896	0.500610	0.410435	0.769232	0.723164	0.429743	0.950731	0.234974	0.572803	0.312998	0.198826	0.811012	0.293228	0.919750	0.580676	0.505434	0.630105	0.010389	0.374534	0.935743	0.709100	0.166610	0.467529	
0.473929	0.616808	0.587119	0.405391	0.429727	0.874703	0.283642	0.135733	0.725950	0.795120	0.806378	0.515961	0.267351	0.107606	0.884892	0.835544	0.615467	0.145748	0.267987	0.600716	0.249758	0.047190	0.930797	0.322476	0.948761	0.393087	0.287250	0.497258	0.134108	0.988561	0.179999	0.377820	
0.276457	0.998051	0.074707	0.242157	0.074186	0.857864	0.472269	0.661731	0.297935	0.176168	0.963865	0.139786	0.278290	0.116972	0.952451	0.253754	0.018360	0.773352	0.850572	0.417531	0.304855	0.929741	0.455734	0.198153	0.646289	0.338855	0.047747	0.708127	0.606987	0.784325	0.319891	0.788347	
0.289883	0.431318	0.577207	0.065212	0.124243	0.659185	0.586426	0.333647	0.231659	0.842869	0.151142	0.605442	0.376094	0.317568	0.427845	0.034237	0.667613	0.858183	0.314404	0.126881	0.918349	0.018625	0.643404	0.737490	0.024774	0.154469	0.131354	0.934045	0.149678	0.203434	0.357527	0.295251	
0.703226	0.269959	0.076829	0.456277	0.182907	0.499952	0.827174	0.701375	0.817800	0.027864	0.615755	0.456603	0.213522	0.342955	0.897709	0.596188	0.791640	0.618566	0.262988	0.863647	0.549745	0.272206	0.601041	0.228868	0.829425	0.367996	0.218641	0.210612	0.484637	0.003212	0.191773	0.983281	
0.465548	0.851882	0.676690	0.174431	0.079128	0.603355	0.420218	0.099010	0.088955	0.694822	0.291605	0.739759	0.459000	0.158588	0.342371	0.634187	0.743715	0.536454	0.201598	0.646841	0.157521	0.960894	0.082418	0.827381	0.526910	0.478969	0.427637	0.594757	0.961699	0.537410	0.895213	0.111989	
0.657666	0.059334	0.359327	0.139989	0.956370	0.094588	0.160787	0.210162	0.444172	0.506211	0.907860	0.758446	0.854312	0.173629	0.467453	0.388454	0.934060	0.984383	0.153963	0.810236	0.225254	0.149121	0.826794	0.073737	0.048414	0.142775	0.680916	0.825833	0.197077	0.284754	0.285080	0.789650	
0.120996	0.512528	0.898403	0.385292	0.227588	0.509698	0.893696	0.325348	0.163383	0.898384	0.369344	0.379527	0.723679	0.230952	0.337489	0.227899	0.794634	0.733443	0.063190	0.816694	0.653148	0.345160	0.909827	0.488954	0.138631	0.917508	0.111554	0.074395	0.961316	0.843992	0.325948	0.757290	
0.812316	0.813619	0.609468	0.166285	0.956705	0.809459	0.181953	0.939742	0.685751	0.828558	0.154286	0.632538	0.208301	0.414407	0.548420	0.654831	0.662429	0.236244	0.098762	0.534513	0.913974	0.922000	0.642386	0.416511	0.718993	0.125442	0.148023	0.988880	0.234510	0.890573	0.574983	0.143668	

Printing Matrix B
0.993389	0.864230	0.775784	0.090233	0.375062	0.446200	0.660245	0.998754	0.766323	0.649389	0.725980	0.596564	0.835812	0.654929	0.414378	0.981448	0.331414	0.794143	0.365462	0.826207	0.654685	0.667176	0.155112	0.668650	0.892877	0.038783	0.055884	0.252796	0.085327	0.353180	0.935791	0.907471	
0.180307	0.374404	0.585990	0.286292	0.473018	0.555606	0.619398	0.549564	0.542295	0.131132	0.223694	0.489876	0.291653	0.808726	0.177685	0.494650	0.417811	0.903760	0.069664	0.244476	0.143521	0.170811	0.024338	0.275195	0.308722	0.164813	0.790254	0.841437	0.497746	0.309351	0.366359	0.033424	
0.673055	0.787971	0.127237	0.285401	0.832529	0.033677	0.176587	0.423501	0.715198	0.017725	0.243003	0.587358	0.509324	0.416181	0.700710	0.659853	0.386789	0.116484	0.480270	0.784783	0.858097	0.169666	0.127331	0.519993	0.181481	0.347981	0.396879	0.165234	0.832048	0.781886	0.031019	0.906523	
0.889562	0.931833	0.424891	0.682630	0.535076	0.317671	0.445463	0.504936	0.375382	0.051427	0.788256	0.678465	0.798075	0.153062	0.902089	0.246903	0.082591	0.161482	0.895352	0.790469	0.696409	0.092834	0.945805	0.768815	0.450688	0.093449	0.036903	0.859248	0.232264	0.664073	0.071895	0.926003	
0.089711	0.661967	0.931598	0.415490	0.560577	0.769878	0.106095	0.827569	0.358935	0.795727	0.692931	0.230817	0.667286	0.059547	0.805865	0.893667	0.073036	0.880640	0.008071	0.632641	0.804454	0.075030	0.941213	0.467332	0.823616	0.695987	0.918035	0.441741	0.821693	0.324501	0.486838	0.523136	
0.773802	0.564509	0.699905	0.350520	0.599669	0.414909	0.328148	0.841031	0.145300	0.668311	0.463821	0.648655	0.611341	0.913073	0.191324	0.658054	0.839984	0.746999	0.419712	0.044249	0.523069	0.560264	0.341399	0.002982	0.938313	0.550035	0.781346	0.687648	0.171847	0.490866	0.036931	0.328297	
0.371482	0.416804	0.172815	0.810575	0.920211	0.547100	0.772134	0.748310	0.221375	0.112580	0.497035	0.395408	0.400951	0.032052	0.035193	0.314796	0.435645	0.197868	0.192654	0.304343	0.379283	0.374475	0.401526	0.861863	0.421131	0.625622	0.774673	0.587047	0.907303	0.613504	0.979449	0.349171	
0.659900	0.023554	0.555483	0.965419	0.179340	0.086182	0.462680	0.203767	0.922489	0.801977	0.850419	0.872785	0.008124	0.700218	0.414589	0.402667	0.596428	0.927044	0.754118	0.086676	0.232357	0.514325	0.120904	0.578848	0.547481	0.740555	0.769849	0.155622	0.099628	0.765546	0.905228	0.588707	
0.594434	0.653566	0.408213	0.282011	0.913100	0.335607	0.514427	0.077397	0.295280	0.459808	0.431291	0.843102	0.471269	0.045136	0.776862	0.878153	0.149594	0.719849	0.271961	0.198377	0.798195	0.219066	0.448439	0.374529	0.114415	0.808848	0.449767	0.076625	0.260599	0.297533	0.755605	0.408757	
0.707404	0.463006	0.130465	0.164427	0.195367	0.241281	0.679957	0.387526	0.450148	0.340077	0.848325	0.820950	0.538462	0.146384	0.294167	0.199266	0.683747	0.980938	0.323655	0.742871	0.528859	0.162829	0.599962	0.003186	0.746730	0.950024	0.759965	0.703979	0.889456	0.592494	0.405505	0.185195	
0.454031	0.903463	0.311498	0.296707	0.630486	0.049172	0.009892	0.280558	0.395621	0.351677	0.001556	0.454013	0.906020	0.074636	0.838266	0.400776	0.425964	0.069982	0.950574	0.577818	0.826226	0.811508	0.679348	0.592739	0.322649	0.230555	0.000072	0.215218	0.731075	0.217617	0.549684	0.861638	
0.922633	0.713110	0.298310	0.454266	0.917918	0.960654	0.357841	0.672236	0.497809	0.004696	0.587359	0.403974	0.509767	0.887775	0.239983	0.035100	0.681033	0.035822	0.039138	0.103878	0.755863	0.554323	0.617925	0.794195	0.129350	0.613616	0.018805	0.035143	0.639180	0.588024	0.672330	0.041779	
0.371334	0.332705	0.567689	0.367529	0.501116	0.437256	0.148410	0.234775	0.030342	0.994469	0.865981	0.577719	0.952529	0.384324	0.788867	0.978222	0.503703	0.570674	0.747512	0.394944	0.860054	0.367669	0.063651	0.286224	0.450835	0.143140	0.310305	0.821978	0.886603	0.887694	0.632404	0.835672	
0.176844	0.207499	0.344548	0.172983	0.434643	0.213066	0.143095	0.592287	0.779984	0.910748	0.456288	0.353123	0.939027	0.018362	0.106733	0.707538	0.260380	0.207932	0.517480	0.809530	0.921567	0.450418	0.521887	0.658593	0.778133	0.392160	0.302066	0.577312	0.986101	0.812524	0.449708	0.376411	
0.435099	0.315016	0.965259	0.904703	0.147143	0.951488	0.397826	0.970901	0.179422	0.410379	0.108345	0.722580	0.583365	0.187279	0.055165	0.743161	0.148034	0.442844	0.182724	0.000118	0.702667	0.998897	0.561687	0.276451	0.332859	0.222596	0.674521	0.535649	0.480280	0.290960	0.286618	0.025710	
0.092299	0.547945	0.816100	0.604890	0.499669	0.619260	0.573585	0.802465	0.582542	0.347648	0.970237	0.514950	0.606225	0.985963	0.840031	0.327496	0.480226	0.207353	0.423504	0.815094	0.416030	0.984529	0.330066	0.896059	0.812054	0.169671	0.127005	0.232809	0.490531	0.626074	0.230444	0.262891	
0.829011	0.006995	0.282486	0.175687	0.256443	0.688131	0.947209	0.499117	0.827897	0.541554	0.353410	0.688132	0.993135	0.174502	0.267776	0.934247	0.907637	0.349301	0.763332	0.888638	0.685203	0.606285	0.160959	0.391675	0.774190	0.943759	0.707592	0.971541	0.946097	0.924305	0.583436	0.310660	
0.799795	0.681195	0.184949	0.582903	0.146603	0.502563	0.294590	0.296419	0.827467	0.196381	0.872068	0.235786	0.313965	0.032038	0.018643	0.388474	0.002658	0.381566	0.639503	0.057758	0.153657	0.093669	0.454559	0.517027	0.630264	0.817084	0.881329	0.320497	0.212961	0.092695	0.695232	0.050042	
0.550838	0.885497	0.396076	0.976448	0.503577	0.997979	0.460204	0.240162	0.228413	0.592801	0.110116	0.305035	0.265832	0.554680	0.878899	0.658954	0.036329	0.620078	0.487707	0.982138	0.666643	0.949420	0.495123	0.217316	0.246828	0.833277	0.723414	0.680021	0.536042	0.950310	0.839423	0.844677	
0.153716	0.308157	0.061282	0.632707	0.270413	0.854773	0.771709	0.489072	0.882205	0.375480	0.460661	0.594865	0.290202	0.411644	0.154441	0.005376	0.721078	0.949581	0.603829	0.510285	0.164416	0.639778	0.437146	0.954661	0.451199	0.924970	0.385643	0.908564	0.065011	0.805469	0.576530	0.527609	
0.124378	0.079968	0.059478	0.602450	0.955311	0.160018	0.371077	0.711809	0.444821	0.734136	0.156614	0.506308	0.962908	0.441077	0.122621	0.837045	0.445876	0.975207	0.507265	0.729247	0.819884	0.855034	0.003945	0.013237	0.203622	0.279229	0.390072	0.581861	0.097313	0.892417	0.991625	0.466933	
0.646475	0.942856	0.019796	0.616317	0.561368	0.030641	0.038193	0.014078	0.791251	0.602051	0.078843	0.534302	0.206851	0.396090	0.156182	0.635978	0.305163	0.956396	0.250937	0.164639	0.044063	0.377618	0.239159	0.324071	0.685004	0.211732	0.110034	0.940003	0.172754	0.515361	0.199116	0.131591	
0.730174	0.829238	0.660700	0.793416	0.189158	0.787019	0.562731	0.458726	0.037212	0.011582	0.416492	0.464131	0.287679	0.918181	0.130832	0.991074	0.137760	0.842116	0.814190	0.503223	0.806566	0.431666	0.401333	0.617032	0.560849	0.585791	0.580200	0.566587	0.029414	0.354674	0.534540	0.021252	
0.166061	0.470760	0.498900	0.983601	0.264226	0.674763	0.305658	0.104104	0.920410	0.843848	0.739818	0.368489	0.895203	0.929479	0.068912	0.102043	0.814098	0.215225	0.546787	0.618464	0.614092	0.476571	0.585023	0.786257	0.270572	0.006044	0.040540	0.779622	0.097697	0.365486	0.659831	0.401583	
0.040332	0.786927	0.815634	0.398131	0.698619	0.349476	0.455378	0.789076	0.765838	0.736339	0.169654	0.742120	0.225061	0.433961	0.575135	0.358821	0.452352	0.202585	0.551139	0.697713	0.475419	0.533400	0.182923	0.656747	0.117596	0.755138	0.909047	0.554601	0.604864	0.019000	0.824105	0.795465	
0.523568	0.544443	0.598767	0.324464	0.289346	0.004984	0.180340	0.421030	0.054817	0.585185	0.673426	0.097973	0.128347	0.458288	0.494792	0.228908	0.251804	0.093067	0.015508	0.924758	0.275395	0.777124	0.591472	0.753670	0.374321	0.610154	0.478640	0.326036	0.825099	0.559438	0.038079	0.338251	
0.561699	0.140455	0.848849	0.882061	0.994954	0.579978	0.857338	0.232715	0.672502	0.279406	0.550996	0.758129	0.389767	0.695986	0.105914	0.717728	0.465555	0.244820	0.923395	0.438647	0.786066	0.504775	0.352272	0.875063	0.580359	0.175916	0.759911	0.507449	0.251613	0.577523	0.237671	0.025140	
0.153434	0.017630	0.396841	0.995178	0.474902	0.826311	0.237442	0.851948	0.855844	0.949155	0.961909	0.765432	0.660038	0.571049	0.638206	0.600935	0.866148	0.868469	0.074843	0.445895	0.363599	0.376920	0.973581	0.418841	0.256732	0.445179	0.824599	0.432163	0.553567	0.382346	0.599400	0.983413	
0.601847	0.728536	0.715529	0.226435	0.446637	0.680169	0.832223	0.249642	0.467006	0.307596	0.905433	0.776242	0.742971	0.650774	0.141869	0.807918	0.486069	0.420405	0.710885	0.280725	0.250196	0.577739	0.059904	0.171373	0.522203	0.818515	0.218729	0.886637	0.753344	0.304070	0.171597	0.638929	
0.648443	0.859263	0.706175	0.516849	0.100883	0.038789	0.921969	0.687696	0.689131	0.871809	0.100968	0.869559	0.295856	0.749526	0.285618	0.125119	0.447788	0.293388	0.124371	0.110333	0.904824	0.386040	0.359283	0.270966	0.579948	0.956274	0.901221	0.535228	0.999462	0.664531	0.673208	0.219140	
0.774032	0.274959	0.322764	0.123657	0.534413	0.054382	0.583435	0.942110	0.468123	0.844299	0.724217	0.566421	0.664281	0.008759	0.020601	0.458485	0.740426	0.693037	0.118735	0.290778	0.326392	0.546844	0.670508	0.073210	0.387338	0.507974	0.297035	0.835233	0.305347	0.298805	0.071890	0.120582	
0.490733	0.875507	0.630313	0.262616	0.511445	0.866532	0.298413	0.320584	0.857250	0.797305	0.902954	0.115602	0.476530	0.534249	0.171696	0.360737	0.468449	0.271897	0.402529	0.055468	0.343973	0.095927	0.861742	0.328137	0.245069	0.873278	0.757980	0.356324	0.403286	0.782931	0.545403	0.237412	

Printing Matrix C
8.647362	8.796493	8.453209	9.239931	8.726889	8.311432	8.405487	9.386858	9.770978	9.284794	9.573677	9.974263	9.291063	7.946535	5.536568	8.930948	8.114747	8.964345	7.723923	7.215212	9.442338	7.986918	7.091430	8.577055	8.192062	9.628609	9.473804	9.643030	8.450062	9.067016	9.498019	7.593906	
8.161796	8.925866	7.600755	8.124214	8.346739	7.133196	7.068348	8.576838	9.206809	8.593501	8.690845	8.785662	8.953253	7.689643	5.238927	8.559584	7.606538	8.295838	7.044922	7.155012	8.965468	7.384809	7.211115	7.795166	8.085281	8.273468	8.633055	8.845415	7.970355	8.388146	7.973043	5.991132	
8.912957	9.775175	8.807606	8.993230	9.457572	8.788996	8.213755	9.849574	10.165924	9.683857	9.502042	10.296082	10.138709	8.362181	6.398719	9.842745	8.481638	9.103716	7.207882	8.265639	9.911832	9.053764	7.447163	8.700764	8.373256	9.187374	9.191689	10.046482	10.182466	9.489463	9.335255	8.030275	
8.285324	8.117866	7.576241	8.262931	7.723655	8.010417	7.245620	7.943797	8.405667	8.698941	9.229297	9.129384	9.368769	6.676954	6.226901	8.591150	7.758690	8.281876	7.770155	7.764233	8.841520	8.076737	7.503575	7.583810	7.523454	9.022843	8.254639	9.009145	8.286448	9.200821	8.170023	8.002266	
9.141834	8.946011	8.624654	9.465119	8.946185	8.673518	8.165924	9.580234	9.827039	9.433448	10.503113	10.531128	11.026004	8.201294	6.748454	10.274396	8.716065	9.136602	8.422501	8.872694	11.027373	8.654571	7.994011	8.859106	9.062838	9.189756	8.969049	9.927265	9.801844	10.056741	8.773897	7.629047	
7.335171	7.142247	6.780013	6.698914	6.190822	5.851047	6.620205	6.980067	7.574046	7.216266	7.210286	7.618731	7.126912	6.427331	4.965514	7.909477	6.048365	6.939249	6.296792	7.375421	7.861418	6.490376	5.238087	6.841106	7.399402	7.572212	7.500963	7.615513	7.647352	7.875874	6.766165	5.816042	
9.339364	9.468114	8.257926	7.476545	8.557020	6.966455	6.964249	8.319455	8.906977	8.963063	8.993081	8.548346	8.430522	6.831684	6.164501	9.109141	6.430865	7.555990	6.696641	7.606091	9.397934	7.449021	7.230430	8.038868	8.001957	8.634483	8.306158	8.128388	8.501899	9.008789	7.747147	6.572831	
8.654506	8.927504	8.388323	9.339629	8.590524	8.048967	8.055597	9.068242	9.107511	9.178649	9.331586	10.361006	9.908123	7.586998	6.370537	9.797409	7.754673	10.141203	7.725281	7.738938	10.504078	8.288209	7.550532	8.096096	8.117134	9.317077	9.148606	9.417289	8.875841	9.444811	9.312918	7.787913	
7.822296	8.029869	7.942155	7.649143	7.090976	7.081179	6.495646	7.647725	7.922463	7.722670	8.956630	8.451063	7.871729	7.484884	6.066529	8.174891	6.522445	7.762553	6.763352	7.456059	7.901413	7.162685	6.286751	7.130009	7.778378	7.703825	7.829089	8.149374	7.740284	7.910509	6.828110	6.814916	
8.682709	10.144328	7.711235	8.921858	8.758041	7.305878	6.673089	7.984294	9.164785	8.361833	8.485378	8.752210	8.661896	7.355758	7.103011	8.820954	6.373685	8.245696	6.931405	7.514282	9.371495	7.455145	7.704195	8.091476	7.651354	8.060788	8.011367	7.671103	7.726092	8.701385	8.556136	7.879681	
7.315321	8.183045	6.850977	7.126137	7.308352	6.774138	5.918557	6.761573	6.300808	7.336097	7.870218	7.503654	7.699734	6.118682	6.116660	8.727294	5.533917	7.806704	6.152688	6.933371	7.969238	6.470053	6.412872	6.046007	6.427924	7.648921	7.231055	8.072571	7.175357	7.877870	6.171060	6.667936	
8.943385	9.239026	7.673541	7.769981	8.653884	6.869062	8.459172	8.621332	9.125526	8.447187	8.971578	9.168781	8.935320	7.597696	6.225017	8.777335	7.069369	8.730449	7.272693	8.613090	9.408752	8.332967	6.537177	7.731783	8.013560	9.024111	8.631999	8.711335	8.621822	9.668847	8.744753	7.160436	
6.231186	6.383988	5.619332	6.267101	5.725665	5.919001	5.317493	6.423577	7.061903	7.095510	7.401149	7.009298	6.886918	5.526247	4.105972	6.187900	6.282445	7.313512	5.103221	5.208728	6.057642	5.618616	5.966496	5.338477	6.279914	6.314481	6.174557	7.445085	5.340327	6.801073	5.218114	5.151324	
7.366283	7.575825	6.427224	7.673063	7.531416	6.885398	6.550657	7.813609	7.659510	6.818912	8.007569	8.047665	7.597556	6.604871	5.853542	7.185073	6.227847	7.182635	5.928165	6.792573	8.102536	6.929256	6.254838	6.700060	6.397368	8.033730	7.967050	6.974206	7.517677	8.357404	7.428810	6.291810	
7.552547	8.399943	7.349194	8.035821	8.351704	6.770465	6.767934	8.644290	9.513933	8.503859	8.195873	8.690759	8.478053	7.786007	5.958735	7.763865	7.825871	7.778544	5.810943	7.876368	8.660143	7.487933	6.816828	8.395109	7.476303	7.646269	7.577299	8.131659	8.483398	8.213930	7.946623	7.104155	
9.530012	9.491066	9.330590	10.069353	9.378197	10.028712	8.573812	9.386507	10.818718	9.901563	10.016192	10.539444	10.422465	8.793352	6.015948	10.821609	8.379185	9.976400	9.186372	8.056175	10.657330	8.974580	7.990112	9.226356	8.462671	10.193269	9.895988	10.237351	8.077531	9.893227	10.202696	7.646247	
8.734559	10.296398	8.213841	7.988587	8.378607	7.902135	6.918922	8.266027	8.736001	8.175348	9.912527	8.894547	8.725479	7.003457	7.219268	8.653385	6.731263	8.299593	7.581448	7.753237	8.784560	7.358008	7.897493	8.821692	7.717679	9.151092	8.283145	8.406455	8.647341	8.141191	8.760725	7.942998	
7.059008	7.288486	7.313513	7.721885	6.948551	6.888107	6.631433	7.573614	7.808638	7.705816	7.366437	8.084520	8.098151	6.556621	5.582818	8.258433	6.443828	8.116609	6.940262	7.268506	8.273956	7.484468	5.846473	7.384449	7.145740	7.165171	7.444039	8.474175	7.155491	8.619079	7.371211	6.461292	
8.234048	9.040129	7.836138	8.557668	8.532940	8.057870	7.528149	8.906964	8.673259	7.841049	8.639679	8.590621	8.720752	7.114395	5.475687	8.502212	6.553222	7.913621	6.871393	7.563610	8.297758	8.502968	6.715227	8.367799	7.533924	8.150906	7.581751	9.187406	7.917363	8.866909	8.315613	6.809891	
7.639425	8.657188	7.720093	7.890916	8.374964	7.872135	7.116484	8.141233	7.811575	8.117012	8.232209	8.176980	9.051879	7.306539	5.876666	9.723565	6.560826	8.501752	7.690454	8.037909	9.276303	7.553951	6.314448	7.410940	7.776666	7.765236	8.202042	8.932687	7.895909	8.989706	8.216987	7.470618	
MPI_Wtime measured for total run by process 17 = 0.069855
MPI_Wtime measured for total run by process 20 = 0.069883
MPI_Wtime measured for total run by process 25 = 0.069879
MPI_Wtime measured for total run by process 30 = 0.077828
MPI_Wtime measured for total run by process 37 = 0.077640
MPI_Wtime measured for total run by process 40 = 0.073907
MPI_Wtime measured for total run by process 54 = 0.077786
MPI_Wtime measured for total run by process 55 = 0.077840
MPI_Wtime measured for total run by process 1 = 0.077503
MPI_Wtime measured for total run by process 10 = 0.075389
MPI_Wtime measured for total run by process 14 = 0.075445
MPI_Wtime measured for total run by process 15 = 0.075422
MPI_Wtime measured for total run by process 16 = 0.069885
MPI_Wtime measured for total run by process 18 = 0.069890
MPI_Wtime measured for total run by process 19 = 0.069888
MPI_Wtime measured for total run by process 21 = 0.069892
MPI_Wtime measured for total run by process 23 = 0.069875
MPI_Wtime measured for total run by process 24 = 0.069864
MPI_Wtime measured for total run by process 26 = 0.078028
MPI_Wtime measured for total run by process 27 = 0.073868
MPI_Wtime measured for total run by process 28 = 0.073877
MPI_Wtime measured for total run by process 31 = 0.073994
MPI_Wtime measured for total run by process 32 = 0.069968
MPI_Wtime measured for total run by process 33 = 0.070004
MPI_Wtime measured for total run by process 34 = 0.078016
MPI_Wtime measured for total run by process 35 = 0.070002
MPI_Wtime measured for total run by process 36 = 0.069865
MPI_Wtime measured for total run by process 38 = 0.077583
MPI_Wtime measured for total run by process 39 = 0.069991
MPI_Wtime measured for total run by process 41 = 0.075531
MPI_Wtime measured for total run by process 42 = 0.078080
MPI_Wtime measured for total run by process 43 = 0.075563
MPI_Wtime measured for total run by process 44 = 0.075543
MPI_Wtime measured for total run by process 45 = 0.075506
MPI_Wtime measured for total run by process 46 = 0.075531
MPI_Wtime measured for total run by process 48 = 0.075764
MPI_Wtime measured for total run by process 50 = 0.075774
MPI_Wtime measured for total run by process 61 = 0.077823
MPI_Wtime measured for total run by process 22 = 0.069858
MPI_Wtime measured for total run by process 47 = 0.075583
MPI_Wtime measured for total run by process 63 = 0.077813
MPI_Wtime measured for total run by process 5 = 0.077499
MPI_Wtime measured for total run by process 12 = 0.075399
MPI_Wtime measured for total run by process 9 = 0.075397
MPI_Wtime measured for total run by process 52 = 0.077863
MPI_Wtime measured for total run by process 11 = 0.075405
MPI_Wtime measured for total run by process 13 = 0.075379
MPI_Wtime measured for total run by process 56 = 0.077523
MPI_Wtime measured for total run by process 58 = 0.077555
MPI_Wtime measured for total run by process 59 = 0.077595
MPI_Wtime measured for total run by process 60 = 0.077854
7.855822	9.243930	6.936833	8.269186	8.357931	7.638335	6.449029	7.639367	8.861086	7.423242	8.654817	8.357308	8.547381	6.935668	6.497106	7.881160	6.727924	7.657811	6.883244	7.707224	8.288902	7.715368	7.488648	8.185709	7.003562	7.950688	7.394061	8.048444	7.696620	8.227542	7.646016	6.902030	
6.319768	6.378050	6.518051	7.050370	6.883721	6.617778	6.463196	7.579643	7.207987	6.958397	7.787711	7.059070	7.891872	5.921444	5.143611	7.266484	6.031820	6.861996	5.696118	7.399353	7.391934	6.788128	6.223975	7.003743	7.047314	6.732308	7.019874	7.621349	6.870687	7.581677	6.424497	5.708698	
9.210808	9.464162	7.863492	8.357827	8.201711	8.534367	7.827683	7.867210	9.169313	7.697170	9.159216	8.864617	9.507587	7.066848	6.074021	8.733857	6.878711	6.975092	8.124371	8.793469	10.094927	7.483604	7.491999	8.936701	8.078425	8.929892	8.032275	9.443216	9.256564	9.446870	7.897669	7.309599	
9.144899	10.600861	8.742666	8.696754	9.102928	8.042842	8.210686	9.289254	9.054175	8.479578	9.845478	10.049600	10.363172	8.481006	7.314674	9.989159	7.319611	8.881334	8.212039	9.060336	10.588297	8.371810	7.261972	8.715533	8.443816	8.885187	8.484875	9.621994	9.446879	9.684076	8.987985	8.245336	
7.854442	9.018782	8.319172	7.728079	7.505190	7.680375	7.624450	8.946567	7.844916	7.473094	7.458190	9.253260	8.382366	7.704301	6.369443	8.159627	7.117175	7.852965	6.753622	7.436334	9.441779	7.889471	6.831237	7.534558	7.409050	8.495187	8.507306	8.109691	8.127646	7.861875	7.753552	6.527450	
7.451464	8.833184	7.428836	8.216034	6.845319	7.180810	6.436260	7.587042	7.889838	7.846912	6.927040	8.265767	7.135135	7.152730	5.235776	7.741428	6.248312	8.248485	6.369487	5.512767	7.233204	7.567570	6.333434	6.303367	6.748582	8.000520	8.390031	8.350459	6.933395	7.267442	7.685189	6.258486	
6.611435	5.746402	5.113395	6.735360	6.086094	6.365307	5.666848	6.751883	6.754443	6.303104	6.983539	6.859718	7.402227	5.773854	3.707413	6.908626	6.264228	7.031441	5.341411	5.708603	7.163596	5.756302	5.370265	5.279385	5.782963	6.686924	6.971647	6.810449	6.103531	6.867609	6.966133	4.975028	
7.626307	8.129697	7.459422	7.758136	7.571901	7.977277	7.219269	8.021963	8.213285	7.339492	7.928758	8.240199	8.115936	6.522382	5.243892	8.232818	6.497388	7.514523	7.264321	6.635985	7.980004	7.868205	6.310529	7.924531	6.942289	8.330537	7.700110	7.802511	6.670585	7.876495	8.496770	6.392981	
8.060490	8.176761	6.913076	7.315753	7.494908	7.144359	7.520049	7.970778	8.891974	7.598493	8.335064	8.816919	8.464071	7.595125	4.852873	7.597231	7.980366	7.821649	6.310974	6.986175	7.545932	7.515739	5.981324	7.172505	7.466730	7.789288	7.215819	9.348982	7.956645	7.872105	6.805172	6.083401	
7.717753	7.654793	6.939793	7.141980	6.939809	8.069485	6.468280	7.478272	7.962342	7.187166	8.393356	7.717891	8.500363	5.980168	5.665795	8.429835	6.439624	7.624898	6.953667	6.637282	8.604030	6.605704	6.990759	7.375887	7.221334	8.044456	7.583669	7.249618	7.366164	7.689108	7.815141	6.143235	
8.614902	8.807818	6.969461	7.586671	7.356035	7.254678	7.880704	7.788332	8.169387	7.405032	8.709038	8.618953	8.626087	7.250128	4.965074	8.172557	7.385990	7.981355	7.366181	7.360578	8.643795	7.235821	6.323160	7.420223	7.704768	9.374995	8.409657	9.371654	8.793285	9.171138	7.725424	6.264420	
8.695143	8.920385	8.475998	8.823689	8.553802	7.888604	8.116902	10.038839	10.091331	9.702233	8.989914	10.556469	9.427526	8.572745	6.393054	9.849270	8.417671	10.900015	6.745991	7.949656	9.739398	8.294119	7.084300	7.715611	8.846182	9.276130	9.481681	9.431197	8.310508	9.180292	9.238650	7.314298	
The results Matches
MPI_Wtime measured for total run by process 3 = 0.077510
MPI_Wtime measured for total run by process 4 = 0.077529
MPI_Wtime measured for total run by process 6 = 0.077480
MPI_Wtime measured for total run by process 7 = 0.077495
MPI_Wtime measured for total run by process 29 = 0.077830
MPI_Wtime measured for total run by process 49 = 0.075794
MPI_Wtime measured for total run by process 51 = 0.076202
MPI_Wtime measured for total run by process 53 = 0.077882
MPI_Wtime measured for total run by process 57 = 0.077547
MPI_Wtime measured for total run by process 62 = 0.077818
MPI_Wtime measured for total run by process 2 = 0.077545
MPI_Wtime measured for total run by process 8 = 0.075371
