MPI_Wtime measured for total run by process 0 = 0.000359
Total time by each process = 0.003129  And Average = 0.000348 Printing Matrix A
0.334281	0.830153	0.336945	0.324456	0.991867	0.213961	0.359916	0.161294	0.336652	0.112719	0.099265	0.011490	0.218551	0.078083	0.047165	0.630637	0.868530	0.655504	
0.749310	0.030713	0.342601	0.985970	0.065129	0.227511	0.626239	0.402982	0.653536	0.496674	0.488129	0.148585	0.672822	0.916740	0.240012	0.746828	0.552204	0.730499	
0.022214	0.597324	0.863732	0.489125	0.165065	0.215476	0.306580	0.690688	0.286907	0.330003	0.618495	0.501082	0.818987	0.847829	0.025450	0.265998	0.294797	0.135008	
0.688156	0.648500	0.516240	0.671823	0.576126	0.617529	0.201784	0.822762	0.194276	0.678786	0.571754	0.384456	0.104943	0.644868	0.513775	0.558269	0.404009	0.055152	
0.070745	0.743070	0.089486	0.509904	0.308132	0.111549	0.656510	0.515673	0.316950	0.825467	0.550582	0.821633	0.250212	0.266287	0.586672	0.574470	0.048415	0.304288	
0.678139	0.429171	0.146858	0.488680	0.331054	0.031631	0.904480	0.069897	0.327434	0.519418	0.271433	0.231866	0.107144	0.515523	0.123876	0.293460	0.634003	0.788286	
0.263351	0.584229	0.281317	0.242409	0.472958	0.640860	0.203836	0.378039	0.945983	0.333375	0.416241	0.208686	0.668709	0.342132	0.224777	0.083572	0.407382	0.082533	
0.283661	0.874497	0.637248	0.557012	0.675635	0.316354	0.544955	0.674744	0.498627	0.501314	0.385577	0.470047	0.973863	0.098482	0.221420	0.069945	0.505957	0.261699	
0.459800	0.984289	0.753761	0.757052	0.950372	0.259913	0.315227	0.616333	0.604673	0.311157	0.639999	0.959781	0.590655	0.366499	0.974169	0.239816	0.446910	0.569403	
0.524748	0.499387	0.758250	0.924118	0.520528	0.774280	0.626831	0.703736	0.495077	0.128249	0.693244	0.182344	0.122947	0.101381	0.646265	0.770527	0.997238	0.646132	
0.029215	0.828965	0.110701	0.674943	0.688682	0.004362	0.042197	0.269491	0.627360	0.402853	0.873995	0.320163	0.175018	0.691272	0.360604	0.927744	0.907654	0.939562	
0.359953	0.755887	0.993185	0.232395	0.892861	0.770822	0.953721	0.270527	0.677909	0.347975	0.681379	0.025182	0.376652	0.431802	0.709634	0.302662	0.985870	0.118223	
0.818798	0.014437	0.852504	0.231880	0.958934	0.633941	0.093095	0.489769	0.021163	0.816457	0.467876	0.682122	0.619624	0.247097	0.043332	0.584550	0.715938	0.573790	
0.384246	0.374668	0.308076	0.980022	0.990525	0.175646	0.984742	0.409504	0.240363	0.630127	0.076409	0.465481	0.242545	0.981872	0.649018	0.526926	0.361332	0.376444	
0.910203	0.070579	0.826258	0.912416	0.238328	0.263616	0.413545	0.338677	0.770968	0.609695	0.854189	0.971996	0.147229	0.536471	0.400515	0.177968	0.269382	0.211446	
0.494772	0.906638	0.445781	0.211790	0.063998	0.349280	0.354625	0.848479	0.550543	0.712021	0.319396	0.206332	0.161407	0.030630	0.632848	0.526428	0.365937	0.860719	
0.603321	0.671045	0.622976	0.502285	0.979301	0.186415	0.171239	0.227615	0.146928	0.210547	0.818248	0.739124	0.483253	0.578716	0.698617	0.660908	0.511943	0.969257	
0.352278	0.112519	0.822306	0.861423	0.197369	0.484179	0.522986	0.652632	0.935904	0.792330	0.657307	0.268346	0.810480	0.657863	0.261208	0.457343	0.098661	0.945065	
Printing Matrix B
0.770465	0.274058	0.288520	0.825237	0.362641	0.244793	0.820456	0.524993	0.478976	0.001201	0.313305	0.771170	0.073657	0.276498	0.098065	0.381446	0.460790	0.205475	
0.979960	0.741177	0.244674	0.702518	0.147263	0.401782	0.340230	0.725504	0.414472	0.872087	0.574757	0.535294	0.779222	0.541353	0.572244	0.989322	0.777540	0.894806	
0.716469	0.087344	0.824835	0.489971	0.892108	0.818601	0.712150	0.794709	0.839273	0.959729	0.246743	0.858507	0.247910	0.371192	0.578328	0.047664	0.863321	0.158529	
0.624133	0.853222	0.863976	0.822820	0.362511	0.863033	0.947533	0.820279	0.323844	0.013264	0.526615	0.597204	0.650453	0.399740	0.779876	0.201931	0.206769	0.920249	
0.726975	0.646871	0.360599	0.291270	0.332666	0.502409	0.790334	0.228264	0.900128	0.421893	0.470336	0.064356	0.379903	0.654221	0.321439	0.657417	0.317540	0.137901	
0.814192	0.986271	0.540720	0.803368	0.004352	0.648004	0.857099	0.455062	0.891531	0.577646	0.785705	0.858105	0.806336	0.155559	0.819811	0.802015	0.722631	0.780861	
0.276965	0.594405	0.615860	0.185798	0.312306	0.800393	0.160278	0.475270	0.609905	0.053127	0.848898	0.540117	0.502146	0.302712	0.130417	0.488128	0.667801	0.688700	
0.324942	0.756619	0.515357	0.841084	0.935050	0.621617	0.649729	0.961197	0.883431	0.167335	0.843446	0.610354	0.553619	0.381245	0.181015	0.505080	0.944443	0.143205	
0.818711	0.135434	0.300643	0.298717	0.431796	0.448998	0.761227	0.700803	0.086380	0.578536	0.409640	0.861419	0.029726	0.096612	0.628199	0.433969	0.224105	0.200671	
0.326454	0.475119	0.759301	0.073477	0.540451	0.125200	0.085437	0.266830	0.663517	0.085732	0.494748	0.667413	0.422160	0.569856	0.670784	0.171013	0.269915	0.755488	
0.570250	0.549743	0.603245	0.737532	0.378679	0.183759	0.132611	0.735440	0.451835	0.750306	0.504234	0.520260	0.090690	0.172256	0.337405	0.389819	0.756709	0.018355	
0.614506	0.048636	0.760250	0.035382	0.501886	0.520220	0.173675	0.827716	0.590689	0.852926	0.039247	0.041983	0.952925	0.284306	0.371365	0.069587	0.058549	0.979055	
0.350618	0.711659	0.785259	0.806225	0.502406	0.636842	0.981916	0.774474	0.514950	0.397815	0.248260	0.177510	0.984783	0.605494	0.365320	0.862131	0.598987	0.568443	
0.805670	0.343180	0.008609	0.401171	0.469791	0.011688	0.992103	0.452617	0.091626	0.859987	0.877224	0.119741	0.050031	0.958483	0.555662	0.033264	0.901594	0.669408	
0.356466	0.900728	0.246225	0.810999	0.321920	0.478690	0.893744	0.489954	0.804158	0.013513	0.591567	0.503207	0.498922	0.508561	0.912915	0.310718	0.248547	0.095639	
0.123862	0.733100	0.170255	0.859326	0.550467	0.834966	0.958976	0.208814	0.820475	0.697772	0.248492	0.719912	0.384301	0.430789	0.242076	0.127619	0.433066	0.811718	
0.072509	0.667319	0.020325	0.977600	0.350764	0.529844	0.898436	0.490635	0.433948	0.308335	0.241177	0.451096	0.265551	0.849190	0.439435	0.301938	0.331953	0.134919	
0.471542	0.331579	0.298934	0.993544	0.089038	0.344297	0.694726	0.341234	0.391756	0.419156	0.371046	0.355925	0.929255	0.322424	0.627119	0.613486	0.569862	0.920967	
Printing Matrix C
3.544966	3.840122	2.396246	4.424956	2.377265	3.561111	4.689627	3.319285	3.801868	3.066250	2.916298	3.293814	3.187767	3.218081	2.962644	3.266605	3.349401	3.317912	
4.609145	4.810844	4.031113	5.885354	3.860209	4.503403	6.547055	5.102345	4.434238	3.599680	4.405492	4.812238	3.906764	4.073128	4.239644	3.230638	4.723483	4.852112	
4.231885	3.858943	3.847582	4.378504	3.709040	3.784803	4.810493	4.913473	4.017499	4.156441	3.672460	3.595624	3.621177	3.537969	3.488184	2.924073	4.588671	3.851545	
5.006615	5.149491	3.998627	5.455293	3.911032	4.290749	5.828122	5.106847	5.302137	3.886904	4.562026	4.792528	3.870177	4.006905	4.253788	3.401075	4.808104	4.277838	
3.906650	4.232740	3.769906	3.997001	3.193774	3.729932	4.004653	4.371072	4.360645	3.304178	3.722876	3.678667	4.019842	3.194384	3.620860	2.974289	3.629547	4.449882	
3.578919	3.485549	2.823963	4.077059	2.506657	3.203075	4.245102	3.549912	3.383061	2.593899	3.367547	3.450839	3.064136	3.172910	3.055570	2.722119	3.451084	3.857322	
4.091140	3.763529	3.075701	4.005695	2.713954	3.292774	4.586698	4.103492	3.586647	3.274810	3.352510	3.632087	3.120388	2.873450	3.410755	3.342510	3.587557	3.087823	
4.747757	4.782842	4.441750	5.044461	3.743571	4.569171	5.353203	5.367726	4.927800	3.802872	4.000926	4.239975	4.569782	3.799213	3.971098	4.139964	4.561194	4.219356	
6.253083	5.806795	5.105070	6.457194	4.525921	5.466938	6.970859	6.589123	6.179580	5.045802	4.918189	5.128985	5.498239	4.724581	5.387142	4.607244	5.329699	5.192228	
5.206972	6.041014	4.456712	7.015746	4.091638	5.693411	7.042868	5.814270	6.015991	4.227920	4.900496	5.814933	4.658726	4.164889	4.927499	4.167287	5.323261	4.676276	
4.649781	4.943101	3.255844	5.856528	3.392141	4.093928	5.975596	4.736342	4.428764	4.494914	4.029619	4.184207	3.980674	4.291535	4.414889	3.544705	4.383314	4.649753	
5.473711	5.660655	4.253670	5.915213	3.958228	5.171634	6.506046	5.497146	5.844915	4.584034	5.021397	5.424901	4.089708	4.463004	4.820289	4.376229	5.471946	4.036925	
4.595216	4.521361	4.353687	5.353828	3.987679	4.411508	5.898983	4.753881	5.656064	4.036296	3.640874	4.409026	4.256978	4.004895	3.882480	3.423057	4.501369	4.209997	
MPI_Wtime measured for total run by process 1 = 0.000345
MPI_Wtime measured for total run by process 2 = 0.000343
MPI_Wtime measured for total run by process 3 = 0.000350
MPI_Wtime measured for total run by process 5 = 0.000356
4.873040	5.198208	4.092022	4.981418	3.794620	4.677429	6.159602	4.834011	5.147548	3.510031	4.843310	4.193361	4.256919	4.545784	4.380916	3.334352	4.486327	5.037292	
5.226908	4.009581	4.674224	4.823780	4.074525	4.288075	5.439796	5.560851	4.679161	3.988655	3.984095	4.838636	3.610706	3.438573	4.281074	2.724124	4.237507	4.232134	
4.222646	4.475262	3.475757	5.297263	3.355354	3.941080	4.934771	4.616767	4.699269	3.346701	3.945546	4.714778	4.063019	3.241371	3.986656	3.615625	4.363326	4.124229	
5.437941	5.162034	4.191479	6.254854	3.875643	4.685052	6.558842	5.390346	5.572327	4.830576	4.231555	4.395828	4.798655	4.490214	4.639097	3.973668	4.962029	4.870868	
5.384459	5.026527	5.095401	5.963687	4.418287	4.973416	6.587605	5.860586	5.227365	4.367931	4.837536	5.413747	4.686299	3.990558	4.980699	3.848105	5.365610	5.197270	
The results Matches
MPI_Wtime measured for total run by process 4 = 0.000355
MPI_Wtime measured for total run by process 6 = 0.000337
MPI_Wtime measured for total run by process 7 = 0.000336
MPI_Wtime measured for total run by process 8 = 0.000346
