MPI_Wtime measured for total run by process 0 = 0.003309
Total time by each process = 0.052623  And Average = 0.003289 , Comm_TIME = 0.000000
Printing Matrix A
0.766107	0.785947	0.512099	0.357244	0.142608	0.925830	0.667683	0.919319	0.708174	0.164224	0.831950	0.743108	0.736400	0.942200	0.550084	0.073964	0.506500	0.057854	0.193571	0.094833	0.648618	0.374889	0.285962	0.437249	
0.727103	0.252540	0.078356	0.657880	0.687475	0.658556	0.858543	0.553750	0.592431	0.383643	0.026703	0.122182	0.499139	0.991621	0.791278	0.779236	0.030343	0.077435	0.027424	0.923456	0.335396	0.952458	0.314533	0.558982	
0.117813	0.692966	0.421100	0.819837	0.312219	0.705340	0.240328	0.621878	0.516353	0.379371	0.434629	0.258675	0.884839	0.963963	0.717342	0.106335	0.465569	0.979671	0.614450	0.806908	0.610966	0.030165	0.996825	0.121965	
0.351358	0.056954	0.804162	0.556012	0.526763	0.888373	0.042920	0.079260	0.794010	0.395158	0.858439	0.335128	0.714315	0.320698	0.017337	0.224317	0.943999	0.154681	0.596901	0.437162	0.230668	0.367768	0.320243	0.782076	
0.505959	0.522712	0.379301	0.833803	0.223133	0.804755	0.597164	0.609164	0.310344	0.289325	0.474538	0.030908	0.052022	0.978793	0.845704	0.486518	0.938104	0.716062	0.867070	0.411021	0.704365	0.330672	0.244849	0.842693	
0.703683	0.462437	0.858505	0.883427	0.892021	0.282792	0.623090	0.089388	0.778539	0.878599	0.355314	0.735811	0.505396	0.361209	0.006321	0.305437	0.335920	0.888224	0.261218	0.104951	0.633872	0.890964	0.157053	0.818157	
0.785802	0.581201	0.986375	0.200796	0.383496	0.242016	0.765907	0.099820	0.315326	0.296250	0.759696	0.729782	0.788945	0.650530	0.601098	0.881589	0.165442	0.528016	0.779802	0.643589	0.290816	0.553114	0.433057	0.158549	
0.640978	0.324926	0.856001	0.794241	0.675454	0.590942	0.913458	0.663452	0.935321	0.230718	0.920279	0.878420	0.759911	0.267818	0.084469	0.941350	0.881166	0.126121	0.320984	0.382112	0.365134	0.272990	0.445586	0.357491	
0.127909	0.096029	0.462516	0.259283	0.405984	0.415394	0.953467	0.215899	0.623020	0.571800	0.262382	0.940442	0.926966	0.906107	0.149873	0.753458	0.851808	0.325970	0.823938	0.536750	0.112354	0.720374	0.308889	0.900455	
0.278294	0.875913	0.426166	0.168192	0.029786	0.725683	0.337898	0.457441	0.328630	0.504029	0.368665	0.382489	0.992924	0.546841	0.039137	0.233721	0.919549	0.858106	0.925989	0.698847	0.100597	0.135434	0.903672	0.628199	
0.376287	0.384869	0.173008	0.225971	0.870221	0.467744	0.220107	0.226788	0.811099	0.485371	0.111191	0.692863	0.608748	0.650282	0.421173	0.744722	0.410710	0.542413	0.896948	0.749649	0.541196	0.676527	0.918858	0.900960	
0.988208	0.467046	0.570549	0.311186	0.988206	0.691718	0.239949	0.206839	0.566030	0.234376	0.517636	0.230147	0.201418	0.820135	0.809988	0.850233	0.107426	0.897595	0.477187	0.857273	0.170249	0.874772	0.985429	0.060858	
0.830864	0.014437	0.279259	0.407332	0.151259	0.600953	0.948563	0.759442	0.768464	0.733964	0.865818	0.711045	0.140227	0.446266	0.667428	0.677116	0.802358	0.846792	0.936138	0.562294	0.481592	0.048643	0.614432	0.486143	
0.465122	0.628548	0.811344	0.367008	0.925410	0.077228	0.320397	0.091130	0.445897	0.204372	0.192045	0.469430	0.929912	0.103791	0.326159	0.927241	0.810042	0.122222	0.895383	0.572957	0.302503	0.413631	0.404528	0.745655	
0.442683	0.232459	0.716692	0.308365	0.219963	0.190949	0.002091	0.337403	0.673981	0.433518	0.948854	0.390157	0.656659	0.874256	0.308549	0.911612	0.569937	0.385960	0.845960	0.933234	0.106482	0.612044	0.242374	0.920705	
0.409071	0.485719	0.360698	0.609281	0.679663	0.078545	0.103448	0.739444	0.134227	0.960014	0.819729	0.046110	0.017432	0.034784	0.607600	0.176162	0.309712	0.374595	0.537756	0.687768	0.467414	0.205632	0.756470	0.244246	
0.070480	0.870884	0.097509	0.816420	0.575147	0.374748	0.806693	0.199417	0.212790	0.786816	0.557889	0.967966	0.240897	0.596164	0.118673	0.888063	0.044671	0.079362	0.675941	0.257122	0.746986	0.433835	0.182779	0.670085	
0.207265	0.146115	0.931485	0.790457	0.287678	0.169748	0.227031	0.595504	0.816759	0.413883	0.570649	0.743789	0.302874	0.871315	0.810876	0.881221	0.998300	0.783295	0.141417	0.102166	0.960373	0.835446	0.329726	0.459107	
0.105816	0.639185	0.543995	0.994100	0.560598	0.332522	0.406814	0.389615	0.241080	0.334899	0.746662	0.811591	0.708979	0.894440	0.077986	0.185190	0.226538	0.860268	0.207349	0.617402	0.719783	0.139421	0.163668	0.531712	
0.701946	0.787244	0.303676	0.155644	0.245871	0.051361	0.403631	0.507660	0.060925	0.400701	0.222295	0.036221	0.968028	0.068675	0.704677	0.536443	0.466998	0.855231	0.922522	0.783329	0.060958	0.492251	0.071240	0.094757	
0.367838	0.400440	0.513562	0.532212	0.612303	0.613285	0.201274	0.723603	0.473416	0.438946	0.589709	0.564331	0.056966	0.115255	0.056493	0.260372	0.705471	0.014465	0.097473	0.700622	0.147564	0.026756	0.463635	0.017110	
0.329193	0.332988	0.678332	0.569568	0.953902	0.863504	0.894836	0.434727	0.784687	0.819339	0.995868	0.591936	0.833867	0.492269	0.369051	0.234553	0.965436	0.617145	0.464861	0.379065	0.871537	0.429158	0.366444	0.366679	
0.313076	0.033292	0.705978	0.452375	0.243920	0.837348	0.454024	0.311215	0.639441	0.063227	0.115074	0.523065	0.684860	0.752983	0.816108	0.202436	0.305679	0.438127	0.860955	0.551502	0.835147	0.717847	0.460750	0.708630	
0.957423	0.204494	0.214148	0.059108	0.679782	0.950313	0.931753	0.625073	0.388476	0.249088	0.953703	0.354307	0.189440	0.078020	0.101216	0.750382	0.558507	0.131137	0.682434	0.671664	0.002336	0.858105	0.774725	0.171520	

Printing Matrix B
0.248037	0.741663	0.333660	0.076233	0.233519	0.038709	0.265298	0.120949	0.432896	0.258404	0.476883	0.098826	0.691827	0.843800	0.258463	0.316191	0.859911	0.018600	0.415098	0.336179	0.020663	0.316300	0.294208	0.994136	
0.601473	0.559054	0.995648	0.814756	0.600080	0.237559	0.732520	0.365043	0.611605	0.786002	0.478476	0.675321	0.497070	0.785101	0.428870	0.518382	0.031776	0.108700	0.735315	0.714899	0.582012	0.193939	0.506208	0.906964	
0.942624	0.144516	0.815148	0.920239	0.811458	0.103497	0.484576	0.270671	0.699314	0.543777	0.302827	0.770025	0.211133	0.199371	0.522945	0.835155	0.799302	0.886669	0.799508	0.926668	0.512248	0.851294	0.652044	0.513177	
0.501336	0.785987	0.315629	0.689001	0.519975	0.244105	0.994708	0.508489	0.058931	0.408459	0.202066	0.469405	0.365293	0.711140	0.442663	0.368694	0.281271	0.748161	0.710693	0.123663	0.325535	0.273587	0.447028	0.114253	
0.177234	0.364398	0.857840	0.093616	0.154501	0.240470	0.029073	0.541163	0.763846	0.907244	0.726487	0.705206	0.398676	0.372265	0.760870	0.351663	0.009230	0.317405	0.549864	0.090203	0.215776	0.301530	0.939837	0.555192	
0.132018	0.178221	0.493345	0.910527	0.862221	0.737725	0.769310	0.561194	0.805450	0.645609	0.289620	0.059679	0.066484	0.750244	0.203902	0.710003	0.767873	0.194424	0.771651	0.153239	0.387743	0.256962	0.980352	0.935592	
0.696756	0.141116	0.317012	0.491771	0.562005	0.389817	0.547452	0.101826	0.988044	0.576544	0.401202	0.393568	0.620746	0.945997	0.468686	0.386900	0.462790	0.151818	0.728811	0.163298	0.885604	0.056723	0.652934	0.748382	
0.454799	0.400674	0.054708	0.644945	0.444771	0.276552	0.472531	0.078900	0.191468	0.715123	0.874307	0.211095	0.431534	0.192968	0.426367	0.725447	0.266276	0.737167	0.920362	0.996438	0.973054	0.278591	0.936441	0.380907	
0.588209	0.048188	0.974450	0.222427	0.527101	0.490453	0.356744	0.834633	0.342020	0.944004	0.953912	0.627516	0.213432	0.372552	0.263599	0.277782	0.849488	0.314324	0.585253	0.229922	0.952145	0.065821	0.936274	0.931909	
0.472254	0.540676	0.816355	0.353132	0.074299	0.179659	0.479142	0.189705	0.783412	0.152567	0.040779	0.481019	0.102863	0.301813	0.447295	0.317430	0.109634	0.345715	0.026298	0.955775	0.424530	0.438494	0.592876	0.232302	
0.132228	0.744952	0.767358	0.165931	0.772812	0.909357	0.701465	0.139656	0.084893	0.737088	0.184218	0.211788	0.828297	0.512420	0.278481	0.797460	0.129591	0.583717	0.768384	0.767169	0.217393	0.761303	0.903314	0.729957	
0.386331	0.099399	0.159909	0.179297	0.961468	0.409379	0.436439	0.650659	0.749252	0.462978	0.984025	0.058832	0.906674	0.120276	0.721095	0.798196	0.317279	0.677975	0.208781	0.465393	0.548990	0.410199	0.081611	0.551459	
0.295234	0.348500	0.244585	0.480677	0.227468	0.961247	0.451186	0.055989	0.657037	0.245652	0.591237	0.036067	0.585817	0.125657	0.507124	0.498292	0.691553	0.081617	0.254124	0.087396	0.163247	0.430154	0.808085	0.382897	
0.220107	0.330940	0.339593	0.951571	0.813273	0.592838	0.754344	0.122755	0.937922	0.382034	0.766666	0.673637	0.518073	0.544345	0.589934	0.791281	0.555790	0.621386	0.489229	0.820793	0.650185	0.622900	0.504761	0.850425	
0.950026	0.634728	0.701889	0.646605	0.412157	0.546121	0.118191	0.812132	0.459624	0.569364	0.006475	0.251356	0.803788	0.061187	0.619911	0.751232	0.144071	0.286629	0.694325	0.065922	0.124184	0.108573	0.949446	0.916355	
0.354223	0.357925	0.875876	0.017357	0.483537	0.988212	0.990157	0.673385	0.125404	0.980187	0.893248	0.926211	0.658153	0.259806	0.955489	0.016671	0.661881	0.670411	0.983876	0.217420	0.766313	0.570861	0.945076	0.890697	
0.204261	0.890209	0.916994	0.114941	0.851204	0.182747	0.550909	0.116405	0.574013	0.750546	0.474584	0.025303	0.173597	0.997366	0.840411	0.189153	0.758948	0.142180	0.895782	0.251088	0.631869	0.553679	0.633252	0.395569	
0.456901	0.765154	0.114080	0.172381	0.386621	0.406351	0.057811	0.271703	0.674866	0.492700	0.671005	0.317635	0.177624	0.485653	0.541399	0.018141	0.027336	0.929785	0.573752	0.429094	0.271914	0.187405	0.430950	0.146485	
0.872990	0.676465	0.382974	0.846869	0.865415	0.371474	0.213744	0.405114	0.172910	0.382496	0.437065	0.707035	0.647036	0.038705	0.353547	0.183802	0.824375	0.770533	0.854368	0.767947	0.949924	0.126597	0.529036	0.404748	
0.866611	0.448608	0.598835	0.012656	0.050083	0.323857	0.236550	0.630168	0.367927	0.268274	0.018103	0.942078	0.175642	0.131696	0.600387	0.406623	0.323687	0.770674	0.010875	0.168394	0.834690	0.464589	0.999911	0.132166	
0.495458	0.590133	0.436661	0.481589	0.600887	0.316980	0.149728	0.668272	0.578834	0.395938	0.222276	0.650667	0.056582	0.128206	0.210012	0.424331	0.660812	0.219032	0.546676	0.709776	0.313907	0.348838	0.750359	0.937050	
0.456056	0.918901	0.897320	0.735298	0.684823	0.010395	0.123875	0.600306	0.449191	0.882160	0.519961	0.143431	0.618692	0.297502	0.509379	0.698244	0.567541	0.643767	0.186713	0.418763	0.242569	0.766372	0.863885	0.151131	
0.186017	0.308944	0.625228	0.539845	0.944644	0.612971	0.071900	0.419459	0.928361	0.104302	0.442292	0.986611	0.952223	0.051304	0.119661	0.129184	0.235727	0.011657	0.890503	0.104876	0.388850	0.289171	0.029063	0.100192	
0.771857	0.072498	0.727559	0.899009	0.812091	0.495889	0.152748	0.237431	0.063200	0.249431	0.800590	0.788850	0.072154	0.650190	0.786650	0.058640	0.954876	0.772655	0.190245	0.362216	0.621977	0.934089	0.483178	0.163201	

Printing Matrix C
5.484259	5.318480	6.660238	6.656869	7.692891	5.486206	5.896371	4.407575	6.744883	6.821525	6.387299	4.752753	5.842741	5.710618	5.619547	6.644761	6.286461	5.019609	7.416519	5.834236	6.194619	4.930276	8.263813	8.005824	
5.724825	5.200976	6.814530	5.818130	5.962253	5.031917	5.155793	5.054252	6.252538	6.511788	5.856943	5.787060	5.376059	5.079037	6.085287	5.426455	5.768134	5.242163	6.222869	4.182986	5.983986	4.669781	8.609790	6.837645	
6.059991	6.049597	6.648488	6.609440	7.272360	5.853606	5.456607	4.941667	7.145635	6.231129	5.808115	6.249806	5.616725	4.859233	5.829243	5.729526	5.371983	5.797547	7.703918	5.435870	6.358463	4.506156	8.277272	6.625093	
4.817482	4.793150	6.787564	5.212714	6.666928	4.812658	4.829342	4.042171	5.224636	5.832848	5.238156	4.797920	4.201690	4.795561	5.300941	4.742583	6.127362	5.044183	6.158854	4.462765	5.343165	5.039782	7.416717	5.595070	
6.482505	6.521873	7.235813	7.038223	7.892916	5.368714	5.843398	4.883722	6.336266	6.941768	6.012527	6.079625	5.286816	6.162713	6.492413	5.530697	6.533346	6.275065	8.169631	5.789327	6.798231	5.124347	8.685456	7.356511	
6.096616	5.860500	7.507420	5.999521	7.050598	4.567104	5.178415	4.946713	6.870547	6.899911	6.670140	5.858149	5.126953	5.749489	6.447547	5.368320	6.153880	6.213290	6.550122	5.647400	5.874186	5.460808	8.002015	6.554419	
6.333937	5.732886	7.167049	5.812318	7.182794	5.642393	5.480205	4.841549	6.779320	6.727848	6.118865	6.060292	6.575488	4.793487	6.358373	5.887849	6.067822	5.991592	7.266927	5.543274	6.189450	5.233403	8.209639	7.367866	
MPI_Wtime measured for total run by process 4 = 0.003291
MPI_Wtime measured for total run by process 6 = 0.003290
MPI_Wtime measured for total run by process 11 = 0.003287
MPI_Wtime measured for total run by process 1 = 0.003273
MPI_Wtime measured for total run by process 2 = 0.003292
MPI_Wtime measured for total run by process 7 = 0.003308
MPI_Wtime measured for total run by process 10 = 0.003299
MPI_Wtime measured for total run by process 13 = 0.003274
6.025774	5.737277	7.906952	5.755954	8.034496	6.108932	6.687687	5.163967	6.844629	7.939091	7.277221	6.018974	6.380973	6.090877	6.886297	6.115880	6.959030	6.069210	8.466021	5.483728	7.221052	5.596892	9.192451	7.875999	
6.105725	5.172885	7.188585	6.105791	7.677014	5.707908	5.554920	4.654375	6.872320	6.704340	7.043922	5.848336	5.738021	5.273707	6.993837	5.333925	6.890469	6.161906	6.719131	5.187422	7.176496	5.562034	8.217309	6.429764	
5.546275	5.421155	6.519381	6.022780	7.178446	5.365074	5.042571	3.862742	6.552411	5.683313	5.900793	5.580656	5.100264	5.055295	5.709958	4.694315	5.812380	5.269771	6.928483	5.245809	6.423225	4.693228	7.236981	5.688641	
6.256559	5.647636	7.785197	6.084068	7.516973	5.748326	4.753028	5.712390	6.877865	6.828238	7.102348	6.964429	5.917582	4.690508	6.719641	5.032664	6.506667	6.062685	7.027649	5.077840	6.843182	5.239304	8.450377	6.729359	
5.964357	6.346681	7.869022	5.814549	7.082650	5.566465	5.035052	5.704261	7.169009	7.297187	6.364261	6.705996	6.494998	5.052687	6.356831	5.714253	5.712083	6.027427	7.681653	4.996607	5.944057	5.078245	8.806118	7.430171	
6.601681	6.398938	7.309161	5.841538	8.009748	6.035038	5.829753	5.170155	6.919001	7.160187	6.716473	6.126254	6.375034	5.868714	6.616294	5.605576	6.657894	6.430495	8.394305	6.040387	7.482683	5.020469	8.871375	7.727170	
5.871144	5.168810	7.365701	5.198740	6.486902	4.876326	4.717686	4.621630	5.629693	6.395536	6.062376	6.036314	5.278050	4.493480	6.424016	4.444850	6.132285	5.265883	6.699990	4.434960	5.983927	4.976645	7.696936	6.067104	
6.106245	5.667176	7.502995	5.721668	7.131843	5.682308	5.422211	4.642748	5.389263	6.553923	6.309039	6.262619	5.507472	4.657980	6.539486	5.297737	6.538358	6.674701	6.677694	5.681564	6.618796	5.951765	8.436233	6.325552	
4.843745	5.236406	5.933046	4.360679	4.986934	3.695811	3.771813	3.771141	4.693330	4.936687	3.812945	5.102874	4.444074	3.574543	4.521644	4.204213	3.462244	4.596017	5.771877	4.781540	4.662415	3.799632	6.561767	4.704319	
5.398268	4.904563	6.507879	5.628426	6.676475	4.940473	5.590900	4.661067	5.730950	6.130744	5.736493	5.794382	5.274859	4.764935	5.839305	4.924880	4.963910	5.420345	6.235176	5.249468	6.047525	4.560680	7.149282	6.403994	
6.364757	6.482331	7.889387	6.322431	8.155058	5.528630	5.911976	5.594560	6.710613	7.739847	6.977242	6.032137	5.790046	5.285664	7.077281	6.154378	6.542940	6.826034	8.046193	6.116431	6.591205	5.915536	8.932344	7.405606	
5.300321	5.180435	5.812883	5.581099	6.511722	4.989896	5.322209	4.188410	6.066853	5.811126	5.697086	5.399136	4.794613	4.845610	5.756302	5.400853	4.762546	5.954702	6.169249	5.311549	5.537729	4.820643	7.238995	5.896314	
5.314647	5.436961	5.424079	4.378582	4.676702	4.027737	3.839765	3.496987	4.825909	5.195507	4.483644	4.314719	4.712446	3.834371	5.112629	3.990009	4.397789	4.583559	5.593528	4.205472	4.883895	3.540372	6.838736	5.091199	
3.739399	3.858020	5.218664	3.543846	4.898747	3.397898	4.164596	3.400164	4.494847	4.943137	4.119632	3.975964	3.713407	3.812097	4.207106	4.139209	3.722577	3.872846	5.317317	3.805031	4.665984	3.440358	5.916271	4.686324	
6.500456	6.695835	8.476073	6.634811	8.323432	6.253076	6.289290	5.448265	8.143679	8.066301	6.904019	6.204892	6.067975	6.417362	7.056394	6.665932	6.841250	6.262546	8.453912	6.298271	7.091880	5.801113	10.074270	8.163825	
6.305831	5.199689	6.461902	6.738547	7.396866	5.175514	4.551288	5.177317	6.373121	6.092505	5.816493	5.622280	5.175628	4.367618	5.746596	5.619835	6.651485	5.787696	6.722193	4.905799	6.069337	4.824390	8.083915	6.605685	
4.836411	5.426728	6.840184	4.785332	6.699440	4.991577	4.912079	4.349484	5.921531	6.710910	5.658595	5.021687	5.920387	5.182316	5.394363	5.028978	5.672579	4.817347	7.107955	4.468163	5.977281	4.567692	8.006308	6.509888	
The results Matches
MPI_Wtime measured for total run by process 3 = 0.003264
MPI_Wtime measured for total run by process 5 = 0.003271
MPI_Wtime measured for total run by process 8 = 0.003312
MPI_Wtime measured for total run by process 9 = 0.003278
MPI_Wtime measured for total run by process 12 = 0.003294
MPI_Wtime measured for total run by process 14 = 0.003298
MPI_Wtime measured for total run by process 15 = 0.003284
