MPI_Wtime measured for total run by process 0 = 0.000413
Total time by each process = 0.003677  And Average = 0.000409 Printing Matrix A
0.125191	0.842450	0.006447	0.128102	0.518146	0.760286	0.364387	0.617882	0.743157	0.076129	0.459281	0.023306	0.363102	0.124577	0.506347	0.206093	0.499867	0.504933	0.940120	0.305864	0.417287	0.511246	0.644220	0.602395	
0.427844	0.195927	0.509973	0.511867	0.686645	0.123101	0.800980	0.824530	0.377736	0.807161	0.962498	0.776121	0.179175	0.161459	0.416496	0.210771	0.442377	0.731466	0.625932	0.825425	0.879777	0.505570	0.277719	0.981604	
0.659563	0.973311	0.901791	0.001845	0.036800	0.904361	0.927157	0.297636	0.521831	0.321884	0.272434	0.460340	0.095834	0.832967	0.296009	0.029009	0.603337	0.577633	0.751752	0.586093	0.742781	0.241847	0.605586	0.039472	
0.568584	0.275179	0.508664	0.993229	0.701429	0.978053	0.640768	0.953010	0.009381	0.749232	0.110120	0.549684	0.825780	0.522839	0.331014	0.558782	0.923667	0.740616	0.569480	0.036830	0.560041	0.268347	0.021944	0.444913	
0.752000	0.792457	0.529471	0.715022	0.133672	0.786616	0.800172	0.364284	0.179359	0.156170	0.838744	0.019748	0.207883	0.599594	0.509452	0.261152	0.238652	0.123573	0.395750	0.123374	0.076456	0.994108	0.255389	0.600468	
0.463291	0.183587	0.949639	0.700821	0.491429	0.387349	0.344921	0.262334	0.702109	0.351697	0.224502	0.627282	0.385062	0.177587	0.979782	0.075200	0.534693	0.745109	0.462122	0.641854	0.746344	0.954432	0.677703	0.674839	
0.602673	0.477673	0.501608	0.128133	0.726345	0.527122	0.083774	0.149199	0.861108	0.102800	0.340237	0.276781	0.773857	0.177847	0.447979	0.831373	0.879222	0.877827	0.414000	0.267500	0.311679	0.846471	0.396943	0.013921	
0.889978	0.581281	0.861374	0.316797	0.089275	0.086791	0.347329	0.587906	0.227209	0.607381	0.471692	0.781553	0.669503	0.178825	0.623694	0.324498	0.309466	0.743888	0.763840	0.806071	0.555329	0.390369	0.811026	0.129209	
0.444007	0.679444	0.611471	0.699071	0.089022	0.347420	0.070641	0.226388	0.577697	0.550948	0.030961	0.194651	0.249881	0.488948	0.563294	0.099142	0.354747	0.923002	0.239584	0.247193	0.499969	0.041322	0.266531	0.950718	
0.237986	0.185764	0.858685	0.855237	0.965435	0.169474	0.962341	0.536032	0.047203	0.283307	0.081107	0.615392	0.125112	0.151686	0.924424	0.235871	0.604070	0.431357	0.802051	0.571321	0.630779	0.296216	0.009411	0.910208	
0.291281	0.343401	0.724014	0.953463	0.615507	0.240769	0.207554	0.702341	0.898275	0.274378	0.420292	0.467812	0.586495	0.644190	0.596276	0.652520	0.747913	0.259945	0.954714	0.321053	0.318558	0.110152	0.038462	0.337735	
0.946190	0.637063	0.457814	0.417553	0.868903	0.640215	0.616142	0.352737	0.288656	0.835982	0.826091	0.813591	0.718857	0.670761	0.736236	0.694056	0.620610	0.048909	0.435994	0.122733	0.528205	0.770077	0.055683	0.508403	
0.735495	0.587710	0.501419	0.706235	0.325044	0.977595	0.385492	0.743706	0.002770	0.084526	0.259076	0.743661	0.970206	0.931629	0.636551	0.370229	0.784416	0.933632	0.359240	0.506111	0.016862	0.745565	0.155357	0.408456	
0.281885	0.596890	0.700240	0.328243	0.854289	0.696335	0.699904	0.862887	0.024503	0.770155	0.436386	0.068028	0.759972	0.855602	0.302863	0.073455	0.757039	0.125710	0.010896	0.127725	0.713825	0.356026	0.890625	0.898048	
0.015432	0.298871	0.944470	0.905067	0.180491	0.619771	0.024727	0.068102	0.363572	0.239045	0.647765	0.239654	0.190832	0.775318	0.814593	0.996585	0.341570	0.281843	0.662354	0.990483	0.947579	0.326199	0.303480	0.754072	
0.588114	0.041520	0.359888	0.597468	0.876854	0.632177	0.046152	0.521472	0.924217	0.673763	0.990225	0.429416	0.274499	0.910109	0.149917	0.245032	0.657298	0.973909	0.567726	0.567906	0.944163	0.136027	0.828844	0.378037	
0.460813	0.339632	0.716045	0.388841	0.524664	0.568525	0.963132	0.412613	0.100109	0.637617	0.957899	0.112415	0.405606	0.892376	0.905940	0.987511	0.322214	0.817791	0.096192	0.028804	0.505583	0.295439	0.410885	0.089145	
0.094574	0.178829	0.932284	0.954534	0.539686	0.572341	0.117324	0.812379	0.886996	0.477797	0.836802	0.604045	0.103930	0.811099	0.607535	0.025809	0.627005	0.754581	0.495883	0.897180	0.556025	0.481196	0.029374	0.112887	
0.923746	0.899558	0.097285	0.102933	0.403086	0.716030	0.814276	0.712729	0.946477	0.000572	0.176424	0.477929	0.367273	0.405798	0.252701	0.313017	0.109369	0.936994	0.716177	0.407869	0.953959	0.129883	0.865737	0.209517	
0.309921	0.254574	0.107841	0.218794	0.691629	0.871761	0.143277	0.120776	0.397352	0.459300	0.097696	0.232792	0.991067	0.819890	0.205287	0.669018	0.239496	0.001553	0.656096	0.822450	0.844940	0.292054	0.878989	0.240863	
0.470600	0.389871	0.567332	0.619951	0.985337	0.415203	0.469248	0.705832	0.007813	0.056080	0.927733	0.011634	0.572742	0.760891	0.716519	0.728073	0.701918	0.755414	0.740606	0.827648	0.815207	0.916567	0.327072	0.993199	
0.329784	0.998795	0.927810	0.030191	0.314117	0.952282	0.792836	0.217754	0.798298	0.764003	0.348534	0.264847	0.834502	0.448197	0.803814	0.496460	0.490676	0.391115	0.505684	0.919037	0.212388	0.850437	0.551674	0.499977	
0.041360	0.888876	0.855630	0.553636	0.335138	0.851707	0.443229	0.272549	0.843421	0.352390	0.084971	0.168906	0.142746	0.302582	0.087534	0.044391	0.066539	0.518787	0.086991	0.612302	0.074255	0.561080	0.812175	0.451389	
0.497294	0.004701	0.075206	0.879623	0.192950	0.912371	0.984765	0.409377	0.890029	0.973473	0.000587	0.399149	0.049784	0.592327	0.793857	0.517555	0.847494	0.873415	0.695863	0.140651	0.935245	0.169296	0.009783	0.971314	
Printing Matrix B
0.335331	0.873395	0.891577	0.799550	0.784253	0.052981	0.578070	0.820720	0.298716	0.808551	0.831449	0.624741	0.467412	0.250026	0.164536	0.631538	0.048542	0.506314	0.633035	0.458266	0.066150	0.781674	0.129128	0.387377	
0.678524	0.887125	0.219234	0.873075	0.636444	0.192992	0.329193	0.300847	0.329463	0.317856	0.113025	0.379785	0.287368	0.823395	0.763853	0.844340	0.406699	0.952350	0.243332	0.312577	0.948526	0.680757	0.330100	0.655455	
0.788765	0.622060	0.749432	0.080966	0.163304	0.453296	0.115132	0.369534	0.029101	0.147763	0.147309	0.152211	0.965910	0.373554	0.814572	0.955572	0.002320	0.505128	0.579477	0.788551	0.490454	0.669938	0.539483	0.127416	
0.361356	0.841018	0.735519	0.604499	0.826196	0.997438	0.007061	0.244105	0.530643	0.761133	0.335326	0.852901	0.791531	0.431365	0.562311	0.899598	0.833961	0.432331	0.733845	0.270909	0.014883	0.200808	0.221357	0.031325	
0.194146	0.862121	0.342141	0.355251	0.237861	0.464686	0.345398	0.723839	0.104900	0.748839	0.193000	0.398785	0.288095	0.229827	0.044507	0.261452	0.053609	0.768124	0.838595	0.529422	0.909991	0.876629	0.358392	0.434748	
0.756638	0.302036	0.203335	0.157522	0.300414	0.000881	0.648500	0.583574	0.385907	0.097860	0.475072	0.300958	0.621390	0.640451	0.778055	0.443073	0.258787	0.484332	0.445929	0.953551	0.029203	0.091265	0.216766	0.379813	
0.026536	0.827175	0.104955	0.886670	0.305719	0.706126	0.602321	0.618468	0.894308	0.323230	0.744654	0.086581	0.231213	0.451560	0.852686	0.050652	0.309045	0.380830	0.005960	0.140344	0.794622	0.395453	0.995670	0.258051	
0.116721	0.230216	0.858062	0.635231	0.494644	0.537254	0.918164	0.226551	0.465733	0.641209	0.874881	0.783371	0.628024	0.066446	0.192745	0.513672	0.905779	0.170840	0.060685	0.853115	0.892862	0.902658	0.978275	0.038235	
0.736590	0.915700	0.460997	0.280974	0.877896	0.712716	0.671918	0.380107	0.970276	0.341537	0.357019	0.586290	0.585020	0.060907	0.618157	0.007302	0.778586	0.966218	0.622073	0.328606	0.594613	0.570611	0.267710	0.844228	
0.501666	0.268947	0.380416	0.108566	0.344184	0.528730	0.268616	0.317088	0.459034	0.286787	0.530499	0.581076	0.656714	0.391643	0.102404	0.162410	0.421635	0.462755	0.286594	0.767486	0.740795	0.593120	0.832248	0.056614	
0.193515	0.372388	0.958793	0.849126	0.105150	0.539931	0.476640	0.811624	0.133698	0.700326	0.845700	0.051071	0.764028	0.595906	0.554398	0.887557	0.995921	0.471927	0.213409	0.570221	0.561822	0.526112	0.812492	0.936737	
0.612114	0.366483	0.104875	0.044309	0.061744	0.465179	0.292735	0.364055	0.612682	0.243370	0.157035	0.144649	0.923743	0.757319	0.008496	0.682426	0.331119	0.078424	0.466462	0.304897	0.762948	0.144347	0.122813	0.344340	
0.344384	0.561586	0.401301	0.220276	0.376995	0.061280	0.671651	0.006102	0.792615	0.438764	0.207258	0.787282	0.513738	0.025889	0.440032	0.372046	0.957939	0.285835	0.639867	0.684285	0.483706	0.402354	0.489271	0.158126	
0.492981	0.540961	0.340551	0.670446	0.259872	0.490840	0.066564	0.484320	0.796519	0.383743	0.276266	0.453248	0.813592	0.915329	0.264058	0.584748	0.670345	0.457279	0.453953	0.865186	0.824061	0.413729	0.218913	0.915128	
0.668204	0.451818	0.366899	0.704442	0.760669	0.483354	0.693227	0.781766	0.193812	0.374468	0.366771	0.361589	0.595680	0.081457	0.673367	0.830025	0.295456	0.286040	0.186910	0.842845	0.610254	0.972306	0.394302	0.667052	
0.993117	0.235878	0.281174	0.550720	0.372786	0.691447	0.628761	0.387722	0.803315	0.586571	0.664245	0.937804	0.755616	0.577980	0.664181	0.738031	0.286552	0.017187	0.571377	0.444580	0.200083	0.990315	0.657498	0.753061	
0.051800	0.451038	0.769049	0.990545	0.298951	0.674582	0.813557	0.620430	0.386522	0.667835	0.205523	0.902061	0.248442	0.234450	0.270414	0.366753	0.327144	0.038259	0.206632	0.620857	0.597329	0.468715	0.708051	0.510994	
0.726761	0.052472	0.291245	0.337891	0.846910	0.445626	0.559852	0.439538	0.630170	0.983188	0.506601	0.342385	0.899483	0.514815	0.900244	0.702108	0.204638	0.559290	0.709115	0.035569	0.469521	0.673349	0.293575	0.916370	
0.590684	0.760548	0.503602	0.201215	0.914032	0.010620	0.741839	0.441282	0.467309	0.442360	0.897752	0.732449	0.959125	0.396647	0.518685	0.176446	0.212574	0.206654	0.039927	0.119263	0.123898	0.768235	0.842612	0.812214	
0.210089	0.486345	0.732504	0.475114	0.624592	0.944330	0.184778	0.252646	0.057770	0.113529	0.867169	0.051655	0.362675	0.856804	0.029407	0.515208	0.923592	0.347336	0.220348	0.347725	0.694211	0.988217	0.412830	0.276342	
0.700163	0.568296	0.622662	0.558399	0.439841	0.190624	0.084221	0.708744	0.707385	0.663909	0.878530	0.772673	0.303688	0.451731	0.001754	0.187118	0.117943	0.269249	0.375366	0.725943	0.242851	0.284455	0.622399	0.334886	
0.049279	0.257518	0.010429	0.500551	0.791082	0.030636	0.680355	0.494753	0.973169	0.538904	0.591651	0.163741	0.181414	0.161574	0.441396	0.133598	0.495255	0.418485	0.421306	0.819801	0.871319	0.005224	0.068191	0.349972	
0.263980	0.389894	0.153723	0.690133	0.001833	0.138951	0.348167	0.933905	0.663665	0.349105	0.271427	0.297359	0.019343	0.694419	0.802559	0.128893	0.933267	0.922169	0.072423	0.422128	0.464009	0.517484	0.833629	0.655596	
0.803779	0.582265	0.173607	0.217951	0.182206	0.280483	0.956762	0.051304	0.928164	0.977020	0.585775	0.074842	0.960228	0.861959	0.043715	0.291151	0.522256	0.922700	0.753039	0.888813	0.053021	0.920010	0.578673	0.899813	
Printing Matrix C
4.824886	5.604134	4.239624	5.239836	5.195851	3.644719	5.915352	5.005537	5.574709	5.211298	5.310953	4.655855	5.506027	4.494261	5.034423	4.207726	5.035629	5.294137	3.728079	5.460508	5.292147	6.142846	5.423087	5.820829	
5.781855	6.833835	6.298274	6.317178	5.888579	6.051559	6.479766	6.188512	6.742436	7.128352	7.468493	5.365648	7.939889	6.095211	4.907376	6.026972	6.220677	5.868814	5.214660	7.036159	7.037816	7.947858	7.239023	6.274475	
5.636723	6.524640	5.144283	6.040193	5.360258	4.417179	5.237311	6.020565	5.839906	4.890208	5.799872	4.801008	6.431690	5.873046	5.818131	5.436057	4.745201	5.499844	3.984826	6.063620	6.249583	6.321649	5.846039	5.863841	
5.899731	6.583989	5.915388	6.044847	5.858202	5.404127	6.471970	5.667077	6.735616	6.821046	6.236788	6.839490	7.838881	5.303612	5.412015	6.255661	5.395893	4.959757	5.590680	7.288815	6.174947	6.987503	6.500772	5.287743	
4.517009	5.871554	4.576142	5.875256	5.028654	3.961542	5.325169	5.179355	5.514755	5.247445	5.425312	4.108605	5.939528	4.872626	5.346055	5.395006	4.972823	5.118452	4.082455	6.071702	5.214217	5.517139	4.906950	5.220669	
6.048968	6.728726	5.549901	5.817321	6.268834	5.297105	6.073292	6.178465	6.646209	6.363680	6.068310	5.270068	7.283496	5.329233	5.647795	5.925732	5.643862	6.006073	5.474786	7.053324	6.411257	7.107306	5.787950	6.019332	
5.288113	5.678139	4.767882	5.397145	5.589582	4.248934	5.875713	5.466911	5.874021	5.700452	4.994267	5.478720	5.950353	4.160485	5.406421	5.150303	4.679370	4.966369	5.030152	5.772450	5.740619	6.322705	4.835944	5.851866	
MPI_Wtime measured for total run by process 2 = 0.000408
MPI_Wtime measured for total run by process 3 = 0.000417
MPI_Wtime measured for total run by process 6 = 0.000399
MPI_Wtime measured for total run by process 7 = 0.000401
5.650274	6.244749	5.834971	5.845442	5.817516	4.800728	5.612931	5.825085	5.796449	5.751839	6.267528	5.370486	7.065446	5.413269	5.402421	6.189542	5.656464	5.206922	4.508483	6.136138	6.331699	7.336195	6.221953	5.549935	
5.351544	5.156976	4.208501	4.324351	4.803402	4.035586	4.424626	4.001447	5.068616	5.111350	4.280838	4.319607	6.101857	4.566635	4.310919	4.895974	4.152079	5.026144	4.448101	5.193377	4.316556	5.722323	4.256507	4.969078	
5.263966	6.581141	5.198313	5.435259	5.368249	5.446243	5.590973	5.289381	5.539085	6.043341	5.803798	4.943151	7.008277	4.979896	4.606459	5.547665	4.373166	4.790346	4.752183	6.107126	5.825729	7.135268	6.027190	5.053066	
5.737600	6.727786	5.921265	5.561222	5.829780	5.590265	5.744967	5.104985	5.944551	5.911612	5.530603	6.258782	7.531008	4.713294	5.082364	5.945459	5.593350	4.876575	5.022747	6.230266	5.831905	7.106099	5.855175	5.758435	
6.203649	7.408694	5.973676	6.807365	5.907807	5.342884	6.699908	6.681631	6.971395	6.813330	6.626469	6.220776	7.839024	5.859453	5.408647	6.640126	5.780735	5.792866	5.755488	7.993526	7.260888	7.559453	6.463652	6.425537	
5.787704	6.375382	5.612385	6.389969	6.149324	5.109832	6.570522	5.688282	6.677115	6.484465	5.906018	5.864574	7.769031	5.807325	5.855905	6.962422	6.039189	5.240781	5.565017	7.302738	6.684204	6.944724	5.469905	6.035927	
5.109949	6.458535	5.312940	6.284843	4.326371	4.696049	5.867247	5.841554	6.400791	6.130630	5.583030	5.417078	6.379683	5.593950	4.989530	5.295680	5.923096	6.038935	4.820740	7.828840	6.757505	6.833077	6.784797	5.408206	
6.621931	6.196428	5.700901	5.600705	5.501275	5.592342	5.061545	5.455859	5.911400	5.717189	6.169142	5.376620	7.670212	6.165542	5.284017	6.482673	5.631176	5.085190	5.064513	6.914088	5.192933	7.176772	5.785317	6.270224	
6.182710	6.878042	6.617684	6.397851	5.918101	5.798867	5.949752	6.863749	6.773974	7.111812	6.812520	6.256751	7.863530	6.181895	5.355187	6.024461	6.570548	6.420000	5.745675	7.164174	6.605184	7.556966	6.613418	7.121143	
5.732054	5.856679	5.305870	6.497119	5.034873	5.307536	5.549609	6.326870	6.079664	6.051330	6.002061	5.326778	7.050920	5.358423	6.181899	6.383455	5.164243	5.075497	4.766802	6.761871	6.359126	7.005085	6.357820	6.120676	
5.734851	6.450573	6.523349	5.831798	6.143003	6.286602	5.421591	5.787895	5.797716	6.019934	6.170303	5.497275	7.925418	5.482726	5.301033	6.567953	6.264138	5.414699	5.194672	6.947985	6.867676	6.976859	5.811025	5.905016	
5.855914	6.751450	5.053327	6.168802	6.040066	4.316856	5.987060	6.117781	6.719510	5.943727	6.384175	5.514375	6.334913	5.501317	5.736349	5.065838	5.310900	6.030822	4.574605	5.619071	6.025396	6.926165	5.898939	6.340219	
5.089647	5.658676	4.346381	4.771319	4.491693	3.838546	4.707349	5.056454	5.793414	4.657845	5.238996	5.250233	5.519406	5.098636	4.171835	4.191271	5.314577	4.780180	4.336594	6.105154	5.094141	5.915982	5.190452	5.123929	
6.386190	7.484583	6.813795	7.604766	6.736978	6.051450	7.318808	6.953659	7.323546	8.105616	7.814038	6.421105	8.353806	6.599689	6.023303	7.135964	6.761015	6.333736	6.076135	8.297244	7.304850	8.896824	7.347374	7.542689	
6.637912	7.315037	5.476172	6.461443	6.398483	5.433752	6.905005	6.256011	7.122248	5.719805	6.458119	5.487086	7.492128	6.211217	6.801064	6.234868	6.432245	6.677978	5.258335	7.786786	7.616625	7.962740	6.723116	6.653940	
4.681149	5.239956	3.625292	4.238537	4.379326	3.997870	4.185043	4.198292	4.997974	3.982146	4.013178	3.416075	5.152027	4.741887	5.106750	4.353695	4.765692	5.604231	4.000622	5.047298	5.145867	5.097754	4.252438	4.489144	
6.656539	6.798446	5.449285	6.078175	6.505409	5.873283	6.703820	5.985079	7.644313	6.842557	6.845222	6.463404	7.972795	5.620380	5.495774	5.340327	5.189536	5.514175	5.375993	6.968228	5.623873	7.147515	6.518990	6.437115	
The results Matches
MPI_Wtime measured for total run by process 1 = 0.000406
MPI_Wtime measured for total run by process 4 = 0.000417
MPI_Wtime measured for total run by process 5 = 0.000413
MPI_Wtime measured for total run by process 8 = 0.000402
