MPI_Wtime measured for total run by process 0 = 0.004657
Total time by each process = 0.151677  And Average = 0.004213 , Comm_TIME = 0.000000
Printing Matrix A
0.794943	0.298991	0.168209	0.599775	0.385800	0.692844	0.673708	0.738107	0.920306	0.318663	0.192516	0.177153	0.343225	0.432899	0.555482	0.484562	0.885996	0.520832	0.502301	0.527279	0.212383	0.039052	0.179838	0.237729	0.114760	0.471458	0.182768	0.466373	0.172690	0.216898	0.578390	0.078598	0.485013	0.518590	0.720037	0.875414	
0.265993	0.818510	0.691625	0.545976	0.612632	0.113660	0.666045	0.321393	0.479304	0.566907	0.239750	0.522080	0.244934	0.712076	0.086540	0.897390	0.501956	0.798364	0.772139	0.999966	0.361774	0.180171	0.693659	0.866555	0.039855	0.230657	0.078967	0.004368	0.793407	0.288872	0.303935	0.232480	0.902162	0.999472	0.375184	0.059072	
0.113064	0.764778	0.740808	0.979685	0.064794	0.060268	0.963080	0.467661	0.781082	0.636434	0.942795	0.890908	0.899758	0.519258	0.889818	0.011901	0.817575	0.809604	0.408010	0.339045	0.999632	0.616564	0.463951	0.719199	0.840759	0.330049	0.224547	0.628511	0.111337	0.399248	0.726100	0.004037	0.187827	0.102057	0.602930	0.068641	
0.840416	0.565274	0.769431	0.549399	0.640106	0.393744	0.100406	0.988959	0.170024	0.212898	0.799356	0.439798	0.030576	0.583020	0.982958	0.236068	0.336867	0.127741	0.085815	0.716489	0.556589	0.590575	0.132487	0.868738	0.967741	0.198634	0.298571	0.754279	0.180288	0.962653	0.988960	0.986620	0.000064	0.432126	0.791501	0.811801	
0.258847	0.005084	0.981910	0.693845	0.955458	0.716747	0.530912	0.583177	0.808324	0.874445	0.744552	0.123111	0.975425	0.830495	0.703851	0.115016	0.044672	0.354032	0.993922	0.976232	0.940356	0.203411	0.164003	0.182467	0.332418	0.769611	0.917977	0.821586	0.447958	0.660328	0.294377	0.114507	0.895444	0.365630	0.516415	0.838747	
0.034840	0.928038	0.828746	0.171170	0.167416	0.238135	0.833503	0.978795	0.711802	0.433269	0.414466	0.345228	0.016314	0.199276	0.052720	0.989500	0.080181	0.286404	0.028042	0.070091	0.398355	0.280852	0.367946	0.513318	0.898769	0.085928	0.494363	0.623145	0.142014	0.043407	0.860444	0.282295	0.950445	0.849551	0.026273	0.173946	
0.227867	0.656486	0.714443	0.675562	0.116392	0.926448	0.192645	0.121433	0.372013	0.529394	0.197747	0.173082	0.380388	0.126678	0.942275	0.831289	0.755421	0.765956	0.657580	0.083077	0.203007	0.384727	0.559117	0.730312	0.670999	0.163588	0.071396	0.016937	0.359303	0.858445	0.444239	0.471721	0.177509	0.669524	0.679195	0.609060	
0.762125	0.277855	0.499946	0.252373	0.267874	0.039690	0.752630	0.791053	0.200241	0.413512	0.339231	0.844139	0.122911	0.351829	0.266264	0.684309	0.954676	0.349631	0.970331	0.625566	0.017964	0.577475	0.721882	0.882528	0.018025	0.566603	0.181273	0.873997	0.924406	0.106289	0.186715	0.219059	0.752762	0.596013	0.170694	0.961299	
0.886835	0.959253	0.907302	0.530841	0.137820	0.282584	0.508187	0.623276	0.382407	0.623264	0.520163	0.710514	0.411014	0.996020	0.528105	0.770367	0.496092	0.023657	0.571400	0.328721	0.651942	0.028312	0.767886	0.592723	0.381152	0.719416	0.058310	0.174241	0.736456	0.051032	0.127579	0.679501	0.551018	0.027066	0.257657	0.831637	
0.967092	0.069729	0.511536	0.885271	0.878439	0.794003	0.034616	0.406073	0.138505	0.035633	0.278503	0.889757	0.418292	0.951938	0.272610	0.585548	0.643524	0.974680	0.317728	0.047747	0.464639	0.132916	0.809995	0.270327	0.996093	0.214585	0.021093	0.104118	0.021165	0.115334	0.839631	0.533477	0.356159	0.638215	0.368109	0.870055	
0.527713	0.332002	0.541959	0.286208	0.908288	0.812649	0.605136	0.368766	0.972823	0.920076	0.184983	0.295610	0.961710	0.215029	0.619786	0.162565	0.088055	0.485206	0.096896	0.168067	0.272209	0.934564	0.897483	0.503645	0.787430	0.682761	0.877274	0.513554	0.912194	0.168801	0.813667	0.679479	0.825934	0.531736	0.936100	0.928013	
0.680518	0.085654	0.165906	0.448308	0.013020	0.925748	0.109438	0.729277	0.167885	0.553613	0.229445	0.883274	0.397777	0.978208	0.114812	0.542186	0.768797	0.373332	0.217139	0.888039	0.952708	0.120453	0.253088	0.083779	0.747808	0.402525	0.870484	0.032632	0.700809	0.602138	0.917061	0.610952	0.772164	0.620562	0.805923	0.219462	
0.322388	0.820777	0.189645	0.996449	0.541948	0.914706	0.684773	0.680692	0.958178	0.201202	0.427154	0.561098	0.796438	0.188621	0.690261	0.360992	0.747999	0.588125	0.086326	0.875097	0.983548	0.040706	0.737142	0.053902	0.004229	0.570560	0.067259	0.630702	0.313318	0.466058	0.227407	0.016228	0.008820	0.913049	0.188927	0.723420	
0.577949	0.840795	0.485525	0.010411	0.149802	0.921137	0.712629	0.080758	0.371161	0.029526	0.373866	0.573973	0.650106	0.477831	0.275169	0.011507	0.965378	0.168209	0.747000	0.940657	0.759591	0.113864	0.413632	0.498167	0.741437	0.383361	0.573446	0.497988	0.444357	0.062586	0.177071	0.572644	0.926396	0.593353	0.919474	0.570198	
0.395803	0.151285	0.878683	0.594229	0.177144	0.735422	0.934925	0.974143	0.209229	0.098808	0.110822	0.528749	0.412306	0.710613	0.656112	0.010845	0.964873	0.861350	0.811582	0.463676	0.433169	0.739317	0.432508	0.747377	0.750188	0.028036	0.517638	0.898227	0.678887	0.261724	0.889651	0.386914	0.434699	0.698080	0.703844	0.235007	
0.360854	0.505107	0.687783	0.435098	0.098669	0.298981	0.019920	0.546251	0.806047	0.033806	0.080543	0.550222	0.668985	0.761523	0.410059	0.509841	0.970853	0.564274	0.267432	0.096608	0.462507	0.982409	0.592796	0.181234	0.336634	0.094541	0.635761	0.932419	0.893066	0.677574	0.690472	0.074037	0.202364	0.319961	0.637684	0.835898	
0.812157	0.582617	0.346966	0.803796	0.978891	0.100778	0.543101	0.919397	0.727140	0.739292	0.784386	0.078936	0.451641	0.456545	0.815466	0.189515	0.110750	0.032576	0.535983	0.141316	0.734710	0.129524	0.275292	0.713979	0.645891	0.420043	0.266601	0.417026	0.897877	0.807567	0.166015	0.340967	0.769215	0.734480	0.209916	0.820071	
0.117891	0.222437	0.998516	0.395615	0.389687	0.074684	0.314638	0.374529	0.365282	0.925859	0.179179	0.808062	0.640369	0.253591	0.418339	0.794911	0.023257	0.929414	0.953764	0.666180	0.140688	0.999738	0.232574	0.667842	0.556364	0.129154	0.860526	0.683936	0.479758	0.351180	0.011189	0.434327	0.163439	0.056219	0.688770	0.460653	
0.463263	0.284784	0.834658	0.293694	0.546326	0.126565	0.360064	0.907747	0.748028	0.737919	0.405018	0.793663	0.535987	0.685659	0.572281	0.054215	0.606702	0.731381	0.291625	0.832382	0.447922	0.244803	0.769447	0.647808	0.411478	0.276693	0.557974	0.384952	0.920239	0.318718	0.216922	0.528063	0.711933	0.264984	0.284518	0.841509	
0.056312	0.540427	0.238862	0.343235	0.573963	0.466836	0.690285	0.225897	0.922399	0.103044	0.917548	0.962946	0.890551	0.633039	0.325296	0.907510	0.560859	0.207367	0.636173	0.450061	0.170531	0.342072	0.768685	0.471341	0.112584	0.830405	0.205493	0.659614	0.021281	0.271114	0.767199	0.728184	0.626561	0.127779	0.486154	0.472870	
0.494736	0.517502	0.382911	0.954505	0.563229	0.525628	0.578261	0.864766	0.477894	0.946118	0.314503	0.573151	0.609853	0.203799	0.278770	0.752692	0.491611	0.036928	0.259039	0.370018	0.776342	0.590989	0.080889	0.954144	0.591634	0.803876	0.574563	0.847201	0.077958	0.280423	0.727669	0.130234	0.303310	0.093803	0.158594	0.384616	
0.359468	0.289539	0.431360	0.999139	0.143945	0.929131	0.180042	0.902924	0.827333	0.614727	0.216463	0.774282	0.912124	0.082122	0.331906	0.005654	0.442344	0.131730	0.538876	0.896698	0.933884	0.401329	0.602163	0.371926	0.487600	0.984498	0.731614	0.223836	0.626865	0.714456	0.772696	0.650145	0.015302	0.088744	0.912744	0.236998	
0.811273	0.960554	0.942580	0.842931	0.319132	0.134244	0.586208	0.694485	0.664038	0.171844	0.129050	0.651775	0.603863	0.698529	0.725962	0.363235	0.573855	0.950669	0.656268	0.946616	0.621029	0.026147	0.438939	0.420310	0.129572	0.539712	0.414143	0.402973	0.932006	0.534613	0.037029	0.195202	0.221637	0.127319	0.939471	0.853305	
0.154794	0.767737	0.600082	0.696711	0.780201	0.988275	0.427910	0.212351	0.492750	0.017883	0.644812	0.140664	0.358956	0.744354	0.341917	0.858927	0.477110	0.090445	0.814711	0.806846	0.023579	0.789257	0.186370	0.811405	0.748572	0.208899	0.042373	0.259834	0.617546	0.699757	0.601846	0.456174	0.185349	0.156148	0.333776	0.594972	
0.758116	0.808844	0.385837	0.623605	0.449537	0.527793	0.182068	0.893240	0.791814	0.759076	0.151681	0.472616	0.761870	0.337089	0.591757	0.453001	0.316291	0.294358	0.882095	0.836537	0.750468	0.823542	0.151957	0.732149	0.309778	0.337432	0.706476	0.798489	0.438810	0.563993	0.067640	0.380440	0.278839	0.086059	0.592761	0.492567	
0.286927	0.275764	0.032891	0.382656	0.499138	0.804129	0.530135	0.673961	0.738195	0.999512	0.254947	0.189766	0.054750	0.694721	0.198421	0.990740	0.503397	0.924233	0.274417	0.878957	0.026977	0.979169	0.285703	0.526056	0.891083	0.829733	0.905521	0.679816	0.295323	0.607783	0.561825	0.979093	0.865027	0.601509	0.210216	0.912998	
0.163552	0.794304	0.545296	0.473154	0.845929	0.582408	0.322385	0.711722	0.636762	0.111453	0.918028	0.263808	0.993873	0.922498	0.345783	0.441281	0.727663	0.958591	0.555945	0.709337	0.734631	0.153324	0.553970	0.674725	0.184550	0.389318	0.876725	0.885632	0.518442	0.074686	0.643626	0.373561	0.751552	0.644248	0.763896	0.709371	
0.645331	0.555543	0.727740	0.390032	0.016446	0.014867	0.432476	0.763769	0.708628	0.815144	0.354422	0.723543	0.520856	0.413471	0.721376	0.783278	0.985537	0.566007	0.569089	0.625566	0.735389	0.478706	0.540931	0.118783	0.080930	0.601814	0.122631	0.541327	0.693148	0.928239	0.077640	0.781231	0.050339	0.776453	0.303277	0.204963	
0.042451	0.206530	0.926143	0.832942	0.259240	0.442425	0.760114	0.025358	0.938549	0.867786	0.665115	0.079366	0.996255	0.334881	0.257837	0.338198	0.223512	0.883671	0.870042	0.156728	0.151369	0.511153	0.582903	0.364745	0.490109	0.537641	0.881548	0.870677	0.472826	0.177335	0.745402	0.030951	0.060261	0.118570	0.631235	0.059584	
0.874450	0.694087	0.107248	0.978806	0.291363	0.752580	0.133454	0.050714	0.828815	0.336943	0.743582	0.543131	0.282517	0.734146	0.936998	0.696356	0.364466	0.268801	0.449274	0.069071	0.764053	0.913548	0.444908	0.503788	0.192311	0.847940	0.208625	0.739736	0.052771	0.404893	0.267612	0.801217	0.491692	0.103793	0.317624	0.681603	
0.994515	0.979184	0.559412	0.713147	0.323703	0.687617	0.952157	0.023469	0.901235	0.994697	0.529611	0.800925	0.865931	0.962270	0.077581	0.265231	0.239024	0.511520	0.727388	0.550160	0.785754	0.583418	0.665130	0.742839	0.035249	0.735212	0.533450	0.586164	0.440855	0.582935	0.192307	0.590533	0.092582	0.229767	0.326720	0.871061	
0.017703	0.850384	0.061366	0.249199	0.330759	0.661475	0.520548	0.263589	0.796073	0.479839	0.694691	0.419711	0.172425	0.607243	0.429404	0.611618	0.932783	0.129940	0.055225	0.090763	0.363550	0.250193	0.999878	0.845502	0.360306	0.784331	0.395713	0.842269	0.853519	0.067283	0.927816	0.730030	0.140904	0.854747	0.239110	0.582113	
0.697749	0.486759	0.346088	0.493577	0.657601	0.761391	0.481950	0.621453	0.053172	0.618393	0.367637	0.841588	0.208394	0.704670	0.641846	0.050164	0.119090	0.037221	0.869183	0.171572	0.808707	0.580099	0.536623	0.626127	0.890287	0.570784	0.592944	0.766465	0.108708	0.248843	0.757919	0.090148	0.835930	0.342186	0.658169	0.231898	
0.446721	0.757534	0.013549	0.573139	0.628181	0.161760	0.556295	0.022464	0.399361	0.415556	0.570313	0.034288	0.633074	0.111356	0.890233	0.758119	0.155250	0.320298	0.899313	0.072635	0.037360	0.748620	0.162621	0.258658	0.042390	0.719261	0.179919	0.018946	0.130024	0.104236	0.473556	0.357211	0.378007	0.797605	0.570947	0.804816	
0.104636	0.201962	0.324520	0.829239	0.134834	0.979613	0.302050	0.127745	0.128861	0.452331	0.094336	0.231223	0.487052	0.749664	0.899069	0.666305	0.107916	0.270961	0.328886	0.799345	0.648700	0.778472	0.777516	0.382823	0.138199	0.508794	0.644697	0.704878	0.768845	0.189747	0.009022	0.671618	0.724318	0.549372	0.042779	0.516925	
0.127675	0.642228	0.201614	0.811568	0.860206	0.572347	0.060380	0.636651	0.731767	0.497139	0.682449	0.857726	0.111337	0.459972	0.755815	0.845594	0.272293	0.788681	0.512874	0.813720	0.920612	0.877982	0.663293	0.810217	0.341029	0.135849	0.476113	0.430245	0.400672	0.741566	0.867113	0.039977	0.074983	0.613313	0.428908	0.960936	

Printing Matrix B
0.206877	0.170406	0.718747	0.473075	0.091776	0.150952	0.959714	0.351639	0.337601	0.371314	0.626375	0.159097	0.524078	0.690905	0.679118	0.350426	0.783553	0.054205	0.120607	0.888100	0.220124	0.886091	0.777159	0.100144	0.556393	0.307276	0.648612	0.525993	0.899272	0.728172	0.701460	0.464386	0.599430	0.987313	0.045870	0.932419	
0.914466	0.445831	0.056239	0.806384	0.017434	0.795400	0.580033	0.838735	0.538291	0.057694	0.645505	0.724763	0.040670	0.964971	0.587490	0.352533	0.715900	0.193581	0.344340	0.384771	0.113626	0.027819	0.501564	0.172963	0.433462	0.279605	0.752737	0.323901	0.716445	0.879947	0.186262	0.805891	0.030844	0.674301	0.999438	0.736958	
0.239244	0.806722	0.631332	0.780663	0.210343	0.143760	0.064637	0.756487	0.756533	0.085017	0.868914	0.844957	0.890380	0.274943	0.578331	0.002882	0.776678	0.558382	0.789289	0.472804	0.399314	0.962712	0.084226	0.245032	0.355633	0.783554	0.220957	0.124305	0.147769	0.001155	0.411149	0.543675	0.813641	0.595837	0.441102	0.602562	
0.685206	0.304367	0.284473	0.610190	0.879449	0.864653	0.022255	0.211743	0.388207	0.896124	0.216935	0.987182	0.541855	0.633506	0.651661	0.823374	0.801342	0.106299	0.677140	0.725922	0.110232	0.656995	0.579534	0.302511	0.081636	0.767096	0.638433	0.329147	0.337299	0.163246	0.198722	0.325827	0.114360	0.085879	0.148615	0.348090	
0.402376	0.391334	0.873822	0.949650	0.892479	0.254030	0.471025	0.711200	0.545830	0.797284	0.861065	0.744616	0.555236	0.766926	0.642296	0.962698	0.120100	0.026581	0.047876	0.949381	0.692978	0.471267	0.786588	0.972327	0.056912	0.076970	0.892721	0.893402	0.652081	0.151809	0.775343	0.339049	0.468539	0.889366	0.341862	0.456771	
0.042158	0.198843	0.110504	0.161164	0.940781	0.085393	0.059721	0.281460	0.639123	0.006179	0.547776	0.309910	0.710858	0.532729	0.038023	0.087560	0.917538	0.908927	0.457574	0.195459	0.308225	0.231858	0.259646	0.079748	0.946587	0.313235	0.431156	0.510678	0.822421	0.194735	0.032907	0.940625	0.568699	0.978487	0.919642	0.424628	
0.454797	0.595813	0.169804	0.613212	0.761489	0.610755	0.549593	0.334660	0.164840	0.232457	0.811689	0.148191	0.022633	0.406661	0.300624	0.170143	0.487775	0.469864	0.441518	0.773972	0.009524	0.395652	0.506159	0.931130	0.259706	0.868745	0.336670	0.451784	0.143615	0.301579	0.689734	0.199660	0.237678	0.835089	0.752601	0.882203	
0.993787	0.321242	0.008167	0.170944	0.415960	0.339269	0.056626	0.111933	0.649498	0.644480	0.885233	0.516740	0.513663	0.802106	0.960889	0.028389	0.962164	0.454622	0.602004	0.238205	0.665256	0.770594	0.368528	0.922124	0.296039	0.357257	0.410743	0.304183	0.225826	0.190670	0.790598	0.141391	0.568691	0.723094	0.221579	0.188658	
0.538774	0.608717	0.841780	0.925327	0.097444	0.319092	0.156581	0.432594	0.729565	0.569122	0.842323	0.272926	0.306526	0.581708	0.957319	0.414940	0.729619	0.403394	0.554498	0.709219	0.611305	0.160130	0.651587	0.150293	0.215987	0.901315	0.429929	0.469324	0.170261	0.264561	0.821399	0.623672	0.703159	0.122417	0.355787	0.909599	
0.859948	0.734978	0.662452	0.892688	0.604687	0.936749	0.968245	0.771072	0.457105	0.266085	0.715134	0.829521	0.916823	0.675949	0.783575	0.239702	0.655277	0.155059	0.859952	0.196167	0.841751	0.499255	0.538989	0.948501	0.305959	0.274597	0.104342	0.439385	0.056056	0.293775	0.700882	0.483155	0.508157	0.673888	0.685962	0.832747	
0.002971	0.337708	0.602328	0.538053	0.500794	0.929381	0.916767	0.626301	0.484100	0.812454	0.453552	0.541142	0.933824	0.329818	0.085084	0.147499	0.494567	0.630014	0.771415	0.005183	0.980716	0.877345	0.303330	0.870306	0.423721	0.972412	0.978370	0.838983	0.728583	0.531980	0.331367	0.901722	0.164685	0.922830	0.699802	0.208309	
0.862576	0.578001	0.589299	0.953336	0.131068	0.890294	0.439302	0.021633	0.898078	0.981552	0.233092	0.055379	0.415010	0.333877	0.906221	0.795331	0.627840	0.934703	0.821640	0.230159	0.813787	0.062146	0.849730	0.420973	0.637392	0.977253	0.285799	0.268261	0.010840	0.815621	0.144324	0.685859	0.984284	0.989303	0.508601	0.758631	
0.339915	0.575476	0.904556	0.937453	0.398974	0.412432	0.947338	0.385582	0.282830	0.875240	0.812154	0.199318	0.181660	0.602361	0.408084	0.012649	0.181770	0.937644	0.584574	0.628274	0.789803	0.668321	0.721398	0.695320	0.255105	0.431383	0.131658	0.863697	0.819323	0.003579	0.827050	0.975405	0.604353	0.095146	0.788146	0.172474	
0.764126	0.315091	0.894698	0.489754	0.580971	0.217061	0.551838	0.025947	0.546815	0.598568	0.045754	0.382685	0.487023	0.839033	0.201252	0.853118	0.852303	0.450903	0.178620	0.896802	0.861794	0.472220	0.194621	0.784793	0.527692	0.115302	0.957335	0.223553	0.975819	0.719526	0.074093	0.142449	0.740853	0.673396	0.534010	0.679065	
0.684062	0.809435	0.649452	0.620120	0.977590	0.750590	0.233410	0.379282	0.036728	0.386300	0.671453	0.037217	0.122102	0.331780	0.280811	0.051915	0.162130	0.843556	0.455579	0.988726	0.199098	0.368094	0.713460	0.641736	0.846185	0.861010	0.556785	0.929944	0.608840	0.334999	0.272569	0.854524	0.248264	0.246281	0.161756	0.137013	
0.974324	0.793362	0.252484	0.437971	0.463134	0.616307	0.197208	0.698807	0.807975	0.695698	0.420720	0.515242	0.248302	0.372828	0.996530	0.770913	0.014948	0.658636	0.999372	0.366102	0.395588	0.482426	0.528660	0.398843	0.215040	0.417178	0.644764	0.304745	0.693942	0.303125	0.187415	0.661325	0.638312	0.469796	0.416569	0.100190	
0.818306	0.404953	0.763850	0.683601	0.898337	0.614651	0.033198	0.436168	0.596970	0.417611	0.813330	0.986749	0.398898	0.089325	0.292443	0.627623	0.772132	0.457716	0.836372	0.514873	0.242095	0.277811	0.048921	0.002432	0.453271	0.430277	0.498980	0.718242	0.873572	0.713343	0.997082	0.276765	0.373543	0.305197	0.875797	0.944626	
0.949595	0.393184	0.936416	0.644407	0.815659	0.656288	0.491710	0.212515	0.182096	0.531297	0.266826	0.948394	0.542542	0.850285	0.073662	0.536230	0.017348	0.021773	0.325029	0.343450	0.740864	0.455326	0.374267	0.597857	0.593700	0.735543	0.937216	0.500895	0.937527	0.898097	0.146091	0.034446	0.363741	0.117202	0.722399	0.829458	
0.460391	0.695837	0.952626	0.391022	0.422848	0.406852	0.810501	0.839822	0.258927	0.759217	0.172246	0.568457	0.849882	0.224757	0.146311	0.035543	0.338999	0.441360	0.025074	0.837951	0.958946	0.807986	0.152550	0.517476	0.385727	0.816496	0.070357	0.093961	0.070611	0.492520	0.372933	0.823624	0.259444	0.003558	0.097366	0.732441	
0.086312	0.825760	0.188235	0.650340	0.619929	0.131936	0.851788	0.610524	0.544615	0.139322	0.631107	0.629481	0.227930	0.175070	0.474547	0.381608	0.447937	0.799721	0.550603	0.210136	0.916896	0.860817	0.567969	0.691084	0.574385	0.030133	0.793351	0.096044	0.292652	0.346576	0.178624	0.328058	0.935551	0.262734	0.577840	0.656686	
0.814942	0.263421	0.988844	0.495496	0.784910	0.768722	0.185242	0.599541	0.135879	0.245093	0.674301	0.941064	0.700930	0.096007	0.676669	0.773507	0.270195	0.874523	0.991432	0.822267	0.895647	0.354603	0.455755	0.558783	0.900262	0.906137	0.377027	0.184416	0.051000	0.356728	0.033115	0.219280	0.167162	0.562349	0.463821	0.934936	
0.975606	0.440356	0.243683	0.022994	0.803015	0.718508	0.776333	0.258000	0.183347	0.555002	0.744962	0.519773	0.868085	0.070718	0.466738	0.691374	0.295193	0.873704	0.130869	0.682821	0.825830	0.113926	0.304253	0.429496	0.986653	0.704063	0.758780	0.643738	0.305958	0.958771	0.720109	0.215040	0.781875	0.554178	0.985443	0.846628	
0.638327	0.413435	0.332479	0.430181	0.827428	0.050747	0.358080	0.213073	0.408940	0.436734	0.821989	0.144352	0.740519	0.516607	0.935527	0.537234	0.323789	0.516435	0.793600	0.975400	0.080860	0.207237	0.720631	0.102978	0.592154	0.258621	0.191487	0.018006	0.101502	0.657968	0.897848	0.610884	0.145871	0.877905	0.073935	0.560500	
0.879451	0.593734	0.188047	0.729654	0.236423	0.194344	0.391248	0.359916	0.746964	0.529780	0.213085	0.866449	0.267983	0.298428	0.597658	0.496711	0.626664	0.077192	0.787156	0.594913	0.795122	0.451489	0.001608	0.679120	0.829288	0.393384	0.349563	0.401329	0.004187	0.959463	0.558684	0.078956	0.546619	0.000060	0.962994	0.357355	
0.384229	0.944485	0.620249	0.134409	0.832505	0.491910	0.787627	0.799613	0.592996	0.393660	0.215251	0.337029	0.628763	0.095646	0.932062	0.349873	0.261846	0.702128	0.917963	0.331632	0.364331	0.932535	0.716782	0.943772	0.491225	0.461459	0.810047	0.468347	0.135578	0.030567	0.016994	0.383931	0.674798	0.160934	0.922597	0.343229	
0.316109	0.438885	0.007913	0.342670	0.720088	0.205614	0.602617	0.968945	0.237953	0.805835	0.379952	0.533787	0.275825	0.647511	0.187288	0.485349	0.266504	0.536288	0.306889	0.773555	0.683086	0.557111	0.653129	0.023898	0.525569	0.146030	0.019499	0.960272	0.374537	0.493745	0.598523	0.065221	0.903326	0.139444	0.480466	0.237192	
0.892167	0.449255	0.320360	0.436379	0.302887	0.751450	0.262224	0.617709	0.319505	0.198586	0.090547	0.783054	0.865317	0.204089	0.835496	0.509335	0.235585	0.272959	0.431744	0.401874	0.291746	0.057016	0.865045	0.190732	0.786178	0.102577	0.653126	0.870598	0.808130	0.864226	0.515967	0.371289	0.332151	0.307497	0.353585	0.498527	
0.862694	0.199300	0.230268	0.912290	0.779350	0.893171	0.900499	0.950918	0.838455	0.352254	0.188705	0.105975	0.367791	0.284752	0.122842	0.366706	0.338821	0.713276	0.956039	0.585535	0.640433	0.167865	0.242474	0.249560	0.933927	0.435352	0.325357	0.643487	0.954798	0.414524	0.711517	0.063177	0.347238	0.619428	0.402019	0.038666	
0.683668	0.583382	0.325313	0.007072	0.434756	0.381871	0.983751	0.453262	0.953597	0.016189	0.649017	0.715453	0.855819	0.299532	0.539844	0.300288	0.544728	0.149655	0.716613	0.129282	0.599152	0.911483	0.536511	0.521452	0.232531	0.155223	0.617007	0.877803	0.205558	0.730663	0.515533	0.968914	0.914622	0.930302	0.275297	0.782604	
0.570737	0.457353	0.058831	0.597357	0.516447	0.172911	0.623257	0.606280	0.228049	0.574217	0.367894	0.803843	0.661700	0.913752	0.793730	0.811448	0.390443	0.471715	0.247606	0.740637	0.821651	0.897508	0.964262	0.273723	0.840731	0.935893	0.391071	0.491142	0.473882	0.989769	0.101249	0.632078	0.070017	0.940966	0.172864	0.081677	
0.595151	0.439424	0.482972	0.751724	0.561087	0.532327	0.427353	0.004928	0.428362	0.168847	0.795914	0.021304	0.904717	0.183554	0.643873	0.072097	0.244416	0.798436	0.224667	0.051091	0.237777	0.737911	0.606887	0.566365	0.737536	0.564861	0.536137	0.399381	0.548434	0.518436	0.848166	0.431331	0.102053	0.819970	0.779926	0.112473	
0.454479	0.682833	0.593223	0.096615	0.984411	0.864209	0.247639	0.961403	0.846524	0.988380	0.070372	0.787273	0.649478	0.499145	0.478304	0.447107	0.462002	0.994148	0.379139	0.385984	0.752238	0.884099	0.513782	0.795951	0.325341	0.054996	0.204042	0.568138	0.449512	0.282923	0.678901	0.860599	0.859971	0.196129	0.945511	0.602660	
0.832306	0.697627	0.332260	0.706394	0.277909	0.053315	0.603660	0.335470	0.688736	0.980989	0.348424	0.508541	0.696335	0.447504	0.286783	0.339595	0.536923	0.465178	0.530799	0.526785	0.932963	0.290658	0.201552	0.589795	0.244520	0.257924	0.412372	0.801338	0.471135	0.750554	0.299007	0.877008	0.127370	0.705113	0.513758	0.466876	
0.811997	0.983344	0.383661	0.903836	0.143923	0.221125	0.928226	0.665003	0.271306	0.157280	0.505705	0.406243	0.376475	0.291243	0.343254	0.336954	0.515653	0.168799	0.893437	0.527495	0.234395	0.593655	0.771084	0.561982	0.674214	0.612703	0.753550	0.812993	0.130302	0.020257	0.862355	0.628806	0.677509	0.277321	0.870240	0.608307	
0.553436	0.267257	0.460620	0.366910	0.548500	0.314752	0.998559	0.432074	0.231981	0.602417	0.809542	0.472343	0.028828	0.057998	0.554480	0.003704	0.868267	0.432435	0.100200	0.463720	0.778958	0.950749	0.906217	0.906377	0.835154	0.232535	0.740017	0.131748	0.454542	0.667914	0.856052	0.116937	0.942579	0.053205	0.348717	0.691479	
0.295397	0.905191	0.025051	0.339813	0.320363	0.504902	0.277225	0.829225	0.826397	0.740789	0.168757	0.406767	0.407098	0.154116	0.976896	0.883490	0.487823	0.473907	0.600249	0.373079	0.386068	0.980992	0.514632	0.395060	0.307356	0.023478	0.993574	0.587450	0.890216	0.156488	0.587160	0.139406	0.828658	0.587857	0.427033	0.349519	

Printing Matrix C
9.229859	8.112509	7.201873	9.096721	8.505840	7.002246	7.610700	7.463053	7.699774	7.806162	8.663929	7.640802	7.163863	6.943886	8.308874	6.263269	8.453404	7.377810	8.097866	8.488949	8.089445	8.671221	7.998828	7.542726	7.770456	7.256711	8.578421	7.876010	8.108608	6.939633	8.456872	6.917776	8.045520	7.717715	7.907867	8.502409	
11.204393	9.819827	8.185500	10.498023	8.543892	7.341747	9.249277	8.341273	8.859743	8.274967	9.171506	9.921914	8.584849	7.898716	9.150300	7.470346	8.630157	7.301131	9.623388	9.098128	9.914189	9.201368	8.254211	9.079945	7.986291	8.027692	9.151316	7.709804	6.828966	8.664999	8.173406	8.539860	8.775394	8.605208	9.349038	10.199781	
12.065744	9.761131	9.930548	11.737292	10.861642	10.610726	9.695772	8.702479	8.567734	9.443325	10.503139	9.876725	9.462939	7.977329	10.037534	7.465761	9.411274	10.084914	11.094831	10.224675	10.681447	9.673382	9.441351	10.158436	10.247492	11.313847	9.707938	8.980131	8.043618	9.243259	8.996829	8.550213	8.644261	9.042214	10.806236	10.429702	
11.035493	9.983799	8.273291	10.096026	10.784422	9.397795	9.621136	9.790792	9.695701	9.295994	9.635721	9.809946	9.951715	7.903241	10.937223	7.939347	9.774435	10.170274	10.040777	9.641018	10.650673	11.805213	10.023663	10.440184	10.856283	8.968812	10.952023	9.250562	9.063956	8.874894	9.093129	8.411974	9.958221	10.078258	10.294813	8.920799	
11.389229	11.059784	10.256303	12.101633	11.475038	9.377345	11.042745	11.126367	9.798106	10.437767	10.667488	11.023746	11.309208	9.010018	10.532800	8.199035	9.963605	10.488477	10.888801	11.411402	12.879470	11.821661	10.527100	11.045708	10.334174	9.736315	10.533692	10.739543	9.667251	8.538985	9.674173	9.868505	10.450451	10.304249	9.916226	10.446371	
10.115391	8.532728	5.988229	8.744628	7.047606	7.310067	6.973102	7.502575	8.171113	6.593930	7.940730	7.283695	7.739710	6.330233	8.909834	5.556987	7.296639	7.339488	9.367926	6.781504	7.375233	7.267138	7.077851	7.892162	7.190802	7.416603	7.746459	7.017836	5.929090	6.361352	7.244992	7.102465	6.864077	8.088290	8.891460	7.374170	
10.106451	9.356934	7.550004	8.939528	9.433302	7.756779	7.785441	8.416599	7.891908	7.767901	8.552811	9.125042	8.389135	7.069908	8.943342	6.606433	8.077184	8.104391	9.124979	8.643418	8.305486	9.343067	8.329951	7.828649	8.887316	8.447497	8.653282	7.895677	7.547285	7.725529	7.579307	8.594756	8.049100	7.539996	9.219017	8.455689	
11.217231	9.682601	7.286259	9.685615	8.818735	8.036111	9.461559	8.786646	9.649594	8.986275	8.830188	8.843728	8.882749	6.991225	9.354145	7.507781	8.903442	8.113590	10.040419	9.226394	9.822185	9.441996	7.919052	8.360806	8.588168	7.831882	8.740882	8.668729	7.602552	9.012774	9.545729	7.888460	9.521611	9.393396	8.805626	9.716544	
10.581057	9.626828	8.292235	9.573656	9.035274	8.434383	8.692335	9.145762	9.726741	9.145703	9.071493	9.266170	8.986659	8.164943	10.155526	7.560550	9.645327	8.861150	10.184775	9.627139	9.720110	10.022722	8.511207	8.697327	8.192825	7.828514	8.804188	8.105555	7.906038	8.351638	8.241543	8.992141	9.539194	9.690530	9.005322	9.907735	
9.821909	8.681597	8.993946	9.272759	9.801548	7.574842	7.724463	7.361825	8.631251	9.188096	8.129937	8.271785	9.104498	7.546541	9.476307	8.107588	8.287327	8.350708	9.051068	9.083125	8.623069	9.666407	8.805343	8.473649	8.421309	7.759548	9.809729	7.889372	8.642462	7.331595	7.800231	7.648818	8.834509	8.976722	8.952621	8.858682	
12.334306	11.257861	9.494973	11.236572	11.566586	9.506712	11.303780	10.432221	10.340109	10.103971	11.502944	9.982741	11.147456	8.718426	11.806195	8.108319	9.824665	10.366876	10.795210	10.897276	11.283597	11.049145	11.499962	10.809552	10.713326	8.685771	10.722695	11.436198	9.434829	9.407390	11.634860	10.125986	11.335019	10.664987	11.401514	11.047783	
11.015758	9.219185	8.553375	9.234251	9.895107	8.183212	9.237177	8.041914	9.048685	8.521820	8.897216	9.474197	9.963739	7.363589	10.055600	7.619344	9.457507	9.698624	9.899585	8.356461	10.480651	10.189171	9.726704	9.241177	9.875601	7.711782	9.644229	8.529813	8.370693	8.865373	7.985678	8.694041	9.793759	9.642217	9.728909	9.892290	
10.324254	8.917558	7.821832	10.763410	9.954762	8.481249	8.121441	8.544952	8.299137	8.188661	10.068092	8.860028	7.815965	8.207489	9.400733	7.725078	8.846784	8.926378	10.362303	9.652521	8.788515	8.702363	9.509423	7.897237	8.941946	8.987197	9.308274	8.767626	8.344659	7.206115	8.583049	8.396287	8.413171	9.112206	9.098739	9.360130	
9.811972	9.467046	8.320823	9.694546	9.307960	7.766321	9.610635	9.265623	8.896578	8.104257	8.991706	8.906491	8.414948	6.570174	8.596761	6.581501	9.296528	9.457000	9.590992	9.102334	9.825650	9.368453	8.596642	8.621334	9.560049	7.604755	9.117271	8.565088	8.235651	8.440089	8.415872	8.851527	9.337808	8.557591	10.256237	10.338868	
12.398896	10.087112	9.249899	10.471788	11.304957	9.163361	9.781798	8.625766	9.485462	8.763458	10.226741	9.860683	10.305197	7.542221	9.621978	7.145346	10.061739	9.966026	10.502303	10.152903	10.404286	10.604857	9.000015	10.192457	10.930736	9.803729	10.158334	9.281357	8.712276	9.384443	9.918319	8.473737	9.888531	9.583972	10.818957	10.664578	
11.463865	8.668074	8.039263	9.376367	9.115283	8.401152	8.495040	7.940628	8.916715	8.120545	9.160466	8.696067	9.100405	6.959020	9.841794	7.720751	8.570940	8.886268	9.457104	9.079721	9.279948	8.818854	8.694560	7.441742	9.525497	8.345180	9.479193	8.540491	8.851811	8.964901	8.972806	7.788322	9.048244	8.953017	8.822584	9.197897	
11.047583	10.044534	8.543918	10.458708	9.577555	8.632612	9.987693	9.829712	9.157870	9.506125	9.679567	9.918686	9.715174	8.723685	10.567979	7.825819	9.351465	7.995720	10.162002	10.406727	10.470087	10.901011	9.794720	10.205283	8.581254	8.850015	9.909074	10.072448	7.926287	8.097665	9.138420	9.216762	8.763959	9.931112	8.884076	9.360839	
10.843454	9.544429	8.160352	9.317074	8.968434	8.819562	9.243631	8.901113	8.480298	8.607549	8.121980	9.346265	9.047769	6.707252	9.504296	6.908006	7.493392	8.410973	9.118605	8.449773	10.483246	9.133500	8.414497	9.087510	8.735102	8.178724	8.500162	7.751459	7.063077	8.221341	7.869617	7.615573	9.551297	7.427143	8.805899	9.112245	
11.453213	10.260714	9.047542	10.598325	9.760038	8.571946	9.397897	8.949131	10.019599	9.323032	9.813428	9.990184	9.942122	8.204822	10.670790	7.890225	9.528333	8.921444	10.580300	9.549503	10.991376	10.294039	9.311413	9.807591	9.020346	8.265974	9.707657	9.204893	8.108015	8.953160	9.389638	8.745212	10.188618	9.756950	9.451376	10.464430	
10.313776	9.250124	8.290699	10.564709	9.689264	8.684806	8.862085	8.759367	9.283026	10.281924	9.041811	8.098904	8.468482	7.720334	9.228556	7.532011	8.273919	10.052106	9.466354	9.389420	10.328668	8.831937	8.946078	8.740022	8.678204	8.580817	8.655203	8.812760	8.525424	8.418824	9.098518	9.025965	8.997665	9.007959	9.770254	8.702445	
11.194979	8.902910	7.501787	10.256411	9.721772	9.206949	8.477473	8.898957	8.870302	8.806511	9.209941	9.316935	8.957336	7.602457	10.204779	7.600006	8.669706	8.884420	10.267311	9.104199	9.715490	8.853654	8.728964	8.810406	9.057063	8.415032	8.472767	8.774842	7.686368	7.867492	8.719242	7.397281	8.620890	8.871292	9.689139	8.579649	
10.724125	9.317943	8.404721	9.864883	10.673252	8.880124	9.206119	9.056568	8.953927	9.234090	10.270516	9.968232	9.972000	7.935404	10.858060	7.252777	9.777343	10.351411	10.026459	9.475253	10.843823	10.556471	10.499293	8.967668	10.143390	8.890312	8.542425	8.777547	7.505458	8.547562	9.326047	9.025922	10.103855	8.924562	9.538056	9.872799	
11.585888	10.018967	9.072337	10.898183	9.845609	8.897302	9.730211	9.493754	9.484016	9.302162	10.181238	10.577760	8.822862	8.822786	10.589328	8.076223	10.076196	8.771888	10.013425	10.579887	10.595833	11.030803	10.021133	9.235657	9.463935	9.030185	10.374378	8.756239	9.096834	9.505987	8.926840	8.675406	10.306112	9.269570	8.977176	11.009567	
9.469006	9.312185	7.364521	8.900118	9.713314	7.672089	8.607927	8.798489	9.115622	8.386905	8.651744	9.202081	8.894695	7.288038	9.008542	7.427030	8.548193	8.872575	8.670130	8.764734	9.585657	9.893822	8.043501	8.738322	8.597013	7.941059	9.771107	8.160624	8.129763	7.970583	7.500364	8.696067	8.908007	8.755818	9.807503	8.490161	
11.767931	9.624820	8.625745	10.422539	9.852856	9.302524	9.906869	9.777612	9.233937	9.264399	9.795318	10.183232	9.433050	8.289827	10.613616	7.738988	9.519920	9.380146	9.844420	10.188152	11.273262	9.842151	9.565093	9.296772	10.013957	8.741154	9.432799	8.987150	8.490357	9.139046	9.058078	8.765773	9.795391	8.950720	9.513414	10.184794	
12.835056	11.323305	8.334745	10.507981	11.802489	9.807330	10.398450	10.741691	10.571324	10.324619	9.420372	10.948263	10.868805	8.961243	11.162534	9.333354	9.445521	10.127763	10.851026	9.916097	11.718904	10.678799	10.246669	10.477330	10.494468	8.247933	11.209671	10.721643	9.923954	9.782720	9.873225	8.842705	11.025760	9.941938	11.844638	10.467862	
12.801359	10.587098	10.249641	12.317676	11.261187	9.892693	10.708060	10.390145	10.561615	10.472590	10.754113	11.232207	10.548319	9.083388	10.453105	8.587358	10.140178	10.187076	11.351015	10.738868	12.178881	10.983312	10.103625	10.827014	10.704702	9.227057	11.736048	10.727593	10.940779	9.926024	10.504143	9.703752	10.298109	10.167416	11.459227	10.815386	
MPI_Wtime measured for total run by process 35 = 0.004219
MPI_Wtime measured for total run by process 1 = 0.004142
MPI_Wtime measured for total run by process 2 = 0.004133
MPI_Wtime measured for total run by process 3 = 0.004165
MPI_Wtime measured for total run by process 5 = 0.004158
MPI_Wtime measured for total run by process 6 = 0.004169
MPI_Wtime measured for total run by process 7 = 0.004203
MPI_Wtime measured for total run by process 9 = 0.004220
MPI_Wtime measured for total run by process 11 = 0.004165
MPI_Wtime measured for total run by process 12 = 0.004191
MPI_Wtime measured for total run by process 13 = 0.004151
MPI_Wtime measured for total run by process 14 = 0.004248
MPI_Wtime measured for total run by process 15 = 0.004191
MPI_Wtime measured for total run by process 16 = 0.004144
MPI_Wtime measured for total run by process 18 = 0.004230
MPI_Wtime measured for total run by process 22 = 0.004177
MPI_Wtime measured for total run by process 23 = 0.004224
MPI_Wtime measured for total run by process 26 = 0.004163
MPI_Wtime measured for total run by process 28 = 0.004270
MPI_Wtime measured for total run by process 33 = 0.004153
11.782862	9.977703	8.892977	10.456721	9.914571	9.307175	9.471301	9.610726	8.962106	8.978315	10.019931	10.051535	9.232843	8.312362	10.145750	7.764367	9.137062	9.392714	10.642509	9.912571	10.464768	10.075428	9.559055	8.708837	9.365539	9.526627	8.744622	8.870406	7.848228	8.793055	9.260916	9.117864	9.719004	9.253834	9.305648	10.413003	
9.949040	8.636510	8.619113	9.959754	9.502361	8.648018	9.171211	8.503174	7.704336	7.935793	8.951047	8.685233	9.300133	7.087080	8.449530	5.864852	7.676096	8.120168	9.055313	8.783072	9.286742	8.848026	8.389185	8.369497	8.499746	8.828554	8.072178	8.334077	7.635465	7.575917	8.787551	7.864461	8.045522	7.484219	8.896502	8.794059	
10.790192	8.756466	8.327286	9.632818	10.297788	9.407178	8.608069	9.103766	8.701792	9.910970	8.434293	8.950721	9.050032	8.057489	9.251974	8.420233	8.792321	9.582204	9.326836	10.382352	10.035310	8.768620	8.942710	7.924280	9.708419	8.877907	9.376610	9.213221	9.091016	8.936483	8.118933	8.719604	8.782026	9.014494	9.330176	9.255449	
12.011114	10.437427	9.800513	11.988019	10.654486	10.194426	11.101740	10.556860	10.106887	10.200287	10.327017	10.783733	10.467088	9.760103	11.105973	9.201218	10.656921	9.988869	10.787802	11.498627	11.765023	10.635003	10.530956	9.706305	10.560508	9.812015	10.200854	9.702511	9.517356	10.276520	9.928631	9.725122	10.691672	10.900474	11.087551	12.094082	
11.174016	9.259347	7.437619	9.876192	9.870247	8.859771	8.669341	9.040177	9.594368	8.059193	9.116203	8.642319	8.869396	7.351175	9.406678	7.554806	8.706953	8.869245	10.568957	8.781354	8.811005	8.477686	8.699101	8.197077	9.312641	7.684358	9.091202	9.364980	8.187937	8.538941	9.673751	8.559085	8.849806	9.319372	10.451183	9.071972	
11.022090	8.918873	8.387779	9.884527	9.964488	8.502176	9.653461	8.562227	8.413160	8.848608	8.918713	8.417572	9.764802	7.399769	9.464094	7.117118	8.965362	9.244455	9.256645	9.897344	10.177752	9.088080	9.101012	9.438683	10.147147	8.547581	8.959142	8.596710	7.675334	8.743055	8.301493	8.172509	8.515637	9.764834	9.286459	9.251725	
8.440388	8.078130	6.522531	8.040611	7.619090	7.224386	7.993094	7.748398	6.039678	7.827584	7.486327	6.974360	6.610185	6.172876	7.158970	5.701595	6.167043	6.728145	6.610825	8.113518	7.498381	7.794337	7.679717	7.375044	6.809934	6.858158	7.814296	7.956033	6.932284	6.378327	7.599777	7.328730	6.941185	6.335367	7.678790	7.233148	
10.126990	8.848163	6.838696	8.289255	9.931369	7.781375	8.049010	8.195576	8.119998	7.787101	7.660297	8.469430	8.667789	6.759365	8.121116	7.261402	7.577522	8.937245	9.351886	8.992903	9.028820	8.022918	7.979359	7.716270	8.889332	6.932421	8.294617	8.424662	7.598960	7.495701	7.128504	8.298665	8.506079	8.134048	8.556593	8.323712	
12.846146	10.573435	9.042831	11.422725	11.038032	10.117918	9.656687	9.472475	9.831146	9.856333	10.315958	10.664297	10.571466	8.459275	11.753263	9.608236	9.232420	9.967705	11.055975	10.268580	11.441609	10.320790	10.548095	10.166714	11.007023	10.189374	11.611353	9.408395	8.932098	9.897217	9.074300	9.058790	9.807602	10.456017	10.443070	10.224253	
The results Matches
MPI_Wtime measured for total run by process 4 = 0.004225
MPI_Wtime measured for total run by process 8 = 0.004225
MPI_Wtime measured for total run by process 10 = 0.004232
MPI_Wtime measured for total run by process 17 = 0.004185
MPI_Wtime measured for total run by process 19 = 0.004194
MPI_Wtime measured for total run by process 20 = 0.004256
MPI_Wtime measured for total run by process 21 = 0.004180
MPI_Wtime measured for total run by process 24 = 0.004249
MPI_Wtime measured for total run by process 25 = 0.004212
MPI_Wtime measured for total run by process 27 = 0.004170
MPI_Wtime measured for total run by process 29 = 0.004253
MPI_Wtime measured for total run by process 30 = 0.004235
MPI_Wtime measured for total run by process 31 = 0.004213
MPI_Wtime measured for total run by process 32 = 0.004222
MPI_Wtime measured for total run by process 34 = 0.004253
