MPI_Wtime measured for total run by process 0 = 0.005317
Total time by each process = 0.131673  And Average = 0.005267 , Comm_TIME = 0.000000
Printing Matrix A
0.243285	0.090701	0.939222	0.937874	0.058890	0.295022	0.820599	0.595005	0.291455	0.704982	0.158167	0.155335	0.701054	0.128057	0.663532	0.614227	0.861503	0.133261	0.152450	0.882848	0.108096	0.566632	0.462473	0.478096	0.904578	0.325531	0.532744	0.139861	0.369281	0.715063	
0.271375	0.939631	0.034218	0.933602	0.144027	0.398009	0.994320	0.180818	0.126279	0.210721	0.841993	0.093602	0.017118	0.608536	0.501381	0.419213	0.652889	0.905633	0.431736	0.873776	0.655686	0.827886	0.236426	0.106799	0.667620	0.393562	0.853772	0.884350	0.720627	0.257290	
0.816485	0.994764	0.035348	0.156481	0.739633	0.042847	0.302041	0.045325	0.879438	0.901172	0.469644	0.056670	0.781898	0.194307	0.433907	0.724533	0.128101	0.719766	0.619694	0.630532	0.906504	0.754645	0.544113	0.747013	0.952093	0.970608	0.942919	0.745154	0.968300	0.227342	
0.391058	0.652599	0.671172	0.682608	0.248612	0.650192	0.986520	0.363663	0.204806	0.954183	0.758860	0.578637	0.952071	0.426596	0.263252	0.322577	0.605813	0.173469	0.347541	0.567850	0.169217	0.751270	0.622878	0.686370	0.225608	0.984585	0.565345	0.686248	0.887013	0.437786	
0.766782	0.804575	0.735540	0.649580	0.834122	0.679233	0.435472	0.159076	0.545436	0.886035	0.485999	0.755513	0.433842	0.568759	0.554605	0.471120	0.766909	0.693983	0.253739	0.585529	0.560993	0.091200	0.695266	0.054815	0.095722	0.011746	0.811470	0.633065	0.209019	0.566167	
0.208370	0.085011	0.312981	0.477728	0.122556	0.654581	0.328020	0.680014	0.996058	0.263987	0.675680	0.673502	0.042991	0.732462	0.508392	0.015634	0.335914	0.692042	0.879638	0.215615	0.233028	0.685743	0.615979	0.584332	0.100586	0.703818	0.124052	0.263416	0.683888	0.419053	
0.294505	0.909044	0.535331	0.279315	0.770857	0.417163	0.365127	0.564931	0.468663	0.593143	0.997583	0.345515	0.674282	0.288678	0.604808	0.550451	0.142418	0.529734	0.060581	0.092717	0.303979	0.835322	0.612785	0.650212	0.549517	0.650698	0.540317	0.668735	0.605144	0.572770	
0.665144	0.109266	0.582716	0.485311	0.448049	0.474734	0.087908	0.421134	0.710309	0.782141	0.314702	0.806926	0.429052	0.069619	0.433075	0.244148	0.765609	0.905781	0.992414	0.991622	0.969120	0.192491	0.776412	0.757721	0.684971	0.746548	0.972701	0.854692	0.029135	0.435948	
0.566699	0.560430	0.033511	0.680634	0.857303	0.466388	0.138612	0.883450	0.272503	0.401746	0.181033	0.957147	0.701767	0.555486	0.736149	0.193113	0.671530	0.635157	0.219753	0.730965	0.988047	0.903479	0.856232	0.041684	0.428100	0.086209	0.591723	0.762867	0.855194	0.024394	
0.309786	0.894192	0.971049	0.686356	0.845141	0.267858	0.614674	0.959847	0.958267	0.599641	0.444961	0.995501	0.729205	0.330176	0.076720	0.175743	0.572076	0.367822	0.599284	0.733927	0.471499	0.277612	0.173123	0.557079	0.238991	0.517757	0.842570	0.720637	0.271625	0.156174	
0.405382	0.734851	0.401851	0.520582	0.156851	0.445559	0.256294	0.714523	0.960631	0.560806	0.428322	0.883574	0.591821	0.842667	0.655023	0.211792	0.330758	0.037862	0.049317	0.733745	0.812952	0.834518	0.902475	0.498662	0.820643	0.062728	0.138031	0.519857	0.550512	0.593299	
0.361366	0.265941	0.751734	0.424734	0.862247	0.007218	0.337782	0.744445	0.390776	0.103364	0.302576	0.460383	0.112393	0.170460	0.342764	0.868441	0.568849	0.396254	0.438185	0.121633	0.979466	0.975631	0.970586	0.557506	0.963184	0.572780	0.826961	0.706367	0.013403	0.602259	
0.640585	0.060297	0.605082	0.530016	0.277538	0.343700	0.780499	0.574253	0.039408	0.112447	0.792628	0.268352	0.718389	0.558943	0.851545	0.087959	0.631903	0.701563	0.604807	0.280253	0.883228	0.139350	0.943284	0.414812	0.845361	0.985283	0.212485	0.257579	0.228353	0.662667	
0.977725	0.572028	0.898883	0.846614	0.505171	0.386035	0.750819	0.052126	0.238987	0.676794	0.994197	0.722339	0.915712	0.137557	0.796441	0.223963	0.550851	0.383794	0.069582	0.953423	0.357274	0.963151	0.864843	0.802195	0.482215	0.188179	0.141066	0.683095	0.890435	0.200843	
0.620876	0.461042	0.220797	0.621461	0.075244	0.865132	0.914342	0.540611	0.843560	0.883015	0.821796	0.802188	0.981710	0.019640	0.305934	0.559021	0.645290	0.098538	0.864899	0.156466	0.294882	0.372661	0.849881	0.988409	0.256080	0.019217	0.942618	0.040738	0.306688	0.796473	
0.280862	0.539433	0.375557	0.792238	0.357969	0.180599	0.970302	0.862076	0.466533	0.513625	0.721910	0.800488	0.354248	0.588855	0.901605	0.273558	0.740823	0.108618	0.450962	0.356836	0.849560	0.461783	0.090695	0.640045	0.174345	0.279841	0.686513	0.560783	0.921556	0.701696	
0.534967	0.005628	0.788245	0.392170	0.015101	0.048139	0.286441	0.684524	0.833781	0.934365	0.478239	0.904381	0.294536	0.205512	0.614802	0.039254	0.882462	0.425559	0.159127	0.909915	0.566734	0.038890	0.467975	0.230311	0.047983	0.309883	0.378883	0.690974	0.679428	0.889512	
0.803695	0.443998	0.973647	0.356865	0.687285	0.307003	0.224834	0.107195	0.069307	0.994566	0.502182	0.643512	0.518712	0.554484	0.230973	0.492369	0.372762	0.720825	0.805924	0.479184	0.344470	0.747229	0.132080	0.262113	0.191929	0.318677	0.561127	0.575177	0.296675	0.277979	
0.573658	0.562315	0.706715	0.292830	0.360830	0.005849	0.558202	0.274604	0.607501	0.891669	0.793397	0.493542	0.172535	0.434364	0.198380	0.996858	0.482691	0.718458	0.842313	0.702046	0.783303	0.908443	0.460973	0.031786	0.719765	0.867905	0.133802	0.867686	0.430166	0.775547	
0.014392	0.400585	0.331577	0.686490	0.130332	0.377033	0.096431	0.255138	0.468523	0.625878	0.210380	0.701449	0.855230	0.650519	0.871184	0.913944	0.198471	0.382659	0.433572	0.703938	0.457684	0.477538	0.366447	0.111519	0.019602	0.023257	0.231180	0.574164	0.293840	0.371807	
0.650749	0.050599	0.600280	0.379268	0.502407	0.597757	0.164177	0.514206	0.807972	0.365593	0.363122	0.057556	0.113555	0.680712	0.856403	0.572419	0.338270	0.356373	0.056276	0.972402	0.818847	0.518774	0.645454	0.513649	0.658705	0.280999	0.268092	0.616128	0.970275	0.789042	
0.349358	0.333830	0.984478	0.626178	0.425843	0.599437	0.168739	0.227715	0.151191	0.267619	0.620606	0.831722	0.887173	0.270344	0.744689	0.684125	0.420846	0.781675	0.708157	0.446079	0.006434	0.378691	0.163728	0.989366	0.347769	0.124815	0.805603	0.857072	0.404386	0.550224	
0.186802	0.243122	0.252303	0.012973	0.432650	0.094461	0.504569	0.614257	0.079557	0.983216	0.860607	0.395701	0.064568	0.358986	0.380189	0.618028	0.143558	0.174640	0.885947	0.356322	0.646665	0.757681	0.923933	0.819532	0.975560	0.430816	0.910779	0.502377	0.079291	0.444300	
0.770571	0.026471	0.923479	0.309991	0.388724	0.128023	0.117095	0.186624	0.257642	0.044518	0.808903	0.069369	0.301852	0.695029	0.433108	0.840622	0.201658	0.117809	0.068205	0.934563	0.094112	0.492318	0.948289	0.252234	0.685098	0.439133	0.772086	0.213684	0.080247	0.455080	
0.048042	0.717034	0.162795	0.374837	0.262643	0.687929	0.371986	0.567960	0.859190	0.526206	0.116946	0.038289	0.473840	0.962970	0.160685	0.067443	0.713751	0.458428	0.619320	0.107547	0.142665	0.238717	0.975723	0.834926	0.626872	0.379200	0.326471	0.632850	0.669462	0.354399	
0.013869	0.038875	0.206318	0.604167	0.330568	0.707601	0.507191	0.987884	0.752996	0.317827	0.183942	0.123685	0.114517	0.310724	0.352355	0.614126	0.086964	0.093844	0.150303	0.118920	0.409727	0.954103	0.772840	0.399831	0.764797	0.905703	0.414686	0.459151	0.785923	0.313182	
0.434997	0.504501	0.580308	0.815242	0.296358	0.211481	0.760684	0.623002	0.107571	0.059360	0.740492	0.821105	0.994451	0.684381	0.050131	0.918651	0.924871	0.007087	0.021498	0.235789	0.756492	0.023940	0.612853	0.050700	0.669775	0.592791	0.075123	0.565445	0.694153	0.849947	
0.247389	0.229410	0.191749	0.677438	0.058827	0.531103	0.360496	0.332495	0.201984	0.693774	0.493255	0.282026	0.700462	0.637951	0.097296	0.138898	0.256495	0.516944	0.604806	0.661492	0.107609	0.478952	0.747637	0.441455	0.194642	0.821381	0.421794	0.256274	0.950877	0.516870	
0.382123	0.392858	0.024076	0.086863	0.104184	0.292515	0.940949	0.679898	0.582914	0.638207	0.256582	0.465452	0.562995	0.800631	0.615952	0.562045	0.973269	0.636694	0.864704	0.626227	0.471910	0.180681	0.690209	0.101445	0.981932	0.050678	0.199241	0.916889	0.237856	0.276107	
0.035022	0.851884	0.793054	0.005637	0.212134	0.626647	0.550606	0.096903	0.667906	0.513937	0.938000	0.888352	0.080744	0.899476	0.522762	0.172409	0.013735	0.566076	0.512869	0.464548	0.203576	0.409047	0.898522	0.994996	0.704298	0.216267	0.073547	0.779539	0.909860	0.472892	

Printing Matrix B
0.858046	0.226443	0.447522	0.082123	0.036961	0.355292	0.284603	0.549401	0.742940	0.571603	0.349665	0.077116	0.888415	0.481265	0.003457	0.906818	0.704928	0.800725	0.071135	0.211341	0.177870	0.928695	0.161638	0.753928	0.183079	0.062745	0.480866	0.233798	0.267918	0.032814	
0.329290	0.132878	0.072892	0.186668	0.816450	0.252123	0.964641	0.456793	0.658915	0.030857	0.536252	0.374738	0.233463	0.386400	0.323599	0.772756	0.358844	0.687107	0.839236	0.575763	0.271784	0.650006	0.008705	0.362705	0.317520	0.509613	0.487164	0.870891	0.492886	0.222008	
0.676503	0.469374	0.900397	0.467084	0.030257	0.395319	0.870733	0.538467	0.152124	0.547058	0.294734	0.323416	0.941021	0.502525	0.451597	0.250392	0.719297	0.163449	0.876247	0.359326	0.673380	0.208546	0.799970	0.423551	0.648185	0.421737	0.027279	0.724817	0.939461	0.402207	
0.951875	0.519159	0.372365	0.290865	0.313140	0.155117	0.404837	0.530633	0.110676	0.156900	0.924792	0.701779	0.323791	0.920371	0.653938	0.654310	0.975176	0.276985	0.856077	0.596153	0.218042	0.155737	0.114933	0.827685	0.640553	0.984469	0.563222	0.517416	0.112844	0.150265	
0.760363	0.372596	0.978045	0.083080	0.217430	0.003339	0.430503	0.058350	0.845446	0.771044	0.870620	0.051344	0.441761	0.320855	0.006546	0.321387	0.275695	0.502449	0.343563	0.087861	0.264762	0.996465	0.250277	0.240702	0.940850	0.581721	0.767258	0.245312	0.201825	0.763624	
0.037286	0.975280	0.778993	0.566720	0.063257	0.683549	0.745782	0.023285	0.734829	0.091781	0.275733	0.487150	0.306568	0.252010	0.298628	0.716763	0.100644	0.648895	0.169771	0.002194	0.870197	0.561047	0.365757	0.612037	0.848319	0.776266	0.377321	0.167043	0.995877	0.192281	
0.434687	0.630420	0.601086	0.414969	0.494930	0.003884	0.102906	0.981106	0.149264	0.569249	0.296962	0.121635	0.608931	0.358170	0.707731	0.899314	0.459495	0.677749	0.809049	0.831438	0.509880	0.669106	0.400253	0.081448	0.243356	0.547100	0.996213	0.214599	0.957413	0.209952	
0.123221	0.807562	0.639000	0.643297	0.578028	0.752028	0.310056	0.700693	0.071346	0.259826	0.432839	0.855019	0.475662	0.034196	0.642388	0.098219	0.353414	0.348325	0.391092	0.440463	0.466356	0.057028	0.613624	0.486721	0.539862	0.999673	0.553474	0.401752	0.924311	0.462210	
0.680096	0.332309	0.466211	0.025925	0.672256	0.826423	0.658879	0.915024	0.641171	0.957474	0.148293	0.153733	0.811839	0.730903	0.991434	0.302849	0.753542	0.705040	0.315791	0.077056	0.197353	0.126660	0.786929	0.128735	0.443430	0.609133	0.043355	0.293491	0.318352	0.591343	
0.217506	0.981316	0.529349	0.190802	0.417321	0.833188	0.171338	0.470906	0.001531	0.386367	0.685850	0.036685	0.758368	0.584399	0.354569	0.386506	0.069934	0.543124	0.054178	0.444424	0.001785	0.086173	0.237459	0.131390	0.156720	0.683952	0.513258	0.571775	0.050813	0.348345	
0.331917	0.977457	0.102673	0.001135	0.254508	0.628350	0.723171	0.429416	0.271602	0.199622	0.078563	0.270892	0.604211	0.863446	0.998842	0.060405	0.946643	0.732610	0.558444	0.206168	0.179304	0.069246	0.549040	0.863106	0.059468	0.248965	0.946302	0.729852	0.362524	0.205536	
0.805090	0.692124	0.303803	0.801050	0.158478	0.675199	0.841735	0.240258	0.243107	0.211418	0.166091	0.440607	0.980240	0.662905	0.763758	0.704130	0.134382	0.320582	0.820988	0.300432	0.128850	0.317248	0.720077	0.361362	0.660870	0.265760	0.033163	0.939354	0.876826	0.356167	
0.470700	0.209434	0.456551	0.043268	0.651649	0.257004	0.319331	0.751085	0.131759	0.002592	0.685227	0.619589	0.974718	0.731792	0.161203	0.492130	0.148256	0.236985	0.231579	0.882345	0.623952	0.663727	0.713603	0.982691	0.527259	0.637990	0.253635	0.930875	0.816523	0.079898	
0.750627	0.609628	0.273591	0.503690	0.126866	0.388399	0.525385	0.694102	0.466938	0.084349	0.662077	0.206682	0.979918	0.144065	0.800224	0.774166	0.795991	0.449734	0.230408	0.574753	0.339458	0.108093	0.015277	0.103830	0.478989	0.476412	0.910517	0.056778	0.820652	0.686876	
0.424806	0.171727	0.844836	0.290379	0.574884	0.432518	0.828283	0.779185	0.342807	0.325776	0.071193	0.962862	0.485283	0.872145	0.220483	0.926811	0.020063	0.866087	0.719998	0.940143	0.021598	0.209225	0.913273	0.693442	0.871424	0.077876	0.821405	0.924328	0.060378	0.612622	
0.355494	0.926151	0.637971	0.240456	0.948704	0.652852	0.553260	0.820183	0.850486	0.722613	0.532842	0.664528	0.841226	0.660936	0.385329	0.182467	0.812991	0.116380	0.900856	0.808931	0.537435	0.819862	0.323859	0.557229	0.153670	0.896255	0.080330	0.040760	0.149638	0.823161	
0.975254	0.275790	0.114246	0.239207	0.749006	0.864662	0.509922	0.377136	0.324569	0.008126	0.214206	0.164752	0.465164	0.216093	0.907208	0.149769	0.044882	0.670708	0.817728	0.174229	0.958054	0.853175	0.723414	0.301756	0.164676	0.526222	0.214264	0.673419	0.896487	0.294229	
0.928766	0.686157	0.869557	0.132774	0.266780	0.254019	0.345893	0.692809	0.337506	0.117290	0.304448	0.881065	0.334486	0.198140	0.443996	0.034668	0.936367	0.346410	0.077690	0.493209	0.786187	0.569304	0.854423	0.201387	0.256679	0.694112	0.962189	0.079840	0.129661	0.527648	
0.770348	0.946420	0.283140	0.512640	0.772014	0.705300	0.753078	0.690282	0.536718	0.799431	0.210346	0.354524	0.068719	0.469210	0.712343	0.772038	0.559173	0.189406	0.011288	0.203143	0.707895	0.341504	0.183047	0.068474	0.923456	0.513161	0.361447	0.306337	0.302049	0.628547	
0.772405	0.497083	0.119043	0.173890	0.388536	0.913634	0.285476	0.557404	0.286925	0.188287	0.493783	0.344182	0.569134	0.285397	0.426066	0.885576	0.314529	0.530048	0.069149	0.563904	0.080971	0.554115	0.732677	0.834969	0.737397	0.229982	0.724705	0.086410	0.224683	0.165023	
0.285751	0.849220	0.433258	0.033852	0.083206	0.960091	0.075295	0.530624	0.625725	0.827574	0.388850	0.594301	0.631720	0.407395	0.052519	0.507152	0.623018	0.938550	0.735641	0.558683	0.570159	0.983025	0.032980	0.453426	0.879242	0.021826	0.338555	0.381647	0.296839	0.826677	
0.361460	0.687628	0.690202	0.040754	0.598580	0.244690	0.118211	0.814193	0.741364	0.809896	0.548618	0.888697	0.447849	0.857448	0.059386	0.094047	0.017955	0.405325	0.407853	0.134000	0.045517	0.175173	0.606406	0.314919	0.256985	0.968375	0.956537	0.692776	0.127416	0.149075	
0.234349	0.607648	0.024797	0.960460	0.459052	0.439084	0.473151	0.668297	0.603622	0.427326	0.108031	0.666210	0.252773	0.468954	0.909209	0.566991	0.861150	0.395861	0.187613	0.318597	0.450782	0.151235	0.371938	0.003490	0.802748	0.836167	0.826517	0.975347	0.861362	0.459480	
0.062329	0.914129	0.201111	0.809426	0.666312	0.035389	0.885704	0.041028	0.006156	0.233202	0.475334	0.719682	0.571746	0.381142	0.139329	0.203679	0.867094	0.125137	0.427799	0.456929	0.062586	0.211206	0.678942	0.205931	0.296752	0.494001	0.508502	0.073938	0.908713	0.513355	
0.295702	0.249700	0.834843	0.231000	0.309400	0.356754	0.180247	0.320275	0.820194	0.544287	0.965339	0.889032	0.251973	0.554088	0.418049	0.208727	0.784477	0.876547	0.833265	0.881963	0.795476	0.514651	0.806677	0.834913	0.361132	0.743818	0.417489	0.800311	0.595820	0.830147	
0.421841	0.727621	0.497302	0.825639	0.711715	0.473233	0.946318	0.482914	0.822810	0.379867	0.697028	0.510412	0.756535	0.783979	0.665122	0.366224	0.653000	0.293282	0.698012	0.480870	0.826522	0.916917	0.941987	0.525836	0.717659	0.948738	0.029388	0.529203	0.769874	0.138277	
0.927308	0.521960	0.598346	0.730610	0.934162	0.706084	0.165584	0.533524	0.022833	0.872367	0.965063	0.155178	0.280256	0.780373	0.997563	0.485127	0.423152	0.505178	0.822329	0.317856	0.447270	0.517176	0.646942	0.720424	0.110060	0.410267	0.413897	0.069573	0.249826	0.744283	
0.768597	0.172259	0.236498	0.213247	0.913227	0.815319	0.555043	0.973350	0.383195	0.871759	0.286565	0.568378	0.847470	0.394614	0.487898	0.344685	0.368308	0.448244	0.194382	0.663633	0.192594	0.468105	0.811447	0.949622	0.135229	0.687897	0.103407	0.122256	0.894226	0.048173	
0.655768	0.638618	0.909802	0.628882	0.748354	0.211793	0.771467	0.688586	0.121353	0.777555	0.459588	0.678376	0.721726	0.513872	0.317501	0.998075	0.954902	0.997345	0.723556	0.968888	0.918742	0.412859	0.860579	0.273122	0.739652	0.238514	0.516130	0.762235	0.717521	0.853808	
0.838152	0.008291	0.488577	0.657758	0.631864	0.684044	0.807328	0.240814	0.198348	0.649838	0.564614	0.137241	0.805241	0.318600	0.175584	0.557784	0.024292	0.806790	0.571712	0.725003	0.091195	0.754181	0.505950	0.566429	0.508933	0.642298	0.104619	0.154291	0.679016	0.432622	

Printing Matrix C
7.692997	7.379187	7.213649	5.258380	7.064649	6.918599	6.675808	7.906672	4.781129	5.908235	6.967380	6.778246	8.245496	7.385500	6.822201	6.700198	6.571401	7.139044	7.757027	7.517783	5.899256	6.238834	8.047741	7.079808	6.561400	8.383645	6.535680	6.805175	7.640393	5.678561	
8.903431	8.412399	7.108744	4.857832	7.826894	7.421520	7.151104	9.102048	6.188050	6.734131	7.195499	7.383102	7.965225	7.745049	7.830546	7.760057	8.096634	8.614806	8.063583	7.830850	6.480501	7.309299	7.750542	7.526826	6.578547	8.344925	8.581906	6.449570	7.289404	6.204189	
9.280600	9.578007	8.665065	5.597407	9.499438	8.454229	8.542699	10.015579	7.962108	9.005920	8.776468	8.236905	10.025114	9.452578	7.595954	8.351370	9.423294	9.541967	8.236861	8.749881	7.157791	8.997769	9.258406	8.164771	7.979397	9.469850	8.288937	7.822517	7.876484	7.945410	
8.849872	9.756756	7.820786	6.665460	8.589415	7.932237	8.948305	9.355912	6.041353	6.968439	7.836593	7.495328	10.310556	8.923814	8.346152	8.493538	8.122083	8.436128	8.457324	8.247555	7.018924	7.583820	9.096039	7.881727	7.777643	9.743055	8.042149	8.286048	9.885510	6.028140	
9.558443	8.290919	7.494497	5.357332	7.071441	8.321398	8.065873	8.454566	6.257502	6.749188	7.013599	6.174113	9.429294	7.755218	7.825645	8.123600	7.372512	8.440229	7.595358	6.969877	6.085395	7.706849	7.537057	7.284010	7.529581	8.214189	7.485964	7.046723	7.939190	6.494652	
7.263716	8.340008	6.377604	5.629450	6.312281	6.770988	7.737197	7.551015	5.352638	5.897129	5.103126	6.520455	7.690827	6.749697	7.406903	6.438265	7.239211	6.747582	5.904568	5.553221	5.580208	4.921517	7.413394	5.115579	7.041881	7.699753	6.691678	6.058328	7.466828	5.697976	
7.704815	8.551685	7.885775	5.495972	7.909152	7.074914	8.410920	8.447235	6.447920	7.005441	7.247900	7.561118	9.135968	8.287042	7.071838	6.758231	7.772037	8.097567	7.892806	7.488945	5.967299	6.968014	8.456144	7.381220	7.040286	9.022938	7.718698	7.670404	8.189793	6.474001	
9.998555	9.794526	7.865455	6.511380	8.232075	9.806801	8.569489	9.091503	6.872352	7.982138	7.632046	7.817701	9.698097	8.578436	8.678256	7.920975	8.555357	8.533348	7.653143	7.419568	7.168322	8.301817	9.502249	8.122659	8.587181	9.230790	7.321911	7.257365	8.731493	7.309533	
9.081886	8.629388	7.878544	5.477199	7.439201	8.151630	7.348312	9.071304	6.649268	7.007374	7.336026	8.223603	9.081402	7.885167	7.296522	8.195245	7.322705	8.745083	7.553082	7.563814	6.457821	7.502542	8.235002	7.597432	8.432584	8.603616	8.356420	8.036840	8.117811	6.910279	
9.497766	9.023598	7.673736	5.930194	8.059012	8.417607	8.591125	8.977468	5.951002	7.236009	7.653850	6.812569	9.856136	8.145497	8.596997	7.685036	7.900632	7.829130	8.242916	7.134938	6.493754	7.401821	8.693254	7.512660	7.941479	9.118161	7.028164	7.426395	9.127489	6.558422	
7.979965	8.291655	7.083618	5.630977	7.175019	8.205758	7.985836	8.798589	6.421290	6.790094	6.880527	7.731165	9.605550	7.950334	7.487227	7.955744	7.550059	8.742344	7.677048	7.664568	5.520500	6.295724	8.090506	7.238383	7.905900	8.521311	7.564260	8.092430	8.692416	6.654586	
8.198265	8.399419	7.732488	5.792485	7.656942	7.674821	7.274537	8.395580	7.024057	8.120181	7.321054	7.662040	8.491489	7.813035	7.260970	6.024749	7.871041	7.521785	8.325572	6.936211	6.346935	7.530460	8.051949	6.951095	7.304242	9.149344	6.886897	6.876666	7.950466	7.215627	
8.064024	8.309697	7.293575	5.909997	6.575917	7.215613	7.708579	8.290961	6.180929	6.127161	6.495504	7.477891	8.655292	7.518034	7.467974	7.344540	8.123830	8.072348	7.578315	7.653127	7.050587	7.395700	8.129508	7.224234	7.901195	8.166759	7.645170	7.432289	8.688659	6.291114	
9.362753	9.272641	8.128476	5.691213	7.735486	7.663598	8.818259	9.553466	6.455614	7.136134	7.394082	8.255147	10.516979	9.391074	7.591459	8.859443	8.687859	9.174267	8.457391	8.444377	6.285123	7.577174	9.429332	8.587205	8.153297	8.859831	9.097299	9.153878	9.118827	6.193327	
8.314535	9.654041	7.134611	6.522854	8.334975	8.297726	8.393315	8.583080	5.610952	7.013880	6.928339	6.805309	9.268031	8.623875	8.527698	8.052318	7.664846	8.209044	7.862197	7.136910	6.310147	6.956913	8.030326	7.181209	7.315249	9.093137	7.394480	7.566917	9.010622	6.504877	
8.982717	8.958974	7.665231	6.081775	8.125433	8.094879	8.399649	9.062323	5.313554	7.249384	7.074096	7.273983	9.679701	8.198931	8.040130	8.359869	7.625430	8.914074	8.934855	8.182633	6.109216	7.072685	8.350818	7.350300	7.732767	8.191349	7.809774	7.478400	8.762708	6.978736	
8.414444	7.234423	6.291332	5.211615	6.519418	8.267504	7.276339	7.813404	4.239421	6.141307	5.391245	5.725523	9.099543	6.786105	7.255355	6.866631	6.325434	7.618790	6.639882	6.570732	5.099341	5.900007	8.139214	6.444545	6.648828	6.816970	5.714193	6.526377	7.575806	5.509495	
8.381841	8.132751	7.092003	4.567577	6.299599	6.967263	7.065745	7.660644	5.618265	6.399412	6.567614	5.829084	8.605256	7.179803	6.257240	6.659171	6.702724	6.674495	6.270099	6.099716	5.495950	6.593451	6.929016	6.381587	6.446393	7.491387	6.681790	6.178883	6.677021	5.629104	
9.392396	9.537370	7.973548	5.357647	8.282906	9.014927	8.438079	9.873298	7.557405	8.371803	7.405636	7.472390	10.198154	8.605417	8.043692	7.497156	8.629196	8.668366	8.130239	8.015762	6.791312	8.135970	8.648321	7.531973	7.554127	9.493386	7.568091	7.426902	8.066173	6.994843	
6.882221	6.835712	5.776363	4.054812	6.191748	6.659282	6.417561	7.432421	4.702771	5.113580	5.404539	6.160514	7.721734	6.617386	5.761739	6.399772	5.532075	5.895093	5.828744	6.455118	4.363711	5.149517	6.241922	6.025716	6.268400	6.815503	5.642807	5.773923	5.808426	5.180564	
8.201949	8.089157	7.889091	5.355664	6.949325	7.945419	7.730248	8.457706	6.436721	7.450081	6.707320	7.342480	9.263039	7.346101	6.604452	7.638846	7.954642	8.734476	7.153222	7.577553	5.948424	6.942185	8.283454	7.229121	7.871595	7.897845	7.342793	6.345110	7.757340	7.057104	
8.888887	8.374157	7.626261	5.791552	7.636995	7.266844	8.656237	8.042910	5.280027	6.411898	6.790312	7.442813	9.092509	7.995156	7.105978	7.085052	7.477511	6.921333	7.559226	7.367656	6.095466	6.707267	8.745450	7.806231	7.108928	8.242885	6.715353	6.728583	8.235946	6.269155	
6.715616	8.972734	6.569216	5.699482	7.272170	7.461312	6.690939	7.663963	5.785734	7.165072	6.713231	6.703854	7.627617	7.375448	7.168559	6.079787	7.196499	7.121564	6.820540	6.579327	5.289186	5.964990	7.149644	6.170666	6.371115	8.122495	7.311049	6.373181	7.113949	6.676925	
6.845165	6.450683	5.750282	4.505769	5.466209	6.054257	6.027206	6.762112	5.378332	5.613963	5.772862	5.419908	7.383815	6.512773	6.202796	5.611573	6.893021	6.013989	6.033583	5.669286	4.623815	5.478258	6.513731	6.374651	5.592367	6.586222	6.087122	5.320770	6.079906	5.213894	
6.968133	7.492928	6.026701	5.656960	7.150336	6.532984	7.379537	7.483975	5.452957	5.633931	6.122268	6.349601	7.404563	6.080342	7.265648	6.515360	7.239295	6.967906	5.945227	6.307367	6.179162	5.539972	6.938840	5.173280	6.566923	8.302335	6.547139	6.073289	8.370300	5.998919	
5.927443	7.798701	7.030480	5.421093	6.723616	6.252630	6.378347	7.472004	5.769164	6.600241	6.240733	7.017607	7.203891	6.783891	6.405988	5.705431	6.848791	6.670829	6.668677	6.208883	5.724022	5.389121	7.207532	5.687894	6.574667	8.557499	6.115139	5.879205	7.225838	5.844168	
8.270024	7.692161	6.639275	5.540537	7.033542	7.352584	7.719056	8.182114	5.868357	5.969552	6.850336	6.704914	9.634948	7.321783	7.489192	7.229907	7.723227	7.792779	8.642094	8.015282	6.849729	7.668272	7.418036	7.524901	7.022722	8.329607	6.121934	7.472162	9.262862	6.008567	
7.065535	7.797423	5.930561	5.474020	6.450031	6.215483	6.795537	7.174232	4.641179	5.207332	6.146966	6.063163	7.518603	6.607035	6.601516	6.755384	6.866708	6.400794	5.624708	6.335053	5.670175	5.474241	6.857339	5.748812	6.521813	7.632347	6.535415	5.972793	7.159495	5.050387	
8.108910	7.857008	6.599066	4.974007	7.473058	8.042044	6.799862	9.021379	6.050424	6.345374	6.059897	6.824957	8.393259	6.602034	7.826589	7.291793	6.981732	7.926096	6.591442	7.530274	6.472456	6.756232	7.639189	6.429836	6.675837	8.152822	7.245215	6.539390	8.185921	6.383135	
MPI_Wtime measured for total run by process 8 = 0.005270
MPI_Wtime measured for total run by process 14 = 0.005232
MPI_Wtime measured for total run by process 21 = 0.005295
MPI_Wtime measured for total run by process 11 = 0.005286
MPI_Wtime measured for total run by process 17 = 0.005302
MPI_Wtime measured for total run by process 19 = 0.005302
MPI_Wtime measured for total run by process 1 = 0.005243
MPI_Wtime measured for total run by process 2 = 0.005261
MPI_Wtime measured for total run by process 3 = 0.005273
MPI_Wtime measured for total run by process 7 = 0.005260
MPI_Wtime measured for total run by process 9 = 0.005244
MPI_Wtime measured for total run by process 13 = 0.005234
MPI_Wtime measured for total run by process 15 = 0.005293
MPI_Wtime measured for total run by process 16 = 0.005275
MPI_Wtime measured for total run by process 20 = 0.005271
MPI_Wtime measured for total run by process 22 = 0.005255
MPI_Wtime measured for total run by process 24 = 0.005259
7.609011	8.793629	6.936627	6.233938	7.017787	7.148220	9.102788	8.137677	5.937173	6.528550	5.919957	7.184320	9.036627	7.387766	7.733891	7.634790	8.366824	8.025265	7.211820	7.313462	5.837422	5.646991	8.283829	6.099658	7.388189	7.917317	7.659530	7.374777	9.088920	6.665566	
The results Matches
MPI_Wtime measured for total run by process 4 = 0.005279
MPI_Wtime measured for total run by process 5 = 0.005251
MPI_Wtime measured for total run by process 6 = 0.005260
MPI_Wtime measured for total run by process 10 = 0.005245
MPI_Wtime measured for total run by process 12 = 0.005277
MPI_Wtime measured for total run by process 18 = 0.005248
MPI_Wtime measured for total run by process 23 = 0.005239
