MPI_Wtime measured for total run by process 0 = 0.004911
Total time by each process = 0.122240  And Average = 0.004890 , Comm_TIME = 0.000000
Printing Matrix A
0.818696	0.497191	0.241013	0.521053	0.473287	0.323379	0.024273	0.067009	0.836671	0.283781	0.871612	0.764830	0.887910	0.252861	0.442910	0.958421	0.536978	0.948590	0.563853	0.744997	0.760584	0.875693	0.508446	0.712604	0.975227	0.402944	0.257436	0.533248	0.495533	0.210337	0.726183	0.200049	0.624370	0.041152	0.618282	0.225363	0.854525	0.163723	0.043757	0.708088	
0.872713	0.865824	0.278806	0.275495	0.185180	0.712782	0.654589	0.174524	0.061470	0.467181	0.001825	0.058618	0.793599	0.219320	0.098669	0.856341	0.038440	0.101531	0.121237	0.091586	0.862857	0.217780	0.717198	0.796405	0.607980	0.458419	0.956130	0.466154	0.739379	0.587086	0.612882	0.809429	0.165592	0.968569	0.287985	0.593246	0.864522	0.668288	0.203330	0.360388	
0.728279	0.421114	0.335845	0.434138	0.572742	0.913271	0.464651	0.836946	0.633660	0.917073	0.865669	0.072487	0.321344	0.311911	0.205468	0.335984	0.491106	0.618155	0.644366	0.902175	0.073517	0.402732	0.538146	0.168412	0.045192	0.093451	0.595803	0.641052	0.906714	0.441822	0.625262	0.045928	0.534905	0.943319	0.716376	0.396379	0.660939	0.328062	0.038788	0.370891	
0.581959	0.994841	0.630281	0.094910	0.588856	0.649177	0.314539	0.330486	0.359188	0.028715	0.119300	0.865459	0.224204	0.979324	0.689996	0.346972	0.814557	0.449717	0.977707	0.981833	0.081360	0.780681	0.326115	0.245343	0.384973	0.760868	0.699151	0.284511	0.819848	0.186346	0.614050	0.781798	0.875131	0.873445	0.776143	0.419401	0.486288	0.253403	0.311249	0.497706	
0.772804	0.200495	0.884901	0.395310	0.748841	0.214592	0.114974	0.791498	0.227905	0.842943	0.520221	0.861552	0.462426	0.818912	0.613702	0.469897	0.575193	0.858461	0.155398	0.164843	0.835426	0.267130	0.375824	0.940505	0.723571	0.607778	0.045792	0.250302	0.584285	0.281893	0.385833	0.584493	0.422182	0.421120	0.696724	0.481818	0.965396	0.482551	0.807576	0.944949	
0.206504	0.774940	0.022057	0.760514	0.094455	0.804329	0.794198	0.441314	0.831775	0.793959	0.448396	0.060650	0.024726	0.755013	0.966257	0.363450	0.252689	0.425058	0.163631	0.881087	0.227979	0.738375	0.074238	0.238557	0.042122	0.434513	0.308294	0.904310	0.038365	0.165323	0.359284	0.177384	0.667163	0.886719	0.788013	0.088880	0.453222	0.038170	0.006943	0.433473	
0.309243	0.539583	0.363149	0.950557	0.103215	0.406136	0.644653	0.074473	0.185961	0.142609	0.728997	0.989967	0.058744	0.709679	0.304864	0.114753	0.011137	0.231644	0.098229	0.775799	0.298081	0.663944	0.765454	0.254550	0.699608	0.925389	0.628648	0.610824	0.943493	0.753080	0.463654	0.862463	0.522169	0.849077	0.276308	0.821842	0.806812	0.517123	0.224203	0.523681	
0.168831	0.352416	0.364425	0.484872	0.283744	0.556274	0.105786	0.222189	0.512844	0.248353	0.696143	0.363540	0.555981	0.075221	0.652336	0.703995	0.047971	0.618647	0.019651	0.720314	0.341472	0.050793	0.695326	0.075213	0.344249	0.997321	0.393761	0.543347	0.241525	0.729927	0.217469	0.715028	0.490332	0.677837	0.437194	0.813379	0.674740	0.225924	0.137154	0.578235	
0.624703	0.521796	0.936417	0.968207	0.683711	0.071802	0.132055	0.166621	0.120505	0.132371	0.242609	0.336366	0.809921	0.287415	0.863427	0.428478	0.441206	0.506594	0.015417	0.555564	0.172934	0.600307	0.414196	0.927377	0.611386	0.092401	0.005497	0.771345	0.991057	0.762492	0.924410	0.342613	0.141245	0.743239	0.324007	0.855789	0.926169	0.801931	0.223024	0.875067	
0.789055	0.688404	0.396235	0.609969	0.518509	0.241775	0.563432	0.808535	0.433594	0.861339	0.850576	0.254544	0.173223	0.117110	0.785783	0.230656	0.959645	0.369390	0.378809	0.743171	0.351820	0.340237	0.569333	0.619929	0.700545	0.760529	0.198395	0.327866	0.071548	0.767865	0.437153	0.432168	0.917582	0.752678	0.780916	0.193710	0.480794	0.047988	0.682718	0.053054	
0.149185	0.934384	0.828656	0.719198	0.707226	0.757534	0.485584	0.541178	0.991260	0.699558	0.789704	0.904912	0.427214	0.320625	0.620817	0.493195	0.187263	0.117581	0.689829	0.916122	0.323841	0.541434	0.863358	0.212592	0.376467	0.626793	0.805418	0.436669	0.484605	0.342565	0.130973	0.875424	0.263339	0.334154	0.829784	0.350223	0.923932	0.963051	0.974269	0.641908	
0.087794	0.516907	0.800406	0.125844	0.710870	0.390434	0.304169	0.160079	0.258863	0.520676	0.744510	0.242272	0.762556	0.455733	0.380966	0.087560	0.366341	0.361971	0.558043	0.451759	0.956224	0.110756	0.108050	0.827901	0.765069	0.455560	0.219476	0.178022	0.903155	0.718856	0.731395	0.752880	0.410883	0.264484	0.602667	0.237838	0.558435	0.819283	0.619430	0.033399	
0.995761	0.894079	0.186791	0.197269	0.705857	0.374066	0.722540	0.534988	0.241798	0.102348	0.515714	0.403355	0.688781	0.740634	0.869823	0.692710	0.262991	0.080822	0.658891	0.539727	0.194215	0.801999	0.040739	0.050178	0.136459	0.127002	0.492713	0.726323	0.752995	0.489704	0.240989	0.488402	0.769204	0.953763	0.847314	0.792843	0.407283	0.958285	0.931830	0.730559	
0.160990	0.720463	0.387917	0.835196	0.913742	0.763731	0.507315	0.658712	0.821357	0.704614	0.105965	0.710200	0.092299	0.961269	0.676948	0.092418	0.549389	0.491640	0.259666	0.078219	0.651737	0.328140	0.094083	0.435571	0.599327	0.584111	0.637643	0.218539	0.962796	0.754070	0.871637	0.477681	0.659369	0.358333	0.296157	0.092443	0.278502	0.106946	0.407436	0.288024	
0.682703	0.712055	0.166445	0.050287	0.110403	0.768984	0.650845	0.403067	0.215986	0.229249	0.197951	0.460036	0.742276	0.849037	0.109499	0.156475	0.009195	0.112546	0.799124	0.304881	0.967190	0.891567	0.320531	0.928250	0.056033	0.048659	0.479192	0.730437	0.075677	0.371180	0.716534	0.977377	0.396184	0.901370	0.252757	0.104835	0.280117	0.837982	0.291036	0.137164	
0.923731	0.601053	0.694518	0.624391	0.910964	0.955371	0.523226	0.353228	0.022672	0.114718	0.460850	0.495376	0.215956	0.341614	0.099591	0.854061	0.664600	0.426245	0.786605	0.129313	0.046208	0.325067	0.017432	0.488844	0.932894	0.315533	0.823115	0.134709	0.144267	0.546062	0.955100	0.267179	0.855237	0.978818	0.744061	0.339410	0.192814	0.359702	0.342773	0.250350	
0.452108	0.669410	0.376791	0.314293	0.280443	0.764915	0.260477	0.855243	0.725519	0.757556	0.942191	0.259849	0.761445	0.345251	0.468097	0.379884	0.161483	0.195427	0.853414	0.059331	0.370074	0.369399	0.856341	0.746266	0.058703	0.051440	0.600790	0.135900	0.930840	0.466452	0.076752	0.319143	0.895631	0.776508	0.024290	0.882901	0.660086	0.024916	0.476942	0.098286	
0.275005	0.536541	0.461015	0.238029	0.153593	0.790794	0.550817	0.468579	0.624506	0.195492	0.080927	0.043160	0.330693	0.257439	0.839258	0.343281	0.505452	0.990057	0.552263	0.358323	0.932567	0.936200	0.259053	0.929831	0.649868	0.532355	0.203717	0.471808	0.643590	0.342045	0.084972	0.597110	0.565148	0.556891	0.815253	0.823267	0.064331	0.231203	0.164247	0.206942	
0.286358	0.544909	0.314812	0.024484	0.745963	0.441249	0.051855	0.421360	0.625526	0.734415	0.893465	0.188598	0.317148	0.281179	0.580836	0.295509	0.227419	0.357269	0.857135	0.500632	0.748283	0.434034	0.980239	0.417141	0.833644	0.046544	0.709237	0.684905	0.654943	0.507781	0.454205	0.102974	0.643708	0.223854	0.841996	0.103941	0.666366	0.390417	0.393368	0.252371	
0.959113	0.954121	0.534056	0.694736	0.605110	0.424779	0.005807	0.740939	0.987995	0.150357	0.689279	0.420270	0.792272	0.002251	0.618244	0.412652	0.553536	0.245709	0.005800	0.276591	0.142962	0.670224	0.229122	0.798283	0.375956	0.047108	0.202938	0.420881	0.278065	0.180851	0.677754	0.473668	0.960277	0.318882	0.659821	0.576986	0.296843	0.951551	0.658374	0.743082	
0.698473	0.099566	0.257568	0.896622	0.943578	0.431943	0.670975	0.852621	0.624987	0.597329	0.766976	0.087590	0.421526	0.589783	0.788974	0.114230	0.123054	0.388859	0.734242	0.916256	0.362953	0.299152	0.253810	0.665180	0.323276	0.163604	0.436824	0.154070	0.290335	0.938250	0.076717	0.566757	0.266275	0.580394	0.241096	0.678338	0.844849	0.637977	0.129264	0.977455	
0.565666	0.542792	0.392254	0.860841	0.440715	0.761898	0.851570	0.717204	0.284271	0.118362	0.794248	0.129415	0.774190	0.737755	0.070549	0.355995	0.856269	0.638706	0.595649	0.931111	0.298637	0.553797	0.021664	0.268052	0.568599	0.831301	0.183114	0.001943	0.728108	0.860759	0.454907	0.434873	0.115540	0.559699	0.573126	0.747554	0.183819	0.021970	0.572352	0.511418	
0.676435	0.503797	0.303436	0.816854	0.245437	0.830202	0.894367	0.011521	0.338655	0.721096	0.062030	0.783544	0.770002	0.451332	0.095536	0.483304	0.305470	0.631521	0.492840	0.640450	0.125988	0.438622	0.735727	0.030262	0.021362	0.986162	0.220009	0.329241	0.575221	0.332364	0.743324	0.442729	0.802769	0.657700	0.522625	0.033886	0.768802	0.668969	0.922651	0.578910	
0.450589	0.027405	0.334779	0.660608	0.137220	0.580758	0.808639	0.929338	0.097738	0.907017	0.885188	0.268977	0.413411	0.158518	0.637175	0.280074	0.302501	0.758361	0.664125	0.547281	0.411941	0.681889	0.151527	0.831988	0.198265	0.869628	0.679908	0.737442	0.076550	0.429380	0.633389	0.801489	0.016933	0.573170	0.978819	0.482403	0.248491	0.611340	0.775519	0.649282	
0.182333	0.057236	0.657514	0.955559	0.690639	0.447789	0.094393	0.259918	0.809129	0.792385	0.953539	0.178708	0.439080	0.602047	0.233376	0.188382	0.770239	0.277950	0.040297	0.161817	0.618448	0.054965	0.858885	0.824167	0.147970	0.455961	0.891339	0.303538	0.424717	0.545018	0.156913	0.073802	0.979019	0.354906	0.585260	0.750253	0.126330	0.916549	0.120100	0.653227	
0.357267	0.369579	0.743858	0.579026	0.578701	0.826668	0.857445	0.662767	0.252222	0.855781	0.534396	0.041191	0.411253	0.645940	0.698455	0.799424	0.408356	0.304328	0.842119	0.320788	0.007398	0.156433	0.047926	0.701308	0.836872	0.137631	0.163124	0.031994	0.136561	0.105730	0.977101	0.890738	0.074156	0.537670	0.078420	0.337094	0.005913	0.950662	0.312727	0.353988	
0.209058	0.520868	0.670441	0.946559	0.230795	0.642018	0.957442	0.593353	0.727822	0.947872	0.989480	0.892060	0.778493	0.049232	0.494692	0.240819	0.894839	0.075932	0.314548	0.372282	0.074779	0.753239	0.547056	0.063819	0.477614	0.081120	0.296657	0.462486	0.815902	0.166369	0.914939	0.014343	0.168874	0.375058	0.112766	0.028765	0.761641	0.219767	0.128596	0.583574	
0.295277	0.073303	0.637874	0.667083	0.047508	0.764369	0.240639	0.772225	0.868988	0.892936	0.894624	0.169300	0.703706	0.964961	0.672653	0.438512	0.213230	0.559863	0.047605	0.304879	0.060398	0.057561	0.847960	0.710551	0.977070	0.698703	0.525187	0.527958	0.257069	0.061195	0.041455	0.897652	0.011522	0.105788	0.684462	0.154240	0.479915	0.045897	0.041587	0.044823	
0.359933	0.890350	0.611528	0.114014	0.911227	0.798320	0.674915	0.207366	0.153488	0.745564	0.723820	0.582809	0.111605	0.531610	0.385153	0.171849	0.319960	0.630207	0.480507	0.800086	0.919429	0.344417	0.294378	0.280780	0.864937	0.285816	0.926148	0.792493	0.497331	0.190946	0.900536	0.627571	0.424994	0.151984	0.001999	0.297235	0.550477	0.515771	0.193435	0.292721	
0.822896	0.647129	0.447163	0.786798	0.763725	0.826978	0.340538	0.884757	0.712327	0.671032	0.988812	0.635753	0.609920	0.384144	0.948076	0.861727	0.255402	0.520017	0.948478	0.647059	0.284557	0.376463	0.928586	0.390627	0.297962	0.355237	0.029926	0.826062	0.142514	0.443200	0.887071	0.861563	0.813783	0.845038	0.688394	0.474462	0.966134	0.598046	0.112146	0.535632	
0.050331	0.696881	0.881859	0.720103	0.733149	0.114964	0.468230	0.762693	0.358107	0.044273	0.099828	0.019451	0.369661	0.960682	0.606170	0.891914	0.387182	0.736759	0.111738	0.293415	0.620165	0.465107	0.384907	0.370408	0.835530	0.789513	0.933416	0.001321	0.426462	0.784883	0.458315	0.689134	0.265592	0.114539	0.882755	0.222217	0.816334	0.591316	0.915123	0.944253	
0.376406	0.686012	0.542731	0.612899	0.649335	0.001825	0.074580	0.953148	0.116852	0.717501	0.475641	0.502527	0.627042	0.493215	0.055567	0.292819	0.171235	0.741795	0.666164	0.683159	0.752476	0.423150	0.375943	0.167227	0.443985	0.492402	0.824447	0.211601	0.088771	0.993655	0.142285	0.576311	0.265305	0.027485	0.672799	0.246969	0.395629	0.252331	0.046417	0.264367	
0.304286	0.410029	0.751697	0.580222	0.326447	0.984807	0.860351	0.782251	0.879223	0.057126	0.520381	0.977296	0.974214	0.687582	0.649185	0.511034	0.708718	0.082204	0.542695	0.300884	0.236303	0.337874	0.846808	0.222310	0.929861	0.278053	0.583530	0.366252	0.484976	0.578377	0.005783	0.087631	0.010475	0.174918	0.832260	0.422312	0.761493	0.165217	0.880311	0.334333	
0.666961	0.260414	0.867735	0.808237	0.680500	0.486871	0.476024	0.400786	0.744337	0.039669	0.051506	0.645161	0.222166	0.421301	0.197903	0.912648	0.368019	0.115357	0.799729	0.588464	0.310207	0.166513	0.649838	0.272730	0.143002	0.970772	0.774379	0.007506	0.426310	0.099021	0.184441	0.489078	0.184733	0.788215	0.528029	0.464691	0.452015	0.624466	0.198502	0.496027	
0.209595	0.536012	0.082732	0.980519	0.972325	0.133256	0.091210	0.709227	0.226770	0.260404	0.874121	0.593034	0.356299	0.427988	0.114696	0.896305	0.390815	0.308264	0.975835	0.982590	0.368323	0.104927	0.738181	0.735476	0.311597	0.719749	0.720976	0.511853	0.530283	0.632076	0.863856	0.969269	0.960698	0.728218	0.566316	0.884693	0.826654	0.394173	0.803775	0.529785	
0.125529	0.301089	0.562317	0.923779	0.752783	0.737578	0.084236	0.871310	0.984380	0.981467	0.310336	0.485336	0.855781	0.701824	0.009158	0.774927	0.481144	0.981191	0.888958	0.136061	0.460826	0.258381	0.580486	0.589997	0.729220	0.115564	0.437624	0.176546	0.480409	0.952961	0.109980	0.624253	0.803904	0.634585	0.510415	0.334604	0.644285	0.516303	0.722677	0.789638	
0.677764	0.491454	0.506102	0.408793	0.546370	0.476076	0.089642	0.247474	0.705774	0.586408	0.652705	0.187430	0.513997	0.521762	0.810034	0.688572	0.216602	0.603186	0.848025	0.709214	0.373734	0.050745	0.285620	0.356921	0.180279	0.207583	0.864340	0.129974	0.098747	0.615011	0.963136	0.396579	0.483608	0.902442	0.011745	0.726028	0.796947	0.848854	0.074994	0.073961	
0.149104	0.088257	0.676557	0.391781	0.869967	0.684086	0.310375	0.012841	0.080431	0.125616	0.526940	0.477656	0.628418	0.406453	0.532285	0.958684	0.761958	0.694833	0.265172	0.213820	0.093405	0.968242	0.978572	0.197762	0.896366	0.151180	0.175023	0.747193	0.955345	0.506853	0.634060	0.169020	0.512478	0.834534	0.950466	0.912788	0.946260	0.447651	0.862113	0.983834	
0.968792	0.181785	0.763849	0.947255	0.082625	0.206825	0.919645	0.112703	0.239698	0.209773	0.995591	0.234035	0.003591	0.866682	0.327100	0.624183	0.985530	0.439707	0.734946	0.468574	0.841070	0.534256	0.051244	0.192838	0.594197	0.481106	0.525173	0.531637	0.396828	0.394467	0.248835	0.019820	0.824617	0.983745	0.846488	0.377135	0.127717	0.448274	0.558350	0.469903	
0.043724	0.742334	0.666150	0.097660	0.672291	0.786906	0.510776	0.155492	0.266253	0.894957	0.591555	0.800300	0.183483	0.898233	0.889685	0.894380	0.319145	0.502305	0.910685	0.048273	0.092092	0.504102	0.641905	0.938261	0.798830	0.020899	0.105311	0.109657	0.069772	0.030626	0.376027	0.892866	0.561720	0.680468	0.995136	0.055380	0.563920	0.690096	0.219075	0.113983	

Printing Matrix B
0.596903	0.686984	0.108241	0.967006	0.290941	0.838553	0.440070	0.927747	0.032526	0.057827	0.261051	0.686408	0.327759	0.064991	0.940075	0.261606	0.455612	0.777991	0.469643	0.037140	0.068376	0.784857	0.942702	0.345117	0.996385	0.846840	0.167774	0.145346	0.786108	0.938443	0.168758	0.263161	0.148639	0.188223	0.786149	0.378866	0.101056	0.362971	0.876328	0.018984	
0.111032	0.130149	0.399072	0.774339	0.485832	0.911363	0.912831	0.278959	0.215676	0.679752	0.692544	0.856349	0.222341	0.837357	0.927408	0.971382	0.722165	0.317246	0.377025	0.306417	0.804368	0.517446	0.392304	0.778668	0.263586	0.609804	0.517037	0.749729	0.685474	0.838048	0.443427	0.651322	0.910960	0.286829	0.060154	0.150842	0.811026	0.581720	0.464693	0.811310	
0.818807	0.684409	0.887268	0.075223	0.021224	0.185624	0.722700	0.630244	0.805515	0.921645	0.510319	0.730191	0.740775	0.524674	0.672299	0.933746	0.757098	0.826951	0.052293	0.217108	0.815445	0.538169	0.239678	0.171806	0.085485	0.910861	0.165939	0.917148	0.952963	0.112182	0.777806	0.116368	0.664083	0.179271	0.845494	0.789894	0.799110	0.199085	0.496475	0.083980	
0.464342	0.177763	0.635893	0.536995	0.536733	0.214118	0.695105	0.849444	0.273806	0.075565	0.425093	0.780239	0.193521	0.262992	0.350215	0.271955	0.341813	0.444838	0.544628	0.566563	0.631010	0.395899	0.111167	0.685303	0.274058	0.504272	0.626327	0.923355	0.263835	0.509843	0.533318	0.428607	0.231515	0.852838	0.855278	0.857504	0.200082	0.812403	0.498746	0.696222	
0.258574	0.471955	0.485006	0.704749	0.581656	0.362891	0.996390	0.990105	0.664943	0.004048	0.262344	0.006509	0.114955	0.773675	0.316619	0.386506	0.670392	0.460094	0.253771	0.904239	0.379434	0.950400	0.058628	0.603729	0.783448	0.243792	0.469330	0.508218	0.069214	0.197987	0.751790	0.961026	0.442954	0.577580	0.585962	0.532151	0.748948	0.341220	0.423056	0.531147	
0.552727	0.252296	0.025241	0.606342	0.042407	0.480288	0.388822	0.216380	0.862433	0.528500	0.275778	0.413792	0.543201	0.832303	0.699962	0.172761	0.138390	0.274745	0.185572	0.258087	0.685416	0.022177	0.179688	0.906013	0.032516	0.490518	0.495163	0.333020	0.659322	0.004622	0.528773	0.611973	0.602441	0.830794	0.767806	0.015993	0.827255	0.527460	0.276727	0.049065	
0.867986	0.617537	0.443893	0.401514	0.115880	0.462500	0.583519	0.311815	0.961191	0.973974	0.231489	0.182219	0.028137	0.065688	0.143151	0.614107	0.654336	0.374286	0.182201	0.201444	0.181935	0.942734	0.738417	0.951415	0.397159	0.428605	0.915356	0.687393	0.320503	0.248356	0.867833	0.474791	0.094107	0.620398	0.624877	0.574389	0.485786	0.572266	0.771673	0.923811	
0.449070	0.797480	0.963241	0.307918	0.237953	0.747398	0.418737	0.627955	0.071267	0.789151	0.070195	0.502955	0.880663	0.780184	0.598902	0.821167	0.056411	0.412397	0.103519	0.303395	0.276588	0.447258	0.272983	0.208169	0.323566	0.040392	0.360861	0.949743	0.618568	0.893861	0.433921	0.265441	0.333675	0.509984	0.398152	0.778666	0.864172	0.370066	0.301137	0.481403	
0.575556	0.018464	0.065143	0.177941	0.698134	0.901180	0.786830	0.622387	0.844458	0.557700	0.945749	0.917350	0.562290	0.947075	0.865650	0.488130	0.950274	0.377623	0.474801	0.699127	0.627366	0.304989	0.766928	0.534701	0.059747	0.853995	0.428767	0.815417	0.058760	0.854483	0.190971	0.365616	0.849207	0.156662	0.298803	0.496942	0.456096	0.340365	0.729308	0.834409	
0.967468	0.794552	0.459749	0.387291	0.372461	0.442919	0.584388	0.704677	0.551773	0.757602	0.717127	0.776745	0.056475	0.396247	0.992177	0.574838	0.919061	0.355880	0.979359	0.897318	0.984945	0.915252	0.148772	0.002927	0.481267	0.551121	0.015073	0.371618	0.444976	0.857330	0.998522	0.396798	0.801558	0.296392	0.495849	0.132736	0.533947	0.050127	0.667917	0.383263	
0.813583	0.347579	0.262250	0.900204	0.487063	0.144379	0.189702	0.403166	0.293855	0.772176	0.893268	0.270498	0.952900	0.109932	0.373679	0.770002	0.427579	0.015919	0.836779	0.397055	0.673656	0.809426	0.082612	0.854617	0.912150	0.166171	0.531705	0.232632	0.757294	0.105422	0.835760	0.318236	0.993005	0.953168	0.250276	0.153625	0.891657	0.787290	0.175643	0.350736	
0.268701	0.893212	0.953576	0.285011	0.468409	0.841843	0.265858	0.567508	0.494234	0.088647	0.870899	0.668443	0.205323	0.736824	0.097640	0.468760	0.604467	0.166747	0.487815	0.268913	0.842193	0.260393	0.270836	0.366913	0.348577	0.509580	0.697832	0.982032	0.633755	0.284121	0.806416	0.097736	0.114852	0.968925	0.716242	0.558891	0.348594	0.666485	0.647184	0.384499	
0.488959	0.215237	0.072102	0.089945	0.916125	0.437252	0.126946	0.133423	0.799472	0.844464	0.340186	0.074149	0.222639	0.308211	0.774033	0.865584	0.586789	0.449782	0.278090	0.364748	0.913793	0.916755	0.336988	0.282537	0.152527	0.652174	0.530357	0.181494	0.466957	0.622818	0.182415	0.503981	0.569224	0.428095	0.493490	0.041529	0.594842	0.448022	0.008463	0.068289	
0.857561	0.653703	0.446785	0.140913	0.324901	0.154732	0.252133	0.276519	0.612475	0.668671	0.497457	0.513247	0.668485	0.024129	0.691828	0.837937	0.812881	0.937306	0.326836	0.173408	0.841950	0.159052	0.986852	0.915440	0.140186	0.705292	0.294311	0.729942	0.179809	0.639743	0.846488	0.421026	0.969321	0.919035	0.436552	0.947894	0.420583	0.372584	0.542517	0.006763	
0.872134	0.320345	0.930594	0.129241	0.804357	0.982040	0.246665	0.310214	0.761399	0.512143	0.321693	0.476453	0.566982	0.149712	0.137061	0.792201	0.868530	0.175640	0.162833	0.909527	0.073865	0.618035	0.294634	0.536516	0.157499	0.253984	0.508695	0.221468	0.579474	0.185176	0.527655	0.725730	0.089924	0.195308	0.206251	0.219947	0.996402	0.600647	0.766232	0.347069	
0.185823	0.402923	0.331490	0.770195	0.995571	0.627499	0.932748	0.919410	0.254598	0.275429	0.219553	0.740966	0.333358	0.506992	0.478777	0.023322	0.455114	0.359118	0.050637	0.697569	0.084684	0.569434	0.678295	0.040104	0.603562	0.393743	0.810909	0.039070	0.476323	0.243858	0.400123	0.619700	0.693425	0.641842	0.108130	0.790269	0.664478	0.210246	0.848546	0.275667	
0.565882	0.275222	0.804119	0.521058	0.860355	0.235543	0.032095	0.115715	0.834061	0.469580	0.096967	0.135005	0.619551	0.104218	0.595601	0.920205	0.049294	0.538273	0.509720	0.133856	0.824246	0.630552	0.224642	0.581860	0.503823	0.000895	0.311289	0.362234	0.481151	0.398938	0.846336	0.238235	0.514570	0.749044	0.835839	0.394364	0.252300	0.516426	0.771182	0.535646	
0.149726	0.875795	0.672441	0.391856	0.704481	0.230345	0.109936	0.446448	0.245088	0.648796	0.078393	0.741013	0.068075	0.807635	0.355725	0.114262	0.879822	0.966467	0.228086	0.705856	0.149117	0.483384	0.404780	0.883559	0.125324	0.730795	0.575514	0.534409	0.729247	0.482847	0.685326	0.590424	0.587167	0.117411	0.915214	0.747820	0.759467	0.323383	0.161035	0.814114	
0.739297	0.490075	0.016717	0.958401	0.366529	0.830936	0.038359	0.617003	0.978251	0.440779	0.557681	0.957796	0.419801	0.481395	0.488122	0.867194	0.840418	0.542230	0.381753	0.603098	0.941881	0.800138	0.855393	0.605765	0.151556	0.727109	0.235142	0.026386	0.966084	0.235779	0.803290	0.681624	0.460243	0.500843	0.724486	0.590279	0.537974	0.646606	0.807558	0.227012	
0.298914	0.668351	0.639026	0.188999	0.202517	0.059315	0.527752	0.649515	0.964793	0.829991	0.254298	0.355645	0.810687	0.185640	0.254622	0.577358	0.366774	0.087592	0.940445	0.610910	0.701370	0.148768	0.411163	0.217117	0.948640	0.065235	0.467378	0.995210	0.423132	0.896310	0.593503	0.231289	0.719376	0.966077	0.595473	0.802782	0.247211	0.525965	0.749833	0.034330	
0.790190	0.901411	0.520446	0.535633	0.077472	0.621332	0.905611	0.631252	0.171503	0.284808	0.174315	0.063818	0.039141	0.079900	0.332864	0.487447	0.213796	0.380622	0.285480	0.677821	0.348199	0.033928	0.151774	0.878796	0.262509	0.090252	0.251194	0.858350	0.743853	0.079309	0.052480	0.199771	0.955616	0.000517	0.496650	0.604049	0.977490	0.098658	0.303157	0.452540	
0.141059	0.002491	0.696862	0.682589	0.799090	0.517432	0.328655	0.117845	0.297598	0.525367	0.796700	0.639096	0.767392	0.903454	0.715210	0.636216	0.898787	0.248522	0.499547	0.036364	0.693009	0.150207	0.271001	0.305935	0.386414	0.362846	0.960716	0.957305	0.739698	0.798658	0.216754	0.311176	0.073580	0.711190	0.490810	0.871763	0.301351	0.205483	0.290022	0.140951	
0.342719	0.859550	0.505739	0.031544	0.677613	0.700344	0.265075	0.009907	0.571220	0.911781	0.468651	0.245849	0.805514	0.342353	0.962751	0.771972	0.987101	0.608906	0.448375	0.738277	0.470652	0.020355	0.450143	0.074381	0.751358	0.083392	0.769707	0.990010	0.780574	0.670758	0.815668	0.048794	0.074250	0.295609	0.298150	0.648614	0.472508	0.504529	0.699230	0.944013	
0.565073	0.670597	0.356646	0.910001	0.992972	0.880544	0.023487	0.611408	0.587038	0.620363	0.940903	0.653990	0.937945	0.336061	0.737428	0.087764	0.307479	0.637280	0.418969	0.801345	0.128040	0.220580	0.611227	0.249265	0.739005	0.083453	0.138604	0.093319	0.895961	0.713725	0.709454	0.935890	0.559850	0.681058	0.120451	0.390760	0.164292	0.400018	0.443328	0.973784	
0.518910	0.862241	0.794679	0.734064	0.384939	0.324028	0.249278	0.111326	0.833088	0.787948	0.274788	0.202029	0.790048	0.214599	0.251329	0.415709	0.245619	0.427753	0.233509	0.730937	0.609606	0.712841	0.314882	0.668013	0.616552	0.101508	0.634669	0.330420	0.905584	0.658093	0.733401	0.927152	0.351752	0.019317	0.516723	0.203708	0.805218	0.985214	0.740715	0.268070	
0.109188	0.248606	0.673116	0.168575	0.124044	0.735614	0.900470	0.836464	0.017672	0.837483	0.606035	0.660726	0.957739	0.531353	0.299167	0.055722	0.169002	0.152213	0.883354	0.420819	0.147456	0.864843	0.819200	0.300148	0.557089	0.371268	0.178822	0.574377	0.677934	0.835016	0.905153	0.385457	0.195066	0.916274	0.858457	0.085818	0.493527	0.053839	0.651969	0.149599	
0.491619	0.372182	0.552861	0.807002	0.052289	0.207896	0.532756	0.031598	0.131022	0.806242	0.284966	0.995393	0.842722	0.091220	0.403220	0.703750	0.761687	0.565280	0.022491	0.545343	0.014300	0.032221	0.346592	0.274878	0.011691	0.467093	0.973180	0.075149	0.511719	0.310593	0.407188	0.809778	0.090275	0.483422	0.747340	0.187546	0.782005	0.308697	0.283586	0.606210	
0.664694	0.591934	0.535790	0.453776	0.833452	0.962447	0.778712	0.409513	0.147284	0.981754	0.921701	0.656265	0.389067	0.832302	0.548536	0.967930	0.511815	0.851103	0.226946	0.095113	0.069248	0.301037	0.829786	0.716948	0.603486	0.871694	0.868002	0.228893	0.492919	0.929722	0.499707	0.254684	0.457516	0.059127	0.410667	0.744860	0.211801	0.327875	0.756447	0.018657	
0.743526	0.885121	0.418308	0.868598	0.175208	0.952682	0.695972	0.686437	0.313154	0.837950	0.899804	0.203735	0.628706	0.153192	0.576434	0.745086	0.062199	0.931488	0.744221	0.391735	0.598406	0.594344	0.551783	0.447866	0.026344	0.588757	0.868625	0.037753	0.324103	0.882484	0.362795	0.220496	0.257778	0.905501	0.952070	0.921428	0.641652	0.844855	0.796552	0.058372	
0.578537	0.749044	0.439622	0.944494	0.977743	0.664261	0.454549	0.765531	0.036741	0.714325	0.968267	0.539288	0.151524	0.803355	0.676865	0.770972	0.508856	0.702565	0.306814	0.712202	0.474037	0.625095	0.261220	0.640912	0.061659	0.286774	0.990990	0.639846	0.210206	0.090591	0.304927	0.142473	0.381579	0.762260	0.492097	0.972951	0.850925	0.894720	0.988673	0.410107	
0.890869	0.080257	0.522943	0.024374	0.163303	0.620220	0.976527	0.282013	0.607731	0.046500	0.518735	0.065962	0.617497	0.481806	0.496313	0.656502	0.588795	0.269041	0.456862	0.844887	0.408379	0.088396	0.227799	0.743013	0.414681	0.935359	0.808965	0.303077	0.962002	0.032632	0.676797	0.845498	0.425893	0.377330	0.407954	0.502920	0.687324	0.201240	0.961724	0.750654	
0.733767	0.309822	0.687333	0.969193	0.397782	0.107651	0.690959	0.340171	0.067687	0.999606	0.939719	0.291975	0.093843	0.542165	0.437468	0.431973	0.978831	0.713966	0.354694	0.315500	0.684984	0.827056	0.376298	0.492795	0.884728	0.919627	0.994928	0.451489	0.704816	0.144338	0.286474	0.313519	0.318105	0.931470	0.710644	0.425275	0.670119	0.771572	0.419558	0.490403	
0.756769	0.128733	0.621631	0.840469	0.573877	0.468732	0.561117	0.125656	0.809736	0.552021	0.304095	0.916010	0.229627	0.020632	0.951949	0.953471	0.921064	0.460416	0.662426	0.869142	0.285691	0.096653	0.120125	0.726031	0.279435	0.450242	0.255349	0.557745	0.053834	0.134161	0.089411	0.714502	0.169835	0.553170	0.475802	0.068563	0.760186	0.608302	0.387526	0.810172	
0.612385	0.250492	0.626666	0.352711	0.386613	0.686284	0.574502	0.486499	0.575703	0.576597	0.461980	0.812999	0.810377	0.102476	0.755634	0.864865	0.173063	0.235754	0.923593	0.480229	0.075336	0.786231	0.567298	0.394175	0.312399	0.194507	0.615933	0.996545	0.428807	0.624214	0.011670	0.552461	0.604435	0.984462	0.376679	0.838235	0.631204	0.101852	0.897196	0.341504	
0.466800	0.983974	0.543518	0.509043	0.079540	0.156767	0.622335	0.275943	0.497442	0.754798	0.725095	0.326136	0.217500	0.554801	0.924015	0.324291	0.432317	0.473547	0.288783	0.948160	0.115846	0.459533	0.814155	0.964951	0.995880	0.185718	0.312783	0.077275	0.939841	0.644978	0.528381	0.254671	0.277533	0.936533	0.710808	0.934639	0.989620	0.564835	0.129649	0.115371	
0.249534	0.846505	0.812942	0.092600	0.555855	0.616640	0.706847	0.044934	0.599528	0.550697	0.866160	0.136990	0.879509	0.659556	0.231610	0.134687	0.076016	0.043461	0.904971	0.641742	0.873639	0.545062	0.129692	0.564867	0.571464	0.039556	0.600900	0.293405	0.878370	0.489566	0.727888	0.591124	0.605444	0.692862	0.770646	0.971241	0.592985	0.224772	0.106300	0.451897	
0.905202	0.115388	0.668000	0.986510	0.361754	0.656350	0.100329	0.893545	0.882059	0.216189	0.921012	0.296990	0.703734	0.236674	0.311400	0.487798	0.180025	0.722704	0.011980	0.394395	0.185291	0.463375	0.298220	0.991394	0.943328	0.832984	0.395014	0.378337	0.651736	0.908781	0.303583	0.179738	0.999766	0.331633	0.611656	0.385479	0.776774	0.082567	0.205775	0.255272	
0.281544	0.013444	0.218231	0.775305	0.006792	0.833103	0.080666	0.793983	0.915284	0.092177	0.851644	0.323887	0.326510	0.703412	0.480414	0.681389	0.046941	0.438515	0.086613	0.135138	0.897906	0.403780	0.981083	0.059003	0.323378	0.423306	0.628835	0.803441	0.153646	0.487631	0.465537	0.396018	0.863853	0.777650	0.048354	0.043871	0.881030	0.924831	0.645414	0.758479	
0.135014	0.143814	0.928978	0.719194	0.454108	0.716685	0.375845	0.432123	0.947237	0.190164	0.122561	0.941850	0.681687	0.865703	0.850516	0.295892	0.805968	0.749379	0.386962	0.817571	0.675399	0.760715	0.646959	0.290942	0.402611	0.589787	0.715141	0.528763	0.398319	0.723928	0.018649	0.234366	0.459527	0.559564	0.452318	0.687558	0.911391	0.178961	0.641112	0.152547	
0.951009	0.568896	0.273971	0.062978	0.492127	0.921126	0.806726	0.335394	0.139236	0.112741	0.272092	0.719272	0.248573	0.741833	0.368137	0.933409	0.636714	0.985295	0.599965	0.582976	0.835179	0.602868	0.659593	0.908158	0.833219	0.390385	0.821198	0.288793	0.007890	0.959457	0.925006	0.695172	0.395171	0.472405	0.728741	0.087228	0.559482	0.205826	0.628358	0.017905	

Printing Matrix C
11.264845	10.193778	10.333146	11.204345	10.650676	11.764945	10.077863	10.010853	10.651304	10.928450	10.983915	10.462085	10.138539	9.298935	11.329214	11.515775	11.243645	10.078450	8.721501	11.122894	10.319770	9.812955	9.087113	11.648152	10.271644	9.604357	11.210379	9.708440	12.229859	11.267928	11.114583	9.773629	10.491764	10.755453	11.271751	10.267544	12.390875	9.323567	11.122535	8.166661	
10.466489	9.084440	9.016408	10.823945	8.008545	11.290897	10.059401	8.933958	8.846180	10.778878	10.220544	9.160258	9.116713	7.782005	10.839954	10.428995	8.953849	9.513879	7.230831	9.264617	8.418731	9.296000	8.801116	9.580924	8.529169	8.778157	11.066959	8.697417	10.937760	9.936570	8.901257	8.865217	9.307784	10.148358	9.802209	9.125128	11.871287	7.993928	10.462156	7.835561	
11.280621	9.639738	9.397112	10.313693	8.248913	10.733225	9.789237	9.510739	10.237398	11.356096	10.228883	10.118601	9.971939	8.565220	11.587372	11.980139	9.834499	9.356094	8.890541	9.911667	9.495957	9.567129	8.543405	10.576065	8.785325	8.845702	10.414399	9.573473	10.551147	10.716603	10.412111	8.590963	9.888333	11.324657	10.907788	10.431633	11.962015	8.523663	10.798289	7.545042	
11.444454	9.987836	11.683704	11.118981	8.972656	11.817285	10.752124	9.441289	11.520465	12.158636	11.076216	11.522341	11.096873	9.411435	11.879787	13.151077	11.728732	10.377522	9.308476	10.380764	10.963202	10.216227	10.072769	11.703597	9.298539	10.046857	11.617084	10.954675	12.062292	11.117577	11.456777	9.900083	9.747265	13.155172	12.331368	11.265094	12.999809	9.633287	12.130740	7.799448	
12.328884	11.697148	12.334264	11.125201	9.788458	12.281749	10.408887	11.123462	10.957788	11.277183	11.130178	10.828206	10.601144	9.748854	11.896517	11.914680	11.096602	11.580478	8.887222	11.506659	10.930756	11.359573	9.586890	11.551829	10.583383	9.725614	10.740099	10.827460	12.320706	11.845261	12.034994	9.532275	11.035971	11.753428	12.135599	11.157205	13.761997	8.952978	11.446419	8.143091	
9.838788	7.330979	8.729260	8.001127	7.667675	9.306306	9.072267	7.651214	8.792609	10.120566	8.804502	9.690333	8.135305	7.457659	9.681039	10.241543	9.470562	7.393029	7.611369	8.638681	7.544398	7.692129	7.823312	10.081726	7.377622	7.675978	8.979527	9.197098	8.586316	9.491089	8.881247	7.815333	8.461489	9.707739	8.636388	8.770219	10.041328	7.002546	9.410591	6.714101	
10.952536	9.865407	11.300650	10.499391	8.384362	11.143722	10.384724	9.252665	9.598130	11.807212	12.016620	10.111524	10.660468	8.541339	10.129689	11.678508	10.066122	9.472666	9.422520	9.552926	10.190741	9.442832	8.840828	11.091304	9.275487	9.024069	12.382482	11.271930	10.987658	10.682393	10.860524	8.370178	9.095570	12.769531	11.466554	10.947263	11.985056	9.725583	11.331712	7.888338	
8.977452	8.244948	9.196061	8.214844	8.132828	9.443619	9.235692	8.152913	8.059227	10.225514	9.377222	8.662274	8.689349	7.960868	8.854365	9.343281	8.760958	7.705977	7.688110	9.310260	7.960102	8.629740	7.163441	9.154949	8.159658	7.397467	9.841834	8.746761	9.369804	8.718894	8.963194	7.444180	8.416746	9.907224	9.384618	8.604552	11.046252	7.451927	9.055879	6.595141	
11.352675	9.780781	11.058646	10.208065	10.184012	12.107800	10.176781	10.144944	10.491722	10.489193	11.503636	9.448632	10.244683	9.237431	10.777016	12.052966	9.716378	10.611743	8.377089	10.306209	10.245060	10.275148	8.728042	10.679869	9.495523	9.363046	11.794002	10.010912	11.209067	11.151253	10.684411	9.380925	9.905180	11.134009	10.926237	11.222230	12.133250	9.274332	11.531348	7.840472	
11.129076	9.768678	11.430690	10.978211	9.512523	10.912571	9.838572	9.703917	10.546332	11.774902	10.064194	10.623642	10.274623	8.400650	11.819296	11.818347	10.658528	9.069071	9.225471	11.103802	9.338478	10.818833	8.376564	10.658236	9.917658	8.083800	10.011139	10.577623	11.504994	10.604158	10.734266	8.902804	9.391740	11.327140	10.698214	10.122790	12.539652	9.155272	11.576868	8.669477	
12.372614	10.675614	12.377887	12.356676	9.770966	13.173027	11.899132	11.489724	12.851328	13.226228	13.120787	12.616431	11.707181	11.683107	12.951212	13.744147	13.054640	11.005944	9.507014	12.011247	12.857352	11.675694	10.598862	11.905436	10.761018	10.924383	13.167074	12.734089	12.658100	12.525904	12.605093	9.834672	11.765973	13.710121	12.494606	11.595988	15.143202	10.806432	12.578816	9.280417	
10.709581	9.150655	9.538863	10.564434	7.694081	9.962283	8.997621	9.142807	10.339255	10.684970	10.411091	8.232169	8.930167	7.992548	10.194358	10.837110	9.290397	9.202250	7.467062	10.020116	9.997624	9.699884	7.862639	10.071974	7.996885	8.460565	9.631329	8.822169	10.704486	8.614158	9.714157	8.467067	10.050291	10.437349	9.848348	9.086915	12.600385	8.934910	9.879561	7.436305	
11.383073	9.570517	10.841511	11.822198	9.545280	12.774003	10.810682	9.897115	11.148183	11.288716	11.115661	11.209107	10.068538	9.763171	12.103692	13.208090	11.207613	10.362915	8.771494	10.193541	10.592986	11.336096	10.634192	11.479759	9.613664	9.736887	12.390992	10.227576	10.818889	11.460178	10.048200	9.708723	10.043818	12.755621	11.025064	11.287638	13.572674	9.730013	11.853448	7.424477	
11.227641	9.415943	10.673860	10.132626	8.402389	10.996905	10.625924	9.444961	9.824848	10.619401	10.072445	10.175544	9.036028	8.933992	10.762068	11.447035	10.635232	9.760046	7.981451	10.491134	9.875127	9.266493	7.969557	11.227010	6.989220	9.242096	10.626767	10.357900	9.919385	9.461980	10.543451	9.366126	9.146911	10.992773	11.027561	10.104618	12.433308	8.986598	11.178688	8.504100	
9.957670	7.755490	8.080177	9.873829	7.463513	10.313094	8.253758	7.770613	8.909993	9.838410	9.751609	9.019352	8.118933	7.856352	10.395049	10.733702	9.543832	8.575321	6.669771	7.688712	8.797067	7.739135	8.689571	9.334456	7.324119	8.659683	9.824041	9.284867	10.146501	8.617549	8.083540	7.981591	8.873406	9.990726	8.518134	8.778393	10.444207	7.642966	9.498802	7.201088	
10.275630	8.886957	9.817742	11.205032	8.170227	10.029331	9.843956	9.011191	10.203044	9.759268	8.991117	10.308892	9.371084	8.347556	10.839339	10.720402	9.669234	9.078458	7.465398	9.956752	8.929604	9.804496	8.319936	10.654069	8.416321	8.671459	10.424644	8.877272	11.155288	8.395876	10.222584	10.094957	8.679888	11.286354	10.807817	9.648482	12.161631	8.899726	10.946891	7.853950	
10.700847	8.919588	9.099686	10.442299	8.986125	11.235939	8.651253	8.425065	9.900359	11.141193	10.359288	10.161069	10.073909	7.988624	11.476408	11.408054	10.058974	8.783954	8.379292	9.828458	9.715674	9.271197	7.503396	9.428067	7.369375	8.230653	9.739561	8.992107	10.440917	9.648770	9.169073	8.433199	9.454272	10.444765	9.655981	9.384068	11.882321	8.227146	9.542851	7.989019	
9.810479	9.616785	9.962009	9.693824	8.756826	10.591036	9.128574	7.938978	9.502780	11.439179	9.631203	9.446701	9.205270	8.683222	10.341862	10.061033	9.552019	8.883833	7.643446	9.732874	8.663670	8.766342	8.313152	10.384370	7.547558	7.625922	9.844275	9.177239	11.191598	9.495438	9.397819	8.786204	8.688221	9.992644	10.291329	10.102911	11.703494	8.255446	9.540204	7.724701	
10.719032	9.644095	9.324329	10.565679	8.438150	10.651342	8.993459	8.548727	10.117110	10.906530	10.112615	9.388708	9.472038	8.283765	10.985758	11.615743	10.474354	9.172476	7.489894	10.705148	9.188652	8.713977	8.027225	10.182175	8.581346	8.048424	9.956148	8.734099	10.768802	9.697757	9.913306	8.568652	9.462841	9.377983	9.496609	9.281018	12.484032	8.685612	10.118765	7.595266	
10.283097	8.115248	10.024762	10.534245	9.651497	11.764319	9.940926	9.152049	10.275958	9.820024	10.540012	10.394675	9.647326	9.830657	11.878120	11.583247	10.362484	9.316991	8.080167	10.028212	10.218100	9.583995	8.577346	10.149930	9.238609	9.026997	10.553329	9.870189	10.505990	10.685902	9.432843	9.320222	9.602286	10.699122	9.748355	9.132029	12.218034	9.130187	10.278156	8.558257	
11.721813	9.808417	9.846711	10.659919	9.045093	11.005662	9.407039	10.459282	10.370385	10.649641	10.484837	9.946483	9.641504	8.654999	10.233414	11.584859	10.185874	9.700712	8.449530	10.456672	10.117715	10.592153	8.658996	10.920340	9.405578	8.370946	10.657452	10.198541	9.931613	10.501828	10.820775	9.256659	10.007221	11.534563	10.807638	10.273488	12.189702	9.233225	10.771453	7.959333	
10.446283	9.836174	10.294397	10.207336	8.718511	10.021159	9.898411	9.335957	10.085135	11.609856	9.629062	9.512903	10.168342	8.791324	10.629717	11.112425	9.351536	9.382970	9.083580	9.588487	10.692885	10.858999	8.720924	11.347206	8.704059	8.330290	10.955019	10.126408	10.991502	10.336166	10.925544	8.788333	9.663497	12.622214	11.894420	11.108324	12.002465	9.278450	10.751002	7.105500	
10.610270	8.696789	10.032867	10.021080	8.291602	11.335830	10.095198	9.802571	10.955876	10.531372	10.104158	10.811488	8.872053	9.105982	11.543915	11.210741	10.976772	9.912731	8.814317	9.902179	10.267534	10.073405	9.635960	10.506154	8.776682	10.222769	11.114003	10.692339	10.292998	10.783416	10.419311	8.387223	9.125043	11.958441	11.474439	9.787770	11.837333	8.547413	11.477609	7.820212	
11.423980	10.191579	11.095988	10.655836	8.797453	11.203102	9.937665	9.786670	9.911933	12.083343	10.797949	10.896497	10.361919	9.770145	11.041561	11.250961	10.683662	9.697504	8.811731	10.639759	9.732940	10.886412	9.587045	10.777555	9.859420	8.997293	11.359491	9.842284	12.243438	10.796371	11.518920	9.276081	9.494591	12.220537	11.441293	10.561785	12.848093	8.769038	10.892722	8.025752	
10.579862	9.076935	9.252637	9.324198	8.546647	9.788422	9.247123	8.586453	9.640864	10.355770	10.106259	9.522125	9.422757	7.759207	10.900116	11.017999	9.524905	9.070941	8.385164	10.231981	9.789982	8.474724	7.669017	9.585757	7.994387	7.343999	9.401079	9.491018	9.153443	9.147912	10.505326	8.476528	9.494845	10.824492	9.986821	8.919665	11.517802	8.473546	9.496837	8.609591	
10.543569	8.090119	8.887171	9.311749	7.535754	9.513955	8.664973	8.679473	10.433911	9.798152	8.777579	8.807962	8.697190	7.930688	9.541690	10.175544	9.449336	8.303012	6.901165	9.133513	9.880234	9.938317	8.093843	8.998569	7.688437	8.406829	9.558248	8.537705	10.206792	8.045243	10.596486	9.421906	9.208631	10.215860	9.080940	8.434924	11.338369	8.497266	10.499452	7.638245	
11.192740	8.267609	9.650106	8.849473	8.378491	10.459985	8.984565	8.489179	10.393630	10.328766	9.952302	9.003788	9.242090	8.095126	10.052349	12.008069	9.707542	8.333250	8.055413	8.655025	10.498323	9.417813	7.112762	9.960311	7.795162	8.773897	10.589784	9.826983	10.064601	9.754948	10.729866	7.811780	8.868416	10.286756	10.241299	8.922205	10.913157	8.571312	10.550440	7.582619	
10.104402	9.143910	9.103590	8.338545	7.944324	8.575705	7.940884	7.837967	8.790021	11.768651	9.466429	8.799012	9.546147	7.355970	9.928416	9.428976	9.590215	8.625815	6.886648	8.972955	8.579014	8.695361	7.836750	8.957658	8.068691	8.022870	8.794445	8.397766	10.351854	9.577226	10.239480	7.627392	8.782223	9.476404	9.366156	8.434853	10.695998	8.048641	8.767537	6.778830	
11.203993	9.720027	10.250967	10.596863	7.601683	10.342259	10.266527	8.961689	10.244139	11.112290	9.990274	9.325542	9.262445	8.523525	9.898373	11.687581	10.588581	9.313134	7.729785	9.753454	10.047191	9.136726	7.858743	11.067254	8.595339	9.287053	10.870534	9.800745	11.207392	9.170844	11.124564	9.443422	10.110467	10.032569	10.660721	9.088177	12.497919	8.773243	10.659426	8.066565	
13.907605	11.289542	12.314525	12.701475	11.525320	14.111958	12.216621	12.120646	12.798403	13.198640	13.191716	12.552658	11.713300	11.315149	13.740007	14.455363	13.317584	11.295584	10.178354	12.793720	11.985545	12.264229	10.707482	13.211653	11.840402	11.508520	13.090417	12.387438	13.815251	12.324865	13.020389	11.083220	12.166251	13.620083	12.571909	12.272623	15.224225	11.044352	13.549666	10.016585	
10.927182	9.997411	11.828168	10.818672	9.007488	10.899791	10.995460	10.016967	10.099843	11.456883	9.943758	10.706556	10.183056	9.790048	11.033874	11.665995	11.172828	11.259356	7.029762	11.228622	9.911820	10.353616	9.523433	11.410983	9.029646	9.314911	11.918212	10.675496	11.022579	10.764412	10.989088	9.654607	10.071043	11.427547	11.372272	11.148358	14.140064	9.034910	10.966422	8.302365	
MPI_Wtime measured for total run by process 23 = 0.004844
MPI_Wtime measured for total run by process 6 = 0.004868
MPI_Wtime measured for total run by process 11 = 0.004872
MPI_Wtime measured for total run by process 1 = 0.004882
MPI_Wtime measured for total run by process 12 = 0.004870
MPI_Wtime measured for total run by process 9 = 0.004888
MPI_Wtime measured for total run by process 7 = 0.004871
MPI_Wtime measured for total run by process 14 = 0.004844
MPI_Wtime measured for total run by process 17 = 0.004897
MPI_Wtime measured for total run by process 19 = 0.004884
MPI_Wtime measured for total run by process 22 = 0.004920
8.890417	9.383837	9.209657	9.261267	7.493648	8.485819	8.580929	8.604540	7.426056	10.112574	8.775895	8.922395	7.631373	8.021505	9.362857	10.076830	9.423790	8.450805	6.721483	8.970635	8.854760	8.562946	6.909928	8.875290	7.529516	7.448856	8.996737	9.213651	9.769950	8.751039	9.306067	7.279197	8.444541	9.376078	9.660101	9.210508	10.994212	7.794118	8.526901	6.791938	
10.957423	10.274482	10.877731	10.031543	9.266062	11.368874	9.134221	8.935444	11.806073	11.873014	10.262443	10.107279	10.639465	9.460567	11.185272	11.941057	10.544798	9.902759	7.234952	9.960230	10.818474	10.156875	9.189230	11.082984	8.413251	8.900057	11.410039	10.441785	11.407780	10.594859	11.058475	8.411526	9.516985	11.412296	11.306069	10.762849	12.906280	9.705038	10.894050	7.479630	
9.215086	8.470619	9.138153	8.972709	7.119575	10.066930	9.709794	9.554611	9.372306	9.449359	9.072782	9.843475	9.228822	7.985031	9.562509	9.697020	9.061312	8.551219	7.338959	8.852928	8.772859	8.990554	8.912201	8.610034	8.001771	8.212239	9.563699	9.648425	9.732637	9.233305	9.745854	7.930116	8.314848	10.935580	10.392676	9.632112	10.639149	7.627292	10.325378	7.068818	
12.053494	10.791813	12.381509	12.822269	10.670011	12.558364	12.006260	11.396501	11.513170	12.241712	12.348258	11.859651	11.822992	10.220663	12.277499	12.929472	11.797478	10.814511	10.363676	12.872434	11.316756	11.369276	9.814336	12.032854	11.441889	9.864050	12.942432	11.303160	12.561907	11.581287	12.136159	10.739662	11.154057	14.267215	12.359730	12.378852	14.199246	10.375945	12.557801	9.710967	
12.269620	11.037738	11.230977	12.119669	10.912777	12.190111	10.622764	11.059714	11.846931	12.179815	11.408416	12.378234	10.085753	10.978677	13.221811	12.811606	12.327839	11.915827	8.894555	12.370516	12.196160	11.369001	9.600507	11.769541	8.979447	10.322720	11.907996	11.483415	11.339289	11.528350	11.618800	10.271833	11.543187	12.372411	12.288757	11.678778	14.291959	10.124290	11.839067	9.321264	
10.750600	8.165151	9.188874	9.991757	8.428668	10.547591	9.215064	9.518178	10.411503	9.796159	10.025030	9.989123	9.592792	7.959210	10.255298	11.054948	10.098771	8.529797	7.785246	10.185662	9.327336	9.240874	8.163403	9.673670	7.849159	9.108417	9.971337	9.234901	10.481484	8.763875	9.683795	9.308430	10.336779	10.276925	9.607135	9.260797	12.125968	8.139177	10.659385	8.166568	
11.550416	10.680213	11.978412	11.017860	10.734764	12.130055	10.607248	9.400802	12.033873	11.554258	11.276902	10.157446	11.170913	10.312797	11.900863	12.557457	11.057247	11.190811	8.834020	11.507525	10.935985	10.889610	9.375478	12.032942	10.325097	9.338689	13.147135	10.209481	12.019682	11.271946	11.655463	9.820963	10.096263	12.429242	12.167379	12.175379	13.879367	9.499311	11.792429	7.665416	
11.393486	9.729729	10.400018	10.770078	8.261937	10.117481	9.750748	9.302633	10.225715	10.760365	9.375059	10.718389	9.745569	7.155358	10.851731	11.777789	9.832586	9.671305	8.700407	9.495756	9.400248	10.049117	9.530646	11.366389	8.777217	8.438815	10.288472	9.988465	10.792586	9.658414	10.425666	8.549742	9.522262	11.616385	11.287310	10.973033	11.842053	8.924770	11.399064	7.298854	
10.940451	9.364328	10.003954	10.706201	8.882681	10.371283	8.570409	8.754628	11.387572	10.908627	10.641586	10.076797	9.053308	8.687103	11.063904	11.035079	11.365745	9.115098	7.206433	10.432107	10.018250	9.767910	8.807571	10.303945	8.881328	8.798722	9.894507	9.350898	11.523303	8.853845	11.195930	9.552722	9.869346	11.151453	9.382926	9.359822	12.602388	9.121733	10.463534	8.294438	
The results Matches
MPI_Wtime measured for total run by process 3 = 0.004909
MPI_Wtime measured for total run by process 4 = 0.004891
MPI_Wtime measured for total run by process 5 = 0.004900
MPI_Wtime measured for total run by process 8 = 0.004906
MPI_Wtime measured for total run by process 13 = 0.004915
MPI_Wtime measured for total run by process 15 = 0.004860
MPI_Wtime measured for total run by process 16 = 0.004901
MPI_Wtime measured for total run by process 20 = 0.004917
MPI_Wtime measured for total run by process 21 = 0.004929
MPI_Wtime measured for total run by process 2 = 0.004895
MPI_Wtime measured for total run by process 10 = 0.004873
MPI_Wtime measured for total run by process 18 = 0.004909
MPI_Wtime measured for total run by process 24 = 0.004886
