MPI_Wtime measured for total run by process 0 = 0.006426
Total time by each process = 0.230123  And Average = 0.006392 , Comm_TIME = 0.000000
Printing Matrix A
0.363935	0.093782	0.936625	0.159596	0.671602	0.160831	0.074581	0.282669	0.201445	0.055184	0.918356	0.875784	0.939268	0.614811	0.698737	0.542717	0.006776	0.955769	0.478437	0.241531	0.373336	0.662657	0.661638	0.468658	
0.738837	0.595658	0.944921	0.349742	0.589731	0.811014	0.412771	0.351140	0.990230	0.362948	0.422272	0.618706	0.006840	0.243527	0.226689	0.531560	0.236027	0.622717	0.598660	0.065135	0.937014	0.476859	0.229881	0.769332	
0.134906	0.688778	0.736759	0.352788	0.588847	0.412076	0.308499	0.781061	0.070854	0.725473	0.376238	0.857905	0.666758	0.663037	0.162762	0.116750	0.564650	0.854847	0.113011	0.045007	0.803949	0.517393	0.400718	0.656974	
0.702232	0.141087	0.173056	0.391722	0.333755	0.736453	0.487128	0.794184	0.658730	0.353186	0.856666	0.473598	0.855276	0.773063	0.289445	0.727567	0.812485	0.070146	0.867645	0.825354	0.516627	0.697916	0.415010	0.055533	
0.141131	0.845481	0.806913	0.658412	0.310071	0.918182	0.861513	0.591192	0.514402	0.659539	0.123206	0.583447	0.046701	0.643588	0.773463	0.535451	0.107841	0.912391	0.700012	0.576942	0.002279	0.609598	0.140873	0.537791	
0.862128	0.037323	0.682223	0.625167	0.902132	0.190634	0.967875	0.590188	0.107017	0.990469	0.073383	0.817111	0.062535	0.939454	0.627500	0.858684	0.674574	0.474962	0.516776	0.085720	0.368883	0.094503	0.002439	0.412474	
0.187271	0.916485	0.970355	0.336315	0.160306	0.236298	0.753013	0.277433	0.990989	0.784383	0.852523	0.926673	0.146456	0.558164	0.705867	0.258351	0.373582	0.153792	0.908432	0.376826	0.765875	0.856542	0.708106	0.946475	
0.886369	0.206859	0.600961	0.960298	0.154708	0.896312	0.489100	0.753714	0.329499	0.206618	0.397612	0.306668	0.196568	0.682375	0.297185	0.603769	0.359708	0.922447	0.944161	0.708086	0.401207	0.959445	0.759061	0.752988	
0.620665	0.326490	0.543050	0.181765	0.796367	0.644292	0.492990	0.277107	0.058689	0.813366	0.082298	0.101720	0.125850	0.373811	0.774324	0.973470	0.086405	0.413267	0.933117	0.369073	0.459171	0.823037	0.261426	0.804859	
0.299697	0.322966	0.139677	0.865500	0.485850	0.150437	0.366110	0.655164	0.423866	0.081970	0.663462	0.086467	0.464407	0.074794	0.009647	0.045949	0.497878	0.691339	0.793599	0.903082	0.796150	0.539624	0.177426	0.614776	
0.263218	0.958274	0.147788	0.049313	0.954245	0.338029	0.003759	0.273235	0.752892	0.139191	0.521413	0.825940	0.095792	0.479824	0.560352	0.874509	0.791346	0.750250	0.877525	0.551330	0.923668	0.795661	0.273336	0.429063	
0.033471	0.572718	0.610528	0.872448	0.764223	0.979537	0.446873	0.148144	0.686831	0.177352	0.697956	0.396126	0.618040	0.549051	0.260684	0.917604	0.546369	0.849040	0.888981	0.863217	0.073761	0.977779	0.696801	0.758852	
0.024317	0.947987	0.664886	0.343898	0.535900	0.174303	0.871064	0.090739	0.582229	0.574330	0.661268	0.124414	0.280300	0.255662	0.228116	0.360732	0.950718	0.974706	0.652832	0.898530	0.211552	0.985316	0.164740	0.500049	
0.015834	0.218179	0.511925	0.412130	0.444786	0.769326	0.682307	0.925335	0.438777	0.248629	0.218644	0.280341	0.219993	0.512813	0.341711	0.131701	0.087240	0.034647	0.692474	0.391389	0.114570	0.810163	0.290773	0.429902	
0.635539	0.821159	0.825691	0.284379	0.367157	0.430416	0.810053	0.066414	0.911998	0.496457	0.547838	0.741732	0.048562	0.459285	0.287393	0.068885	0.567719	0.777114	0.991545	0.439094	0.858686	0.067571	0.431627	0.566032	
0.235046	0.948096	0.950336	0.445292	0.241723	0.338233	0.793764	0.452048	0.297162	0.754893	0.290656	0.647408	0.063496	0.818081	0.848964	0.838747	0.446602	0.866893	0.476672	0.395837	0.216762	0.247512	0.141187	0.372009	
0.928721	0.727055	0.320889	0.368718	0.089443	0.879509	0.570912	0.022416	0.505100	0.414453	0.201494	0.700167	0.544360	0.428782	0.647238	0.123896	0.927694	0.795336	0.225414	0.632970	0.350853	0.253264	0.230735	0.939279	
0.164989	0.717607	0.164022	0.784740	0.365453	0.393928	0.014314	0.588650	0.368774	0.190592	0.548041	0.909045	0.336041	0.820659	0.437989	0.302611	0.113669	0.969461	0.437993	0.986072	0.967723	0.816137	0.897823	0.924045	
0.788774	0.860785	0.938198	0.235709	0.932139	0.841015	0.816305	0.973105	0.163844	0.207665	0.696767	0.405282	0.573736	0.646526	0.626208	0.738155	0.685207	0.751797	0.368770	0.897644	0.043873	0.671036	0.882285	0.790151	
0.586707	0.647965	0.191552	0.947963	0.274667	0.236846	0.165059	0.315857	0.573941	0.473671	0.055159	0.243620	0.109975	0.959209	0.558797	0.038388	0.747176	0.428977	0.739601	0.704017	0.971429	0.915143	0.915864	0.986754	
0.298654	0.432517	0.831741	0.452844	0.590792	0.933976	0.161414	0.295092	0.658718	0.847319	0.101009	0.412588	0.492198	0.208926	0.558731	0.897868	0.656105	0.211197	0.006521	0.429562	0.076095	0.746902	0.335902	0.146098	
0.766063	0.392939	0.544752	0.939510	0.133258	0.445013	0.344116	0.549374	0.673266	0.488066	0.424613	0.277099	0.281166	0.738216	0.065995	0.611688	0.877731	0.699130	0.810154	0.459433	0.787077	0.635402	0.247327	0.131413	
0.945348	0.600380	0.537107	0.870669	0.901480	0.435342	0.493199	0.799533	0.051657	0.793413	0.137303	0.805224	0.157293	0.055572	0.625402	0.325213	0.806464	0.940711	0.803072	0.161845	0.420266	0.672027	0.644216	0.284395	
0.970222	0.557684	0.330655	0.031905	0.803533	0.892568	0.274461	0.999685	0.143374	0.424496	0.751776	0.650999	0.183527	0.085506	0.794586	0.523616	0.447710	0.872334	0.444209	0.266312	0.991715	0.676677	0.376661	0.347100	

Printing Matrix B
0.558558	0.893097	0.841939	0.298130	0.257972	0.512618	0.259276	0.020741	0.793511	0.732575	0.421079	0.692550	0.118290	0.926826	0.448218	0.062672	0.636499	0.943400	0.115364	0.150039	0.402361	0.447918	0.945326	0.863083	
0.523842	0.657192	0.471441	0.884188	0.964554	0.288468	0.353731	0.419547	0.306908	0.468667	0.604478	0.795609	0.281363	0.668477	0.712185	0.965525	0.127218	0.180947	0.972460	0.188391	0.876150	0.349785	0.827998	0.220111	
0.132280	0.557179	0.307484	0.743598	0.596314	0.815535	0.943636	0.544526	0.403778	0.669514	0.790609	0.313252	0.334763	0.896639	0.432370	0.297668	0.805527	0.301408	0.207635	0.701857	0.457082	0.112448	0.298453	0.471573	
0.382447	0.078470	0.998991	0.839814	0.054759	0.496516	0.853203	0.051778	0.649031	0.771741	0.398193	0.660615	0.990991	0.255994	0.430038	0.991676	0.868653	0.985541	0.461868	0.201399	0.561807	0.003755	0.492100	0.073740	
0.408720	0.997797	0.319080	0.662188	0.431476	0.599516	0.645749	0.673998	0.661338	0.382047	0.484893	0.639833	0.281363	0.461711	0.699121	0.914594	0.380932	0.914753	0.570803	0.010083	0.495124	0.863792	0.200790	0.655276	
0.197329	0.985334	0.620770	0.728923	0.268754	0.675595	0.726085	0.075716	0.502579	0.807029	0.567411	0.075661	0.426709	0.203408	0.477244	0.489628	0.896007	0.356796	0.100128	0.418908	0.276354	0.336758	0.684691	0.109456	
0.402944	0.260653	0.733596	0.032890	0.275769	0.787805	0.094982	0.427587	0.752394	0.507765	0.870103	0.221406	0.021176	0.148895	0.970638	0.893138	0.174836	0.343936	0.490106	0.068737	0.613124	0.518888	0.133975	0.699095	
0.730858	0.738892	0.133532	0.747417	0.518462	0.860576	0.154663	0.862682	0.907506	0.237930	0.583444	0.163487	0.163210	0.904674	0.628850	0.183554	0.810628	0.960669	0.882745	0.098869	0.604398	0.890306	0.713159	0.088559	
0.959606	0.018277	0.633157	0.739618	0.864140	0.093552	0.248061	0.852698	0.199554	0.002850	0.521452	0.483505	0.061165	0.884910	0.126799	0.394989	0.299959	0.629455	0.595031	0.729484	0.013365	0.952161	0.100143	0.320115	
0.618225	0.381995	0.424685	0.265527	0.239311	0.260174	0.123907	0.452515	0.068430	0.356983	0.451043	0.122633	0.909503	0.725833	0.879652	0.309344	0.368914	0.637555	0.556839	0.279449	0.053519	0.162260	0.194788	0.601292	
0.696746	0.926680	0.044741	0.612196	0.124106	0.963892	0.383977	0.501636	0.964574	0.546491	0.042273	0.317564	0.365564	0.273218	0.094600	0.823570	0.832784	0.939134	0.799562	0.831770	0.889359	0.927427	0.068897	0.026228	
0.568255	0.554885	0.398659	0.706320	0.352273	0.324575	0.854047	0.238218	0.898394	0.564356	0.728682	0.621624	0.191787	0.891376	0.978115	0.294155	0.490322	0.156897	0.721489	0.653204	0.842754	0.520634	0.125923	0.383631	
0.936204	0.722273	0.344113	0.282926	0.892949	0.796584	0.091907	0.417433	0.939779	0.471210	0.437546	0.735029	0.102193	0.977101	0.014514	0.252433	0.308719	0.615604	0.318603	0.188732	0.072833	0.082616	0.076055	0.746969	
0.074378	0.677102	0.342594	0.792225	0.667793	0.672902	0.130058	0.633025	0.900041	0.091609	0.147160	0.430197	0.265657	0.384732	0.012861	0.357545	0.349881	0.599164	0.446777	0.137261	0.160715	0.796877	0.735498	0.729550	
0.678532	0.854183	0.101501	0.045684	0.797192	0.708869	0.562117	0.897293	0.101061	0.604472	0.887847	0.662408	0.551895	0.339335	0.889187	0.922931	0.890044	0.393410	0.061494	0.358702	0.869510	0.668739	0.133985	0.343624	
0.062490	0.782884	0.689828	0.998898	0.904577	0.529116	0.407117	0.361483	0.229162	0.288706	0.193987	0.149341	0.714979	0.495123	0.384113	0.084010	0.786844	0.396939	0.312185	0.718395	0.734070	0.010526	0.699559	0.438349	
0.126903	0.219377	0.374464	0.384386	0.186799	0.938407	0.718256	0.017514	0.889309	0.981772	0.810290	0.418256	0.947679	0.685547	0.800792	0.575959	0.850951	0.248584	0.164054	0.314857	0.512479	0.921765	0.275680	0.735835	
0.353732	0.366483	0.417774	0.708381	0.213522	0.012691	0.517823	0.942008	0.383986	0.594188	0.823562	0.898894	0.162309	0.566776	0.759937	0.602978	0.020218	0.277691	0.754201	0.803446	0.379999	0.982036	0.404788	0.266597	
0.114637	0.336815	0.769830	0.274239	0.056367	0.370127	0.143626	0.929974	0.942566	0.601836	0.193736	0.664489	0.221420	0.471558	0.570570	0.414982	0.598940	0.623405	0.987505	0.300909	0.738659	0.860178	0.644141	0.046129	
0.997816	0.283474	0.053248	0.765288	0.594489	0.900875	0.975001	0.850266	0.067653	0.942711	0.371316	0.099032	0.914656	0.992260	0.749360	0.145504	0.686354	0.938729	0.376940	0.014269	0.940863	0.136488	0.231000	0.489806	
0.460425	0.353812	0.676136	0.941716	0.412053	0.149589	0.972364	0.908590	0.724069	0.398319	0.551335	0.072438	0.327731	0.408063	0.195680	0.857385	0.330385	0.487846	0.664041	0.597313	0.363538	0.237508	0.041994	0.994620	
0.993417	0.867072	0.805527	0.036950	0.148436	0.691989	0.342881	0.000221	0.760572	0.679787	0.917628	0.500708	0.024001	0.617068	0.884314	0.832058	0.004627	0.422483	0.638640	0.943412	0.904446	0.131192	0.184776	0.920593	
0.619479	0.369961	0.877479	0.818274	0.608885	0.967475	0.047030	0.370930	0.498663	0.861811	0.252847	0.924379	0.440625	0.404620	0.186984	0.570750	0.925593	0.343571	0.811380	0.704552	0.597186	0.913465	0.471560	0.695873	
0.077808	0.107525	0.362908	0.487948	0.087476	0.428935	0.217781	0.080925	0.940396	0.946447	0.586340	0.172042	0.323026	0.827743	0.369901	0.764809	0.081301	0.778364	0.904238	0.247742	0.158880	0.266176	0.676362	0.520035	

Printing Matrix C
5.689591	7.039329	5.044880	6.610745	5.230694	6.785752	5.213610	5.949695	7.369909	6.349816	5.925730	5.923962	3.515201	7.028800	5.510688	6.041325	5.862156	6.213874	6.307167	5.617367	6.225508	6.069416	3.957532	5.494600	
5.330716	6.443690	6.417722	7.470872	5.072936	5.962047	5.907273	5.858419	7.257345	6.571346	6.667288	5.195678	3.915430	7.351304	6.219297	6.684039	5.916240	6.543396	6.751571	5.560373	5.878084	6.076306	4.957938	5.642604	
5.358510	6.366450	5.265398	7.009591	4.900595	6.352275	5.404957	5.504030	7.579587	6.354966	6.605979	5.270664	4.070065	7.243845	6.282663	6.526972	5.340132	6.027227	6.789788	4.814658	5.583033	5.825732	4.361840	5.811133	
6.757388	7.458721	6.355248	7.304118	5.706010	8.239341	5.549983	6.212541	8.492891	7.109175	6.164358	5.449607	4.970460	7.862794	6.347130	6.195139	7.440206	7.805639	6.647060	5.109538	6.949971	6.779394	5.048625	6.241318	
5.664138	6.703747	6.134017	7.147429	5.511051	6.805388	5.742668	6.341262	6.777018	6.981062	7.238529	5.563985	4.728821	7.262423	7.666746	6.998049	6.228761	6.520253	6.839072	4.982065	6.828568	6.085640	5.369471	5.067137	
4.592175	6.569374	5.920422	6.501416	4.810592	6.651718	5.392917	5.630206	7.394799	6.256523	6.498636	5.062565	4.886203	6.963373	7.169900	6.070333	6.359696	6.763988	5.797028	4.051418	5.907072	6.044427	4.955468	6.089283	
6.987982	6.970045	6.967177	7.856490	6.124287	7.781633	6.138345	6.962977	8.482101	7.822840	7.655209	6.230764	4.960330	8.514631	7.576469	8.260327	6.875024	7.368744	8.497930	6.447736	7.684830	7.167481	5.010083	6.644403	
MPI_Wtime measured for total run by process 4 = 0.006334
MPI_Wtime measured for total run by process 5 = 0.006410
MPI_Wtime measured for total run by process 8 = 0.006368
MPI_Wtime measured for total run by process 10 = 0.006371
MPI_Wtime measured for total run by process 12 = 0.006338
MPI_Wtime measured for total run by process 14 = 0.006358
MPI_Wtime measured for total run by process 17 = 0.006423
MPI_Wtime measured for total run by process 20 = 0.006361
MPI_Wtime measured for total run by process 21 = 0.006440
MPI_Wtime measured for total run by process 25 = 0.006440
MPI_Wtime measured for total run by process 26 = 0.006348
MPI_Wtime measured for total run by process 28 = 0.006334
MPI_Wtime measured for total run by process 30 = 0.006354
6.261020	7.285162	7.505692	8.001530	5.152367	8.044357	6.125521	6.222114	8.662532	8.389881	7.109428	6.243815	5.164077	8.034247	7.176739	7.182001	7.439868	8.048722	7.509296	5.787318	7.369970	6.802841	6.332861	6.245221	
4.805015	6.709116	5.864001	5.905391	4.673826	6.230811	4.827448	5.461707	6.382736	6.456919	6.038851	4.711340	4.348892	6.483711	6.596470	6.148520	5.641264	6.375218	5.933645	4.448358	6.021710	5.023407	4.941778	5.659573	
5.319461	4.737531	4.988150	5.982938	3.614997	5.726707	4.953199	5.346498	6.715953	6.115065	5.180286	4.500750	3.947870	6.186108	5.230051	5.984512	4.990266	6.612215	6.214938	3.836686	5.552020	5.221228	3.743471	4.530125	
5.981697	7.069293	6.043221	7.792959	5.799536	6.442203	6.242564	6.703516	7.500062	6.787447	6.696592	5.978795	4.601075	7.596301	7.018164	7.216261	6.029826	6.552400	7.429246	5.711783	7.309045	7.064401	4.837907	6.010643	
6.689829	7.663088	7.330516	8.610944	6.097263	8.474204	6.655240	6.565461	8.539788	8.556374	7.302716	6.692115	5.685875	8.250553	7.414511	8.070399	7.437245	7.978152	7.928845	6.294580	7.823131	7.054082	5.727965	6.236734	
5.958389	5.891686	5.669880	6.472488	4.931107	6.874800	5.559324	5.934799	6.836856	7.139572	6.918377	5.474138	4.748009	7.265559	7.270189	7.232376	5.321662	6.327592	6.896878	5.098504	6.827147	6.162590	4.199192	5.706797	
4.568295	5.173621	4.553086	4.964891	3.781468	5.787817	3.823521	4.531660	5.906455	5.040795	5.059166	3.700223	3.013674	5.311913	5.153631	5.096078	4.838345	5.396385	5.220680	3.447947	4.969587	4.704308	3.750088	3.967708	
5.549929	5.862063	6.350017	7.343849	5.138623	6.295433	5.881622	6.576921	7.506037	7.019312	6.747957	5.799251	4.305467	7.491057	6.715234	7.016008	6.028023	6.499641	7.234407	5.230816	6.331537	6.970502	4.784894	5.785893	
5.085760	6.488774	5.580671	7.087443	5.730039	6.602043	5.590059	6.249223	6.506020	6.469046	6.823975	5.412213	4.875021	7.094104	7.229386	6.568692	6.159870	5.975584	6.408408	4.878487	6.650206	5.967240	5.049739	5.302348	
5.492878	5.992791	5.728838	6.405514	4.941154	6.458698	5.612568	4.912493	7.054592	7.452606	6.872649	5.488184	4.597814	7.450580	6.684374	6.407057	5.791624	6.133139	5.775398	4.430308	5.759258	5.811587	4.908043	5.823267	
6.790728	6.753472	6.385364	8.534931	5.658262	7.159868	6.416530	6.727076	8.102333	7.714124	6.774017	6.269520	4.997129	7.970370	6.734854	7.612670	6.368912	7.496337	8.184693	5.753517	7.344167	6.638719	5.249378	6.173372	
7.336144	9.233018	7.051998	8.963548	7.062446	10.002533	6.801358	7.195873	9.426440	9.246899	8.349955	7.070356	5.664036	9.449470	8.516019	8.238970	8.392190	8.691400	8.180314	5.894443	8.651047	8.099478	6.710481	7.327384	
6.122057	5.880729	6.938698	7.405650	5.126346	7.002248	5.747433	5.947371	7.877510	7.704776	6.697663	6.068103	5.271393	7.596866	6.546826	7.582168	6.268565	7.359555	7.357443	4.962370	6.520265	6.439614	5.407136	6.714997	
5.339228	6.315044	5.315230	6.238483	5.267866	6.388114	5.311921	4.501668	5.447030	6.044204	6.065331	4.536377	4.772136	6.717710	6.094534	5.406452	6.075929	5.599353	4.781757	4.683876	5.420158	4.553238	4.053923	5.216646	
5.616852	6.157820	6.699827	7.403692	4.921382	6.720925	5.795452	5.845245	7.673047	6.812622	6.273086	5.476978	5.000496	7.356966	6.232384	6.339870	6.568319	7.060441	6.510440	5.170262	6.228696	6.184801	5.180457	5.867811	
6.144354	7.310672	7.014002	7.221981	4.936004	7.307270	6.203895	6.022271	8.134454	7.941045	7.606681	6.738155	5.214023	7.916277	8.308905	7.460222	7.091487	7.282932	7.274387	5.169600	7.346837	7.025778	5.525354	6.234523	
6.350786	8.170254	6.017480	7.363897	5.265923	7.174255	6.142706	6.442404	7.923159	7.263043	7.142832	5.698644	4.365966	7.573275	7.348142	7.083416	6.852513	7.159004	6.984703	5.531574	7.201537	7.004347	5.199178	6.060561	
The results Matches
MPI_Wtime measured for total run by process 3 = 0.006438
MPI_Wtime measured for total run by process 13 = 0.006438
MPI_Wtime measured for total run by process 15 = 0.006391
MPI_Wtime measured for total run by process 19 = 0.006438
MPI_Wtime measured for total run by process 34 = 0.006373
MPI_Wtime measured for total run by process 35 = 0.006393
MPI_Wtime measured for total run by process 1 = 0.006434
MPI_Wtime measured for total run by process 2 = 0.006381
MPI_Wtime measured for total run by process 6 = 0.006393
MPI_Wtime measured for total run by process 7 = 0.006402
MPI_Wtime measured for total run by process 9 = 0.006449
MPI_Wtime measured for total run by process 11 = 0.006396
MPI_Wtime measured for total run by process 16 = 0.006346
MPI_Wtime measured for total run by process 18 = 0.006374
MPI_Wtime measured for total run by process 22 = 0.006379
MPI_Wtime measured for total run by process 23 = 0.006427
MPI_Wtime measured for total run by process 24 = 0.006337
MPI_Wtime measured for total run by process 27 = 0.006423
MPI_Wtime measured for total run by process 29 = 0.006430
MPI_Wtime measured for total run by process 31 = 0.006407
MPI_Wtime measured for total run by process 32 = 0.006350
MPI_Wtime measured for total run by process 33 = 0.006418
