MPI_Wtime measured for total run by process 0 = 0.004811
Total time by each process = 0.119403  And Average = 0.004776 , Comm_TIME = 0.000000
Printing Matrix A
0.891178	0.404412	0.041063	0.600612	0.388898	0.348353	0.223738	0.040655	0.876019	0.358043	0.086843	0.364900	0.570362	0.878897	0.208039	0.299027	0.711789	0.743463	0.973370	0.102272	0.885060	0.685529	0.541656	0.910475	0.550066	0.954226	0.936411	0.434239	0.574560	0.651395	0.190334	0.881817	0.653862	0.654977	0.969355	0.989499	0.207874	0.963213	0.401212	0.167204	0.142206	0.588187	0.440557	0.585391	0.335562	0.797716	0.187208	0.428020	0.304813	0.468303	
0.840245	0.128582	0.132830	0.797648	0.965484	0.485320	0.086283	0.186308	0.095933	0.541956	0.008485	0.957392	0.019206	0.036764	0.468408	0.598186	0.962869	0.356771	0.818564	0.629741	0.119271	0.891739	0.188568	0.732393	0.849746	0.715996	0.614022	0.053924	0.058799	0.957246	0.595756	0.835860	0.282200	0.654324	0.347051	0.884813	0.399126	0.671876	0.854599	0.872195	0.678619	0.562576	0.261579	0.925869	0.707189	0.847586	0.438547	0.861569	0.876078	0.821512	
0.799957	0.689451	0.482878	0.786777	0.765597	0.041822	0.247163	0.736857	0.220897	0.829120	0.545841	0.231031	0.360152	0.705136	0.608492	0.459359	0.232975	0.607533	0.510137	0.053329	0.053281	0.719950	0.699548	0.809185	0.119534	0.848531	0.315011	0.649764	0.172162	0.911393	0.881549	0.189104	0.519561	0.830376	0.190945	0.305433	0.978856	0.544670	0.482190	0.598849	0.992160	0.267099	0.526943	0.982333	0.271762	0.479759	0.264478	0.267834	0.465499	0.813738	
0.981915	0.900670	0.144553	0.639175	0.799195	0.228467	0.685404	0.098526	0.412428	0.911451	0.974585	0.837501	0.060072	0.023102	0.203545	0.182015	0.956010	0.146231	0.528026	0.727307	0.023429	0.118576	0.451339	0.921180	0.297961	0.547957	0.223841	0.511610	0.490793	0.809485	0.371552	0.879798	0.074185	0.428125	0.811434	0.929433	0.111206	0.543696	0.265111	0.426312	0.297507	0.835618	0.359727	0.805262	0.881939	0.544858	0.606246	0.581053	0.450685	0.282643	
0.164610	0.096982	0.260084	0.838361	0.105555	0.088266	0.238943	0.924411	0.271112	0.449190	0.344420	0.406542	0.418704	0.631097	0.996773	0.131507	0.125816	0.437200	0.869168	0.911095	0.540234	0.377786	0.923246	0.377847	0.031870	0.347409	0.821084	0.326955	0.741546	0.109176	0.871793	0.899704	0.469173	0.383509	0.612464	0.313064	0.293965	0.931875	0.993046	0.411569	0.136758	0.401206	0.512929	0.197630	0.686213	0.992795	0.547490	0.555615	0.229403	0.355003	
0.233727	0.994566	0.358917	0.744904	0.236163	0.376879	0.915451	0.330764	0.506246	0.682856	0.835201	0.750464	0.568150	0.399353	0.245202	0.639420	0.422423	0.006622	0.560426	0.133303	0.908000	0.169510	0.288268	0.251831	0.028669	0.986972	0.610338	0.246560	0.043515	0.976041	0.400269	0.767647	0.249446	0.604033	0.525796	0.606462	0.247519	0.257246	0.276247	0.330299	0.443764	0.168785	0.054707	0.232591	0.061258	0.386939	0.824093	0.284221	0.928854	0.883412	
0.625590	0.888446	0.265846	0.408895	0.654769	0.847008	0.056465	0.152636	0.431138	0.209393	0.593859	0.953924	0.750917	0.491491	0.126398	0.134422	0.864777	0.625097	0.168559	0.672715	0.773185	0.921862	0.535516	0.940822	0.459724	0.459050	0.746547	0.471535	0.651118	0.177237	0.337930	0.529505	0.334526	0.333330	0.188593	0.326414	0.525769	0.791428	0.322773	0.027938	0.882465	0.836079	0.899961	0.126477	0.270640	0.328597	0.615373	0.811277	0.012703	0.452985	
0.150653	0.163074	0.027674	0.737706	0.686752	0.132943	0.252631	0.198230	0.276637	0.703672	0.628421	0.155847	0.890370	0.193693	0.111732	0.104369	0.426076	0.938805	0.221944	0.804196	0.442154	0.477913	0.906162	0.847377	0.000850	0.730075	0.583317	0.873064	0.853047	0.376760	0.713434	0.227163	0.748572	0.593259	0.842480	0.879213	0.334594	0.979419	0.033269	0.423554	0.377846	0.663389	0.039553	0.434851	0.603211	0.857379	0.292740	0.456155	0.250511	0.011829	
0.446869	0.377625	0.248168	0.022220	0.183841	0.315555	0.599404	0.522850	0.515397	0.531557	0.769312	0.435252	0.473479	0.103365	0.940821	0.816981	0.006236	0.169153	0.551651	0.535840	0.637147	0.297180	0.830338	0.875508	0.777731	0.464343	0.796002	0.609096	0.791002	0.993470	0.827656	0.119513	0.005058	0.088295	0.480039	0.292201	0.475529	0.353738	0.409411	0.651602	0.636311	0.734186	0.015540	0.701793	0.055743	0.538365	0.505715	0.717290	0.946543	0.067481	
0.429720	0.543769	0.949063	0.211117	0.126752	0.545617	0.978664	0.195377	0.623084	0.800746	0.592433	0.562226	0.996989	0.608921	0.085102	0.370115	0.036085	0.420071	0.811389	0.343623	0.493907	0.701205	0.169042	0.466775	0.793752	0.470953	0.606633	0.484333	0.312695	0.547154	0.769656	0.912619	0.831151	0.790889	0.963879	0.580682	0.023751	0.930356	0.178469	0.984919	0.664653	0.358406	0.489051	0.874907	0.935993	0.199544	0.339329	0.511390	0.444853	0.813021	
0.436790	0.866517	0.675591	0.653333	0.194005	0.826280	0.094124	0.129943	0.027425	0.384921	0.426909	0.669067	0.696628	0.936718	0.482735	0.550213	0.143442	0.380066	0.213604	0.673092	0.671651	0.266266	0.684058	0.348950	0.401058	0.674901	0.318336	0.594205	0.524425	0.156444	0.280661	0.926685	0.123386	0.243135	0.340151	0.744598	0.415599	0.777577	0.407073	0.811141	0.860398	0.636098	0.830010	0.193697	0.761225	0.361595	0.056797	0.465989	0.595031	0.517173	
0.625352	0.946984	0.272636	0.140609	0.851089	0.487840	0.437792	0.890220	0.354241	0.622237	0.434057	0.157353	0.272112	0.671037	0.332467	0.802326	0.449983	0.998769	0.473872	0.402328	0.091127	0.036447	0.014107	0.796721	0.010583	0.483813	0.402790	0.935494	0.264508	0.542046	0.794742	0.554793	0.093682	0.967344	0.692939	0.892514	0.259841	0.312985	0.855627	0.642295	0.528664	0.310849	0.767274	0.606357	0.852874	0.628757	0.492774	0.892341	0.737111	0.154009	
0.229357	0.214117	0.975484	0.763145	0.636808	0.697320	0.531548	0.096927	0.254513	0.330605	0.851686	0.755003	0.142912	0.930915	0.507028	0.310073	0.131448	0.225582	0.051292	0.938042	0.394167	0.853572	0.643532	0.224538	0.653782	0.005432	0.514505	0.849928	0.407778	0.537440	0.865768	0.651191	0.371703	0.104148	0.865500	0.111094	0.677553	0.185382	0.915166	0.219130	0.965062	0.074416	0.984997	0.136984	0.705188	0.307581	0.521936	0.568173	0.835545	0.316633	
0.714511	0.960712	0.392394	0.713150	0.556013	0.876508	0.156843	0.000642	0.875268	0.534614	0.812049	0.151413	0.800967	0.227624	0.391907	0.337557	0.971985	0.498482	0.444363	0.671939	0.143913	0.521451	0.499371	0.442595	0.659719	0.955096	0.819404	0.805753	0.826095	0.256884	0.577633	0.324419	0.892711	0.913997	0.034534	0.337449	0.134383	0.479203	0.380993	0.008393	0.899007	0.512479	0.069997	0.338783	0.351608	0.114093	0.190109	0.478860	0.261414	0.419893	
0.978793	0.474395	0.616242	0.746930	0.875395	0.037947	0.718810	0.492813	0.868657	0.684899	0.427262	0.149507	0.237504	0.700190	0.021223	0.794866	0.877426	0.113193	0.222859	0.490904	0.615445	0.872657	0.079277	0.123063	0.197065	0.168199	0.606953	0.241698	0.946072	0.343375	0.061972	0.967313	0.407503	0.433067	0.940629	0.728617	0.452822	0.890330	0.966743	0.480032	0.821354	0.788134	0.965937	0.272765	0.971721	0.879305	0.754382	0.973091	0.927124	0.792246	
0.330128	0.423826	0.122136	0.315048	0.327549	0.252686	0.443312	0.577211	0.070653	0.321259	0.466117	0.076066	0.047182	0.382383	0.455314	0.842058	0.695493	0.568392	0.580040	0.906508	0.678520	0.056492	0.200015	0.531081	0.483680	0.313041	0.052903	0.170296	0.438263	0.074390	0.727309	0.679018	0.182333	0.240431	0.130850	0.669962	0.306133	0.931201	0.360158	0.776816	0.314621	0.793635	0.478963	0.467609	0.516610	0.810802	0.458448	0.666720	0.737230	0.403153	
0.054089	0.677450	0.799570	0.866371	0.070933	0.003567	0.733043	0.753079	0.761133	0.129231	0.762688	0.521662	0.429854	0.861917	0.095533	0.035164	0.338186	0.509845	0.321265	0.297484	0.019402	0.777753	0.098253	0.964450	0.751520	0.137130	0.033715	0.735344	0.847175	0.630652	0.862331	0.092329	0.378430	0.338272	0.978389	0.091893	0.936808	0.750236	0.400478	0.894448	0.808368	0.666205	0.690370	0.305652	0.998810	0.480252	0.602120	0.061657	0.174755	0.680246	
0.035686	0.150935	0.641786	0.007554	0.615857	0.194260	0.933580	0.266308	0.262015	0.161495	0.508264	0.121965	0.214328	0.090935	0.583550	0.542228	0.543320	0.591729	0.594334	0.227369	0.501286	0.634417	0.282095	0.058815	0.472685	0.804934	0.862056	0.091333	0.110520	0.465467	0.953449	0.313306	0.700858	0.681874	0.504319	0.505384	0.330872	0.440470	0.040526	0.157077	0.719595	0.494159	0.888909	0.658035	0.767760	0.693499	0.131197	0.217978	0.911841	0.127246	
0.809095	0.421765	0.772430	0.752934	0.361520	0.326166	0.872021	0.662766	0.405818	0.760358	0.444303	0.894788	0.460661	0.407554	0.012617	0.788662	0.167430	0.961680	0.072662	0.752816	0.624624	0.515297	0.899307	0.257575	0.498864	0.478704	0.471790	0.518667	0.486257	0.304953	0.461020	0.320587	0.304042	0.568310	0.996880	0.810886	0.400107	0.118150	0.504247	0.604540	0.393658	0.946278	0.456736	0.797899	0.391165	0.441867	0.196467	0.480636	0.044721	0.877212	
0.370071	0.663105	0.014282	0.069593	0.156980	0.521640	0.757378	0.416085	0.932863	0.157106	0.316835	0.176214	0.361428	0.013810	0.705795	0.447749	0.579121	0.846045	0.892110	0.111931	0.589771	0.599727	0.101488	0.561263	0.229796	0.358379	0.317343	0.059933	0.191442	0.084919	0.964766	0.973103	0.643523	0.137290	0.734785	0.584722	0.882791	0.671706	0.200262	0.018630	0.951338	0.976689	0.911602	0.947452	0.110366	0.000280	0.565040	0.619019	0.792530	0.744195	
0.005529	0.851872	0.513367	0.872599	0.756547	0.143686	0.268237	0.976567	0.156997	0.282882	0.956390	0.342495	0.256546	0.729992	0.717823	0.576392	0.803105	0.611672	0.951842	0.030100	0.375499	0.416275	0.294160	0.823576	0.316860	0.718520	0.389621	0.794680	0.022529	0.695242	0.998860	0.463704	0.699898	0.118437	0.559647	0.360130	0.322322	0.578883	0.169246	0.067640	0.508917	0.759356	0.847175	0.544704	0.078708	0.610055	0.511580	0.879533	0.149135	0.863218	
0.146506	0.643928	0.999752	0.085311	0.625269	0.655104	0.939111	0.032723	0.968496	0.655989	0.817373	0.124772	0.339803	0.540432	0.002275	0.197720	0.626998	0.617610	0.064458	0.795748	0.855872	0.823913	0.865311	0.581269	0.434063	0.881011	0.503302	0.580390	0.010089	0.332044	0.524472	0.161145	0.371412	0.778220	0.481675	0.125597	0.024819	0.132530	0.806145	0.723938	0.951057	0.491645	0.610733	0.297465	0.192857	0.633186	0.159273	0.868799	0.573086	0.966554	
0.220986	0.392309	0.041660	0.135936	0.238638	0.088013	0.464823	0.644054	0.651693	0.696378	0.571028	0.561879	0.123896	0.260985	0.077697	0.751744	0.319690	0.544489	0.668893	0.209155	0.540299	0.097226	0.876826	0.080678	0.682799	0.373069	0.106620	0.984128	0.365627	0.927499	0.472653	0.742009	0.823297	0.153694	0.966923	0.399721	0.660017	0.512344	0.238227	0.065362	0.370078	0.174854	0.373380	0.707215	0.404096	0.182332	0.313958	0.669093	0.210839	0.629445	
0.185635	0.684985	0.526112	0.382494	0.790352	0.685365	0.886288	0.637128	0.019201	0.998675	0.979058	0.300046	0.105348	0.430271	0.791925	0.493950	0.088881	0.823211	0.376264	0.379332	0.653561	0.327045	0.924916	0.799517	0.308517	0.367413	0.979200	0.580591	0.636597	0.400735	0.070578	0.406081	0.073620	0.774451	0.434996	0.616499	0.218480	0.628406	0.907718	0.087512	0.226115	0.503811	0.122383	0.289863	0.095264	0.187501	0.585283	0.325300	0.822874	0.108786	
0.253533	0.346427	0.668830	0.615408	0.402756	0.792783	0.157844	0.834186	0.380995	0.039207	0.814647	0.642101	0.820290	0.058832	0.067151	0.901033	0.892904	0.792698	0.222294	0.138281	0.111025	0.253921	0.227657	0.549096	0.212156	0.084912	0.815011	0.426732	0.694413	0.278465	0.653182	0.082249	0.426959	0.107818	0.283053	0.274302	0.177163	0.662948	0.616331	0.013474	0.800347	0.855289	0.825398	0.250660	0.767584	0.281376	0.708623	0.966851	0.238572	0.784835	
0.320769	0.915703	0.587361	0.902753	0.790695	0.032177	0.014612	0.206400	0.169486	0.359822	0.986185	0.357835	0.004823	0.830390	0.399356	0.765020	0.674362	0.218056	0.259374	0.465414	0.037036	0.641110	0.385058	0.891658	0.304570	0.491614	0.892677	0.985562	0.174135	0.140896	0.431178	0.293615	0.586639	0.367263	0.632481	0.896081	0.330269	0.721164	0.384702	0.269870	0.864301	0.980026	0.610933	0.654479	0.781541	0.358559	0.701290	0.318259	0.163846	0.133942	
0.518199	0.465843	0.567214	0.563793	0.799828	0.641187	0.595147	0.421107	0.586802	0.991148	0.870961	0.581062	0.001882	0.860180	0.584843	0.962055	0.024145	0.951508	0.614904	0.543275	0.348965	0.078861	0.805676	0.150191	0.575554	0.760821	0.491047	0.018766	0.241204	0.658657	0.873069	0.929088	0.048610	0.488574	0.395898	0.078247	0.216311	0.688974	0.657075	0.414464	0.980504	0.679144	0.517169	0.964480	0.576856	0.584420	0.243850	0.347139	0.394106	0.955974	
0.867562	0.534867	0.191328	0.105860	0.063006	0.081033	0.695609	0.515062	0.458087	0.971151	0.102679	0.484869	0.069081	0.638989	0.667721	0.253190	0.629184	0.619156	0.011898	0.668916	0.245339	0.118415	0.510127	0.153727	0.113019	0.003157	0.680450	0.562227	0.320035	0.212717	0.796179	0.523039	0.253965	0.245876	0.867210	0.340767	0.664742	0.053498	0.092659	0.143082	0.332103	0.421375	0.634266	0.762085	0.184819	0.942057	0.440710	0.406362	0.607290	0.960538	
0.567031	0.587050	0.760487	0.406641	0.847773	0.058823	0.695964	0.192430	0.463801	0.284530	0.929317	0.629617	0.691682	0.064702	0.688217	0.773473	0.326544	0.487021	0.001071	0.940176	0.443386	0.028721	0.479197	0.469579	0.175666	0.591617	0.980697	0.475010	0.257214	0.971352	0.564951	0.200679	0.105348	0.978525	0.581362	0.955264	0.917700	0.164098	0.205136	0.339894	0.387787	0.485786	0.152746	0.040863	0.500508	0.355391	0.757039	0.956954	0.243770	0.968807	
0.854180	0.849880	0.908055	0.168776	0.647655	0.493993	0.440182	0.403925	0.940575	0.002888	0.457002	0.506542	0.914349	0.076429	0.398975	0.983251	0.969305	0.025035	0.847108	0.990550	0.702482	0.530205	0.464322	0.735592	0.378918	0.845979	0.096760	0.049962	0.816018	0.169229	0.171626	0.468149	0.985610	0.018291	0.686995	0.327482	0.493385	0.532141	0.791818	0.362602	0.006214	0.006656	0.561104	0.114083	0.183009	0.592115	0.435792	0.495566	0.553448	0.254121	
0.522698	0.629920	0.439290	0.973789	0.429794	0.401843	0.544973	0.538982	0.465118	0.483199	0.936378	0.002761	0.135578	0.793571	0.012184	0.929470	0.629295	0.550965	0.721452	0.299692	0.861146	0.587254	0.110035	0.512196	0.779301	0.223279	0.070709	0.087848	0.724366	0.895314	0.929111	0.271432	0.384175	0.626991	0.347151	0.256873	0.628218	0.614415	0.970363	0.313405	0.122006	0.465342	0.762724	0.399003	0.434609	0.223640	0.119102	0.922127	0.317468	0.608905	
0.475801	0.872914	0.709905	0.842273	0.613940	0.429931	0.692362	0.928661	0.448463	0.942176	0.621981	0.246792	0.660886	0.244360	0.718036	0.642972	0.719043	0.297857	0.003216	0.109215	0.295808	0.353103	0.434419	0.443256	0.609428	0.765953	0.551246	0.972493	0.181663	0.190487	0.070118	0.093537	0.349346	0.218108	0.531523	0.969718	0.866469	0.815500	0.604585	0.183770	0.644187	0.445423	0.962468	0.407565	0.634769	0.043831	0.431511	0.494048	0.528761	0.133418	
0.039478	0.887614	0.425957	0.206835	0.961870	0.244556	0.340327	0.801490	0.107896	0.446926	0.807107	0.447552	0.628124	0.019474	0.653755	0.217169	0.256029	0.599181	0.807897	0.712529	0.196620	0.375824	0.647065	0.839743	0.386369	0.497626	0.777425	0.432093	0.886777	0.562434	0.604460	0.233766	0.884386	0.542475	0.638962	0.462050	0.212088	0.372530	0.015188	0.614114	0.498941	0.595032	0.056917	0.681916	0.478693	0.484226	0.023953	0.943642	0.550939	0.600622	
0.741120	0.025484	0.900546	0.812362	0.610287	0.317291	0.538215	0.385595	0.939449	0.538826	0.311861	0.501296	0.741044	0.244152	0.931054	0.481883	0.907446	0.625383	0.905381	0.723727	0.864220	0.624895	0.953341	0.997566	0.078001	0.310932	0.559444	0.725675	0.257166	0.592470	0.814602	0.860394	0.581721	0.530041	0.923522	0.002769	0.294786	0.190177	0.638154	0.140917	0.724135	0.106016	0.264077	0.584067	0.801519	0.709463	0.250891	0.338169	0.055635	0.319714	
0.121977	0.766898	0.950146	0.664890	0.144818	0.304455	0.257656	0.152532	0.242162	0.042976	0.913137	0.659802	0.322297	0.996640	0.866180	0.357088	0.638836	0.404921	0.081061	0.177283	0.875617	0.094832	0.892209	0.655006	0.983963	0.178052	0.450421	0.061129	0.835825	0.150650	0.374123	0.690163	0.631724	0.601942	0.164894	0.938664	0.260962	0.173784	0.280860	0.287542	0.526772	0.161924	0.303447	0.749911	0.280822	0.841277	0.408299	0.667904	0.626524	0.752808	
0.049071	0.831929	0.724968	0.463203	0.834503	0.270652	0.216339	0.338467	0.655628	0.659058	0.988939	0.591395	0.031775	0.437261	0.529146	0.449716	0.881541	0.888249	0.287358	0.612337	0.102198	0.483135	0.315564	0.838322	0.909981	0.907643	0.997715	0.296158	0.758337	0.687789	0.923487	0.865699	0.419150	0.411537	0.105400	0.828369	0.906863	0.526134	0.133106	0.193620	0.861836	0.942007	0.600300	0.889042	0.971583	0.646119	0.714335	0.700099	0.265766	0.839993	
0.135510	0.578764	0.979866	0.264800	0.469354	0.156060	0.559682	0.190742	0.336232	0.518619	0.656614	0.202886	0.676555	0.504434	0.014622	0.313487	0.012790	0.192505	0.997149	0.105629	0.915726	0.797694	0.359756	0.635390	0.068219	0.003803	0.318746	0.095782	0.109674	0.937622	0.944643	0.274427	0.143361	0.950090	0.924238	0.607014	0.317408	0.315372	0.393144	0.373152	0.104769	0.186196	0.583644	0.418816	0.882193	0.817613	0.607549	0.784269	0.558973	0.891420	
0.790078	0.323176	0.903143	0.784650	0.589309	0.757650	0.534757	0.117593	0.225824	0.811718	0.892848	0.934854	0.721371	0.251307	0.453482	0.763556	0.641161	0.351046	0.725279	0.840591	0.293498	0.008665	0.542088	0.946655	0.662668	0.875930	0.387703	0.055914	0.529907	0.389419	0.449947	0.226950	0.239706	0.635413	0.713693	0.279573	0.074246	0.835446	0.414496	0.384247	0.540473	0.632681	0.070961	0.037251	0.995815	0.584259	0.579644	0.536871	0.389205	0.784336	
0.648288	0.110089	0.352146	0.338868	0.727635	0.843807	0.983292	0.196285	0.165083	0.655122	0.660204	0.606660	0.050590	0.059199	0.315814	0.542694	0.907442	0.686636	0.598317	0.026231	0.748619	0.594061	0.346526	0.786165	0.023881	0.672507	0.680669	0.923934	0.422697	0.171054	0.826667	0.702613	0.366530	0.993698	0.414752	0.290800	0.889966	0.895283	0.675207	0.748102	0.122736	0.383173	0.699775	0.534663	0.290239	0.860983	0.419465	0.851015	0.952844	0.750843	
0.864641	0.530967	0.926505	0.991100	0.107698	0.300800	0.159810	0.033839	0.991079	0.982058	0.274219	0.398224	0.406637	0.479679	0.093952	0.727077	0.272165	0.713201	0.684294	0.800381	0.443502	0.022427	0.785153	0.462898	0.624768	0.057551	0.287996	0.592671	0.705014	0.054114	0.302871	0.757559	0.039235	0.773705	0.175060	0.515521	0.675267	0.221875	0.594214	0.236653	0.129729	0.117968	0.749979	0.112358	0.782988	0.253958	0.947662	0.660895	0.482277	0.710426	
0.008686	0.275900	0.763895	0.144373	0.182549	0.577090	0.675230	0.730003	0.405697	0.880201	0.008832	0.274545	0.145677	0.943392	0.370039	0.285291	0.879764	0.062678	0.058967	0.001768	0.588076	0.553794	0.273915	0.688514	0.126157	0.868298	0.702874	0.091484	0.078282	0.476505	0.688693	0.827047	0.322987	0.212117	0.096775	0.623470	0.792742	0.948157	0.461060	0.746270	0.205386	0.722206	0.757410	0.756811	0.848566	0.284013	0.995112	0.105717	0.000785	0.700054	
0.531719	0.782411	0.500788	0.391118	0.367239	0.549066	0.751956	0.480886	0.084963	0.345057	0.471013	0.470789	0.740131	0.784225	0.894341	0.838475	0.807803	0.750521	0.351455	0.270440	0.279028	0.291319	0.090779	0.540348	0.009902	0.109271	0.514476	0.947040	0.156567	0.995523	0.215544	0.476967	0.454885	0.331938	0.369127	0.525033	0.421885	0.679138	0.588557	0.688405	0.104892	0.079374	0.377736	0.873975	0.757679	0.585210	0.703496	0.996570	0.289665	0.964719	
0.930886	0.306947	0.306105	0.865434	0.205572	0.493121	0.351514	0.929832	0.598909	0.263552	0.673305	0.329811	0.910938	0.535181	0.654888	0.859396	0.989653	0.938545	0.152429	0.190419	0.357817	0.668465	0.256034	0.438581	0.402104	0.211530	0.550894	0.452209	0.867721	0.662436	0.487291	0.108383	0.688175	0.772701	0.850906	0.198604	0.646659	0.918053	0.465366	0.757635	0.058767	0.942878	0.510507	0.071494	0.382478	0.900836	0.255762	0.346712	0.056147	0.784541	
0.082532	0.115775	0.850214	0.631884	0.390462	0.183049	0.358685	0.058891	0.521015	0.247419	0.864316	0.773261	0.157475	0.064015	0.239385	0.120673	0.831702	0.051108	0.270276	0.997495	0.072512	0.109967	0.306472	0.300389	0.299243	0.730980	0.696064	0.283637	0.624214	0.067160	0.196209	0.185516	0.424281	0.709826	0.919617	0.355295	0.887865	0.423326	0.634121	0.021824	0.271522	0.096923	0.257044	0.821124	0.728212	0.744857	0.076117	0.952331	0.166997	0.194955	
0.369478	0.078743	0.015513	0.451680	0.225782	0.582999	0.226307	0.464890	0.060482	0.364609	0.174298	0.713116	0.039839	0.750812	0.327603	0.293450	0.496017	0.954424	0.874261	0.161165	0.879608	0.597348	0.424085	0.589265	0.348252	0.273262	0.063340	0.772964	0.651824	0.310014	0.469543	0.676509	0.975658	0.477091	0.037037	0.949962	0.382419	0.022559	0.609548	0.291071	0.565698	0.480350	0.550711	0.732217	0.777090	0.181963	0.645696	0.212195	0.489404	0.471272	
0.327542	0.443085	0.968545	0.516465	0.077468	0.535893	0.371870	0.272205	0.269557	0.125116	0.046652	0.293281	0.165550	0.313701	0.194761	0.181395	0.206208	0.232265	0.090124	0.752845	0.556267	0.810758	0.304981	0.850717	0.087384	0.621185	0.282911	0.826385	0.419942	0.103415	0.925060	0.137006	0.909289	0.306020	0.118001	0.167004	0.347603	0.602404	0.060726	0.227123	0.428955	0.282146	0.762774	0.160327	0.248617	0.797419	0.548552	0.304944	0.303696	0.457253	
0.669830	0.095964	0.602021	0.670018	0.151490	0.810856	0.745449	0.292312	0.201533	0.690939	0.716381	0.623827	0.422782	0.722774	0.539736	0.148175	0.804285	0.226999	0.942508	0.069052	0.794158	0.674443	0.972910	0.047830	0.419394	0.624594	0.227126	0.400708	0.177193	0.376386	0.303509	0.926495	0.768700	0.514100	0.050512	0.805206	0.463059	0.384276	0.446403	0.610413	0.170874	0.001572	0.483428	0.047908	0.525762	0.377550	0.948856	0.937065	0.457540	0.428764	
0.034317	0.352721	0.713619	0.933345	0.169103	0.025819	0.778765	0.737977	0.429671	0.922813	0.210180	0.784703	0.604409	0.876592	0.172933	0.570000	0.539326	0.704626	0.659717	0.412966	0.181729	0.168797	0.466176	0.222686	0.692659	0.851279	0.445863	0.061874	0.357751	0.112220	0.243821	0.737934	0.604940	0.036091	0.080530	0.093478	0.887842	0.222752	0.169048	0.249865	0.590938	0.764544	0.737127	0.087073	0.764883	0.625562	0.881513	0.791851	0.806055	0.751111	
0.276999	0.148844	0.106863	0.518860	0.817035	0.137617	0.869870	0.444774	0.728579	0.701875	0.731140	0.502167	0.690933	0.099106	0.121960	0.383572	0.694805	0.563801	0.904012	0.077578	0.851386	0.129020	0.117356	0.328254	0.105641	0.339398	0.357566	0.449434	0.135583	0.545486	0.398756	0.656502	0.461474	0.895228	0.302964	0.086533	0.188000	0.875606	0.789347	0.151292	0.233988	0.731769	0.332256	0.640053	0.729742	0.725382	0.114597	0.222058	0.602187	0.941558	
0.090091	0.059501	0.243644	0.583448	0.138966	0.927979	0.225430	0.964509	0.840950	0.025525	0.790100	0.699190	0.132792	0.480769	0.038533	0.640130	0.450417	0.406715	0.634737	0.727052	0.724902	0.146658	0.314778	0.508018	0.715728	0.726421	0.284450	0.410526	0.346859	0.152220	0.313621	0.514016	0.491981	0.458099	0.910895	0.900421	0.840181	0.586129	0.158246	0.310688	0.627690	0.379802	0.462720	0.329382	0.681622	0.194971	0.273952	0.759281	0.629719	0.892651	

Printing Matrix B
0.834591	0.644246	0.269930	0.349419	0.540986	0.323261	0.091031	0.801677	0.823882	0.536551	0.667894	0.797330	0.255434	0.144621	0.877198	0.099217	0.703440	0.752853	0.344075	0.362267	0.450625	0.108798	0.726184	0.417675	0.268518	0.636909	0.319126	0.506774	0.313136	0.782599	0.950422	0.902124	0.625280	0.627232	0.757248	0.854415	0.675028	0.749530	0.873688	0.951278	0.121430	0.078618	0.022426	0.015117	0.236786	0.525896	0.679533	0.841071	0.082997	0.274167	
0.457802	0.048118	0.091796	0.534042	0.964852	0.107690	0.073507	0.526839	0.771699	0.431495	0.339673	0.195694	0.385412	0.324018	0.505067	0.308653	0.726768	0.095699	0.154419	0.784049	0.115061	0.205554	0.078047	0.284501	0.274350	0.858231	0.673388	0.633228	0.090689	0.527207	0.555432	0.558625	0.192632	0.100765	0.284065	0.466322	0.776552	0.587694	0.404270	0.704345	0.588191	0.292641	0.616500	0.320378	0.883115	0.302944	0.683446	0.720748	0.515893	0.223129	
0.706326	0.199083	0.361327	0.337477	0.658972	0.444216	0.604397	0.508742	0.662726	0.928086	0.676706	0.984389	0.092600	0.236230	0.526649	0.408450	0.148810	0.715852	0.394309	0.275734	0.095151	0.300443	0.456807	0.920445	0.638305	0.665375	0.079562	0.675163	0.354900	0.780654	0.370752	0.114523	0.796636	0.029699	0.883705	0.244226	0.025383	0.678404	0.353855	0.601724	0.447380	0.307171	0.916862	0.699105	0.893726	0.153311	0.668862	0.784039	0.098210	0.656444	
0.119170	0.960771	0.445340	0.626743	0.238024	0.791355	0.495566	0.212347	0.080859	0.684190	0.391210	0.239063	0.105335	0.525571	0.836840	0.185460	0.082686	0.100563	0.785405	0.327221	0.955774	0.708833	0.217102	0.863767	0.832631	0.272546	0.385458	0.283913	0.534712	0.694338	0.991500	0.327562	0.026029	0.602211	0.155432	0.834863	0.048009	0.562545	0.464876	0.563072	0.974269	0.521349	0.347228	0.850520	0.614746	0.253491	0.424656	0.680432	0.009178	0.262119	
0.212076	0.275816	0.640679	0.525195	0.264673	0.403063	0.923884	0.598670	0.729673	0.153051	0.994048	0.950666	0.987595	0.869388	0.913740	0.161384	0.228489	0.385900	0.275561	0.974723	0.999361	0.779177	0.302197	0.194358	0.827036	0.376289	0.753951	0.239788	0.958052	0.738320	0.240683	0.997609	0.336904	0.338341	0.294604	0.152699	0.690850	0.217211	0.309722	0.024916	0.758978	0.957843	0.728161	0.254476	0.306807	0.558006	0.892499	0.016662	0.939123	0.841867	
0.668067	0.527693	0.926441	0.351963	0.156473	0.372921	0.778085	0.428380	0.528394	0.192459	0.675651	0.382691	0.306079	0.797553	0.754356	0.478930	0.633985	0.781340	0.751527	0.796589	0.510183	0.823451	0.500274	0.794513	0.934687	0.863870	0.737436	0.178488	0.645913	0.288717	0.615461	0.822693	0.774269	0.809873	0.737336	0.433795	0.775972	0.535786	0.509077	0.304915	0.317271	0.054102	0.415345	0.098222	0.208632	0.461528	0.154585	0.073539	0.888254	0.454650	
0.489874	0.873108	0.145692	0.542092	0.739194	0.098533	0.015793	0.111172	0.385227	0.492396	0.596332	0.417952	0.238145	0.679772	0.374903	0.751988	0.022868	0.130623	0.033991	0.823328	0.519723	0.829650	0.074497	0.966653	0.150215	0.053583	0.412974	0.497465	0.963026	0.777517	0.311659	0.202707	0.154602	0.503086	0.006045	0.961778	0.248275	0.061284	0.732250	0.782497	0.486987	0.629013	0.307614	0.551080	0.303714	0.608570	0.858102	0.949899	0.144607	0.201296	
0.779398	0.676421	0.954502	0.350447	0.765643	0.569217	0.969023	0.152592	0.324707	0.547277	0.032268	0.243794	0.967125	0.903073	0.646677	0.262384	0.267443	0.453749	0.676511	0.908696	0.937139	0.694785	0.676143	0.182798	0.551049	0.629271	0.885923	0.473687	0.066757	0.964779	0.481129	0.139510	0.165969	0.970517	0.397455	0.284634	0.357126	0.240756	0.826797	0.034118	0.153630	0.961163	0.536454	0.892600	0.811611	0.316645	0.084542	0.041313	0.049414	0.092991	
0.891042	0.781464	0.357045	0.281436	0.445774	0.561687	0.978944	0.638957	0.957701	0.118608	0.388936	0.062053	0.891407	0.723990	0.115194	0.387690	0.194606	0.254404	0.191373	0.735492	0.851394	0.236551	0.820030	0.345735	0.407065	0.547043	0.899595	0.269480	0.712461	0.731823	0.810451	0.833892	0.288666	0.556709	0.624135	0.117186	0.589381	0.305867	0.229246	0.187142	0.115945	0.432313	0.343282	0.806542	0.695264	0.883399	0.657878	0.510773	0.805585	0.426582	
0.359683	0.905249	0.897506	0.358474	0.862719	0.763064	0.279802	0.994204	0.897170	0.678827	0.339111	0.098148	0.279516	0.943532	0.676402	0.514822	0.913883	0.985148	0.631188	0.938142	0.889239	0.472571	0.896582	0.792126	0.267521	0.386185	0.033179	0.603621	0.093254	0.397797	0.917268	0.805741	0.332691	0.642541	0.134511	0.457786	0.281887	0.192793	0.397131	0.972221	0.455872	0.271285	0.842739	0.801747	0.422060	0.705649	0.112163	0.170480	0.302279	0.408732	
0.393703	0.460541	0.796874	0.854060	0.638252	0.858657	0.184686	0.583175	0.004849	0.963418	0.584465	0.766238	0.180457	0.141481	0.749739	0.919525	0.416730	0.819032	0.033399	0.407609	0.499372	0.765775	0.396209	0.711483	0.733871	0.827967	0.343968	0.014963	0.530923	0.007160	0.706656	0.424103	0.306751	0.336990	0.916227	0.011802	0.010864	0.099658	0.126527	0.808131	0.486042	0.178733	0.230303	0.354435	0.350141	0.041887	0.288280	0.180183	0.709125	0.935182	
0.261772	0.040951	0.724562	0.679709	0.951750	0.711486	0.123938	0.267802	0.083916	0.115466	0.983832	0.490854	0.623342	0.867144	0.188211	0.957818	0.749310	0.722619	0.139378	0.324960	0.890169	0.528919	0.926666	0.368347	0.418958	0.444640	0.641166	0.674902	0.606531	0.596975	0.344372	0.244725	0.553562	0.567554	0.369672	0.784066	0.928961	0.273948	0.109706	0.866210	0.126108	0.931454	0.246343	0.031782	0.148402	0.647616	0.183550	0.586456	0.859684	0.430050	
0.046523	0.489197	0.527102	0.831111	0.405440	0.165472	0.008170	0.298823	0.703283	0.107387	0.959362	0.344460	0.647344	0.880023	0.084925	0.736385	0.524190	0.106932	0.988727	0.688100	0.635363	0.925715	0.950499	0.898045	0.555143	0.505468	0.760435	0.657417	0.780844	0.914806	0.847513	0.997216	0.876773	0.422995	0.042190	0.259667	0.964667	0.321086	0.409919	0.568948	0.224562	0.479567	0.924344	0.392775	0.674423	0.570956	0.958772	0.893639	0.672321	0.701045	
0.427728	0.392064	0.146093	0.307560	0.932280	0.521075	0.950924	0.141839	0.137626	0.580457	0.842195	0.333985	0.719586	0.636512	0.544257	0.106418	0.298269	0.364379	0.211632	0.000376	0.548447	0.300756	0.522093	0.374639	0.977209	0.471768	0.106509	0.620372	0.033376	0.218001	0.594442	0.549618	0.822902	0.337074	0.585936	0.178447	0.858900	0.633753	0.921797	0.040711	0.963488	0.718411	0.318232	0.896091	0.595667	0.929241	0.438512	0.082820	0.392857	0.295948	
0.757343	0.113176	0.953598	0.997235	0.755322	0.774402	0.550426	0.788807	0.831595	0.220265	0.798992	0.617371	0.628366	0.498918	0.120084	0.000017	0.269261	0.493669	0.860123	0.098255	0.528851	0.334256	0.365469	0.947934	0.807962	0.624327	0.317706	0.844457	0.941888	0.967296	0.138241	0.939398	0.080506	0.630362	0.923971	0.556074	0.601273	0.532098	0.013393	0.163807	0.648231	0.428308	0.029832	0.912010	0.616140	0.033692	0.846618	0.161884	0.406157	0.867752	
0.520863	0.782950	0.314156	0.088879	0.795080	0.148903	0.040820	0.409249	0.849976	0.042373	0.200564	0.220499	0.049156	0.974305	0.174630	0.785442	0.265884	0.817629	0.883440	0.907589	0.159194	0.121832	0.633704	0.270668	0.852339	0.949797	0.389106	0.100085	0.552679	0.893576	0.916448	0.422801	0.247410	0.762373	0.146939	0.809370	0.726455	0.506148	0.462282	0.843838	0.089856	0.367524	0.963931	0.917226	0.542000	0.243919	0.489820	0.640781	0.907151	0.868080	
0.073116	0.360223	0.608651	0.159728	0.643186	0.385554	0.797202	0.212006	0.220688	0.277744	0.940033	0.221136	0.188382	0.167084	0.265070	0.149622	0.712614	0.137756	0.376215	0.392198	0.301051	0.752445	0.530831	0.859387	0.093682	0.514208	0.658792	0.463569	0.597261	0.942707	0.665816	0.200516	0.602174	0.699695	0.635757	0.997791	0.869646	0.035061	0.714686	0.151997	0.031578	0.842083	0.401549	0.537545	0.936304	0.861140	0.572581	0.980551	0.399929	0.153144	
0.772139	0.972493	0.901171	0.042263	0.902002	0.424225	0.860466	0.623950	0.571960	0.260824	0.641747	0.110384	0.183621	0.389083	0.771181	0.619236	0.693163	0.185106	0.599284	0.210192	0.421629	0.434865	0.900725	0.544110	0.220310	0.980949	0.926898	0.076384	0.182268	0.694070	0.007695	0.496769	0.905036	0.295192	0.909243	0.005605	0.139800	0.612967	0.499285	0.513211	0.962010	0.581651	0.585492	0.999428	0.123502	0.721209	0.006805	0.832054	0.899852	0.416160	
0.632630	0.139967	0.862235	0.812956	0.910011	0.081115	0.820326	0.760930	0.320801	0.173579	0.453857	0.575499	0.112765	0.372502	0.534800	0.821712	0.210427	0.939860	0.714614	0.434182	0.078982	0.496645	0.178063	0.305125	0.017933	0.943167	0.373492	0.932451	0.926220	0.498874	0.093615	0.628450	0.282266	0.376704	0.321126	0.621505	0.326183	0.299415	0.375725	0.003111	0.083244	0.865447	0.464945	0.942993	0.102852	0.852186	0.762454	0.500508	0.048946	0.041601	
0.688098	0.770179	0.781255	0.518528	0.674134	0.550638	0.467918	0.214114	0.213984	0.324028	0.598974	0.513302	0.656849	0.406148	0.891023	0.075866	0.110855	0.593402	0.915638	0.049090	0.633570	0.347149	0.015812	0.034351	0.718369	0.546631	0.534593	0.678771	0.073744	0.897237	0.532668	0.543887	0.819147	0.535633	0.249220	0.324557	0.184449	0.984279	0.232969	0.430058	0.377009	0.268681	0.036622	0.103043	0.032371	0.075132	0.973383	0.208563	0.756309	0.527316	
0.328917	0.888320	0.523578	0.713628	0.891229	0.707885	0.120375	0.179839	0.924019	0.267363	0.283163	0.521430	0.961514	0.049076	0.474188	0.723352	0.428264	0.316472	0.484271	0.708389	0.173786	0.643737	0.392841	0.451157	0.106458	0.273250	0.061015	0.646166	0.524672	0.740352	0.271634	0.801965	0.075376	0.651740	0.148537	0.935146	0.776404	0.616483	0.402459	0.486106	0.786160	0.898538	0.554036	0.869703	0.239946	0.077568	0.073759	0.211478	0.997970	0.708782	
0.223348	0.468828	0.222810	0.168998	0.152951	0.134186	0.414460	0.786286	0.577427	0.047204	0.266044	0.328954	0.004305	0.488938	0.403650	0.148781	0.841648	0.626750	0.702921	0.689727	0.450852	0.794983	0.856636	0.833807	0.237258	0.251437	0.005784	0.843106	0.120822	0.012364	0.529764	0.151470	0.778755	0.435870	0.573967	0.337547	0.949509	0.890130	0.713799	0.240208	0.604949	0.454359	0.072035	0.620822	0.629509	0.717329	0.794332	0.530685	0.647019	0.054762	
0.092151	0.245805	0.524839	0.847805	0.859874	0.189695	0.579658	0.075556	0.941519	0.844550	0.329564	0.730301	0.430679	0.696983	0.227540	0.298684	0.144053	0.361350	0.680425	0.907531	0.297168	0.005122	0.741280	0.528519	0.777056	0.253827	0.934949	0.230517	0.245114	0.443325	0.679244	0.792344	0.286498	0.492190	0.362848	0.507222	0.496947	0.536843	0.593022	0.921026	0.438431	0.476699	0.158982	0.739007	0.634714	0.876749	0.924341	0.137255	0.822786	0.177762	
0.029165	0.845651	0.197329	0.764339	0.447856	0.160430	0.860219	0.259668	0.344344	0.423297	0.181007	0.293016	0.969138	0.316187	0.059715	0.977559	0.178935	0.614993	0.205705	0.166616	0.064697	0.539849	0.964174	0.944116	0.798192	0.287575	0.667459	0.084548	0.010862	0.428522	0.894685	0.159458	0.229291	0.449884	0.153783	0.088557	0.943544	0.143395	0.427923	0.216235	0.454924	0.205315	0.084402	0.758980	0.690598	0.165841	0.593582	0.658903	0.099751	0.257870	
0.725285	0.472013	0.974833	0.576548	0.702920	0.628871	0.296594	0.280227	0.124049	0.476259	0.226708	0.399929	0.967400	0.643164	0.167618	0.320685	0.247460	0.561733	0.408106	0.625050	0.931064	0.268869	0.088107	0.608653	0.588303	0.026802	0.727013	0.635301	0.485564	0.761564	0.179499	0.546085	0.874947	0.649253	0.246099	0.394078	0.528223	0.404821	0.212044	0.828486	0.098386	0.615358	0.282020	0.519812	0.529125	0.420766	0.363625	0.135582	0.074669	0.521625	
0.059137	0.497932	0.578651	0.203691	0.916226	0.591042	0.887466	0.840010	0.457060	0.937070	0.641198	0.694808	0.324686	0.243395	0.615225	0.720124	0.680723	0.261723	0.120809	0.050068	0.497592	0.051647	0.847510	0.554544	0.251480	0.290755	0.849449	0.897501	0.815953	0.573491	0.905916	0.105540	0.511671	0.846013	0.832677	0.669516	0.537191	0.715326	0.612821	0.689272	0.761484	0.756978	0.965589	0.785068	0.795375	0.212719	0.652175	0.287929	0.685522	0.796327	
0.030023	0.848467	0.187006	0.951916	0.833663	0.664129	0.621213	0.206080	0.075586	0.368343	0.349708	0.572251	0.899321	0.165728	0.994122	0.103041	0.427898	0.591359	0.515301	0.414732	0.184462	0.944111	0.499968	0.392478	0.141339	0.446515	0.341883	0.492929	0.878946	0.826047	0.620712	0.897214	0.880597	0.663514	0.031849	0.744863	0.157107	0.021987	0.839165	0.232629	0.175285	0.471551	0.697910	0.758373	0.623137	0.449925	0.513509	0.292460	0.835713	0.790004	
0.034221	0.083873	0.223841	0.848404	0.520324	0.043511	0.760177	0.212778	0.479542	0.034944	0.555572	0.346529	0.832008	0.463186	0.594963	0.535283	0.788057	0.820513	0.725015	0.074904	0.749949	0.940949	0.633477	0.968214	0.124878	0.215698	0.488026	0.749531	0.201216	0.987756	0.465908	0.425364	0.142195	0.265863	0.914793	0.112549	0.459182	0.174869	0.207225	0.205677	0.146240	0.012554	0.983603	0.954301	0.974802	0.980998	0.465096	0.694675	0.652238	0.474500	
0.301305	0.231773	0.640548	0.853145	0.549724	0.179877	0.480198	0.330230	0.954515	0.648619	0.226587	0.370027	0.035979	0.298973	0.025239	0.255248	0.360523	0.087030	0.893662	0.848844	0.998999	0.139350	0.221151	0.942998	0.754110	0.104984	0.221235	0.672379	0.539712	0.945431	0.744825	0.891495	0.687700	0.106419	0.918701	0.024748	0.983985	0.396897	0.633677	0.380802	0.931512	0.368484	0.960796	0.409960	0.012214	0.065459	0.556070	0.862387	0.935479	0.825132	
0.924070	0.771880	0.013978	0.113190	0.508671	0.035442	0.979779	0.592928	0.444788	0.441083	0.358279	0.214041	0.463496	0.158119	0.045235	0.253155	0.833131	0.877360	0.193811	0.494763	0.484543	0.142664	0.934130	0.404896	0.738481	0.835920	0.352522	0.011110	0.126391	0.214994	0.152480	0.140931	0.493184	0.832719	0.008841	0.389477	0.857687	0.957706	0.267733	0.170736	0.208582	0.102974	0.056618	0.377122	0.283312	0.354635	0.060264	0.421402	0.513857	0.240443	
0.581603	0.016083	0.162061	0.231107	0.336392	0.436008	0.408499	0.106077	0.653065	0.648126	0.075314	0.372169	0.498327	0.689027	0.047692	0.534882	0.559391	0.068585	0.524754	0.151246	0.701535	0.406119	0.126236	0.575152	0.995395	0.715678	0.226040	0.206288	0.881419	0.736550	0.824785	0.558406	0.822397	0.105627	0.926683	0.208296	0.844127	0.738253	0.126611	0.749664	0.536684	0.192715	0.553190	0.487090	0.294317	0.363720	0.495071	0.503277	0.549118	0.664618	
0.865778	0.104020	0.487329	0.680268	0.155678	0.735946	0.895273	0.455086	0.327664	0.883072	0.165815	0.741083	0.168918	0.978354	0.853265	0.193837	0.515887	0.428947	0.140129	0.617156	0.539146	0.988170	0.281764	0.882882	0.385431	0.231410	0.012745	0.212132	0.216853	0.899700	0.833459	0.789161	0.391394	0.352562	0.327323	0.827330	0.322821	0.300888	0.258756	0.214014	0.949723	0.195433	0.417916	0.144131	0.598052	0.704887	0.137367	0.780856	0.712156	0.060284	
0.103136	0.905947	0.703114	0.030543	0.390605	0.606057	0.689980	0.302795	0.209055	0.742665	0.490757	0.238618	0.941600	0.156885	0.152892	0.693234	0.104783	0.681986	0.806016	0.769767	0.957085	0.536948	0.177314	0.754961	0.286669	0.193476	0.945178	0.405549	0.451568	0.540532	0.779603	0.860489	0.832947	0.692283	0.255003	0.835583	0.837874	0.859153	0.212273	0.401557	0.111739	0.276367	0.027126	0.943694	0.244350	0.083153	0.717992	0.908339	0.486117	0.189901	
0.062672	0.953208	0.398014	0.915734	0.426476	0.109228	0.912323	0.595132	0.067511	0.418142	0.023052	0.335814	0.444938	0.291983	0.844774	0.672174	0.507367	0.807993	0.437745	0.515667	0.041018	0.402435	0.010490	0.892790	0.536392	0.389861	0.812228	0.300488	0.969828	0.188220	0.074354	0.722048	0.485777	0.487101	0.253768	0.787742	0.627664	0.248127	0.187743	0.716155	0.451849	0.283579	0.831691	0.521243	0.176538	0.616121	0.569858	0.832612	0.868210	0.979156	
0.322482	0.416763	0.957075	0.588300	0.805806	0.868953	0.410471	0.521733	0.736599	0.043681	0.752439	0.164028	0.997971	0.377932	0.316354	0.988158	0.123986	0.588982	0.069811	0.225879	0.481738	0.133273	0.247364	0.134371	0.697982	0.897100	0.837854	0.772718	0.057769	0.702005	0.507738	0.012959	0.095084	0.712785	0.779225	0.040511	0.033496	0.153171	0.828790	0.264824	0.465594	0.977193	0.223053	0.139272	0.900561	0.654945	0.531440	0.040023	0.269846	0.791418	
0.691472	0.310033	0.005713	0.005828	0.750745	0.361274	0.432576	0.519786	0.088378	0.936450	0.500335	0.397238	0.259299	0.658299	0.190069	0.578216	0.281645	0.606509	0.351453	0.121861	0.882989	0.318536	0.821602	0.971193	0.497380	0.898920	0.499038	0.029490	0.733419	0.287482	0.137505	0.805028	0.753948	0.706508	0.023874	0.207598	0.311504	0.222427	0.364456	0.043087	0.101262	0.859551	0.238165	0.358637	0.576830	0.895071	0.511818	0.133485	0.111636	0.371166	
0.668362	0.042373	0.104898	0.112973	0.458420	0.331190	0.098067	0.159982	0.079783	0.307815	0.164738	0.370949	0.902985	0.942321	0.344428	0.150132	0.892251	0.992656	0.457306	0.466504	0.261689	0.475408	0.988436	0.695988	0.154008	0.724833	0.206689	0.995301	0.600216	0.124295	0.251110	0.957433	0.466933	0.140511	0.055719	0.839964	0.404708	0.677164	0.950761	0.461363	0.376955	0.423515	0.281978	0.693318	0.356439	0.826836	0.092040	0.750910	0.734359	0.483212	
0.498435	0.107486	0.638547	0.296287	0.157802	0.694078	0.943847	0.118400	0.536410	0.108018	0.629331	0.500397	0.719123	0.280344	0.142727	0.243560	0.086732	0.544304	0.135696	0.314587	0.598242	0.828255	0.126259	0.767913	0.758373	0.555517	0.810784	0.109074	0.307220	0.983390	0.152975	0.091109	0.577997	0.964985	0.476004	0.007191	0.288238	0.616334	0.782101	0.077165	0.260177	0.928176	0.688595	0.600869	0.426669	0.445762	0.811209	0.819350	0.172283	0.102898	
0.063908	0.722534	0.945535	0.766642	0.723115	0.268108	0.476488	0.054254	0.233535	0.160898	0.239381	0.239848	0.143530	0.439795	0.843534	0.964102	0.652783	0.259588	0.025504	0.325953	0.870038	0.731912	0.790346	0.511609	0.441288	0.684085	0.279167	0.731259	0.983132	0.738511	0.713748	0.734109	0.389248	0.964848	0.019928	0.163371	0.884862	0.236492	0.681448	0.699088	0.420608	0.803405	0.307107	0.122472	0.705717	0.116906	0.563596	0.785995	0.844713	0.367596	
0.041643	0.754608	0.426250	0.601712	0.739202	0.230434	0.683973	0.859585	0.568502	0.281318	0.843041	0.693684	0.249239	0.359481	0.230521	0.958593	0.258044	0.198669	0.704301	0.791992	0.101181	0.603313	0.056266	0.776233	0.444955	0.898987	0.455775	0.694633	0.072350	0.798966	0.781191	0.575036	0.470760	0.723529	0.574086	0.618563	0.537948	0.460420	0.684773	0.218981	0.294204	0.417725	0.710639	0.454993	0.166472	0.085859	0.011517	0.986897	0.434600	0.657337	
0.225947	0.683953	0.497776	0.358108	0.381026	0.312278	0.695058	0.425208	0.842361	0.188685	0.134159	0.956495	0.935440	0.627954	0.653817	0.378725	0.561191	0.643659	0.207051	0.241516	0.578857	0.263306	0.283796	0.679612	0.568715	0.134989	0.142842	0.848551	0.034876	0.448322	0.761796	0.568458	0.889725	0.381954	0.213885	0.684851	0.177264	0.066657	0.636671	0.587217	0.614567	0.908260	0.813691	0.835692	0.233316	0.537260	0.111060	0.318099	0.317834	0.097560	
0.323524	0.324461	0.730568	0.961849	0.137388	0.572625	0.271272	0.509365	0.237697	0.933529	0.629071	0.466125	0.576507	0.740916	0.484279	0.426060	0.620886	0.308591	0.141639	0.718694	0.819506	0.030983	0.772205	0.175742	0.885406	0.480915	0.580060	0.254607	0.731265	0.050907	0.833998	0.023347	0.227488	0.806339	0.602378	0.648155	0.816352	0.512663	0.219486	0.598459	0.797676	0.619368	0.026414	0.534302	0.869498	0.973223	0.062177	0.158380	0.328508	0.658792	
0.489752	0.352771	0.986086	0.894662	0.553839	0.310464	0.572494	0.729250	0.803807	0.356588	0.848762	0.376801	0.326380	0.200603	0.499900	0.585774	0.166343	0.295757	0.803978	0.358001	0.683540	0.709331	0.598297	0.854942	0.702133	0.075409	0.541341	0.461833	0.987390	0.522609	0.521832	0.476943	0.046927	0.840604	0.963120	0.208722	0.867069	0.902693	0.356634	0.867469	0.969166	0.609661	0.395088	0.378228	0.733930	0.869768	0.009219	0.943937	0.119412	0.907052	
0.983145	0.729191	0.033828	0.315580	0.389520	0.449229	0.125927	0.869192	0.130385	0.903493	0.148256	0.120078	0.119973	0.213621	0.848556	0.321917	0.236448	0.681916	0.682992	0.660738	0.180544	0.431197	0.168858	0.827487	0.547808	0.163559	0.504241	0.853538	0.347652	0.863599	0.187833	0.027910	0.236624	0.694557	0.707321	0.992129	0.465263	0.194337	0.723714	0.933364	0.752803	0.967586	0.380560	0.881258	0.888284	0.924421	0.930373	0.500398	0.662157	0.086614	
0.550250	0.257343	0.502068	0.649634	0.473504	0.497304	0.679922	0.483351	0.286014	0.788695	0.109466	0.250414	0.665447	0.206836	0.945767	0.697081	0.372193	0.511531	0.406104	0.100043	0.744163	0.105914	0.062238	0.484567	0.953874	0.522550	0.986377	0.103178	0.523776	0.979428	0.603465	0.965561	0.630933	0.849919	0.638256	0.916644	0.547310	0.806504	0.611824	0.957800	0.564333	0.629038	0.253314	0.202535	0.042231	0.246634	0.858471	0.621353	0.689286	0.526441	
0.421234	0.709961	0.465644	0.578093	0.807537	0.643167	0.016243	0.922581	0.004421	0.046647	0.307078	0.692348	0.505475	0.654954	0.784974	0.522303	0.624480	0.174752	0.748730	0.167592	0.288738	0.928137	0.082963	0.574538	0.975833	0.134037	0.914466	0.448461	0.140086	0.614703	0.284809	0.131268	0.369271	0.999413	0.058865	0.674268	0.977763	0.652585	0.453122	0.148110	0.848308	0.711866	0.108531	0.182716	0.263742	0.173677	0.934425	0.457841	0.610964	0.421697	
0.624258	0.017433	0.698369	0.662746	0.897141	0.580445	0.093002	0.508223	0.452639	0.450150	0.488357	0.264933	0.928772	0.726478	0.180027	0.209566	0.244139	0.406306	0.897017	0.093998	0.879908	0.539607	0.966755	0.174443	0.738768	0.135775	0.248421	0.649908	0.123482	0.716929	0.524561	0.107794	0.153494	0.711208	0.583152	0.844669	0.479649	0.435969	0.432106	0.865797	0.235007	0.398000	0.402280	0.660621	0.424295	0.829271	0.304045	0.717556	0.451165	0.508051	
0.233970	0.497376	0.736997	0.160022	0.543758	0.339977	0.027391	0.262193	0.785885	0.955432	0.300363	0.159035	0.721768	0.061948	0.305356	0.207250	0.922721	0.252944	0.637971	0.828820	0.438785	0.960494	0.906774	0.895847	0.145500	0.902838	0.635983	0.050272	0.938465	0.530684	0.682220	0.783147	0.442559	0.264658	0.449057	0.262259	0.262274	0.354019	0.445439	0.861706	0.101145	0.036801	0.826418	0.094878	0.199293	0.008704	0.363496	0.486453	0.827942	0.886585	
0.844588	0.164842	0.371596	0.275911	0.768725	0.407973	0.902161	0.606997	0.531847	0.493463	0.327437	0.612653	0.294018	0.496988	0.850216	0.398959	0.532416	0.801667	0.082661	0.721047	0.215195	0.721256	0.573794	0.845936	0.030129	0.836781	0.841565	0.048499	0.548539	0.257543	0.929058	0.093560	0.220303	0.365486	0.972805	0.154350	0.215553	0.305356	0.203860	0.894988	0.490690	0.591554	0.181203	0.467839	0.185539	0.128498	0.381885	0.576071	0.117285	0.905151	
0.028091	0.278091	0.935107	0.032991	0.734740	0.372955	0.659748	0.557686	0.604561	0.570692	0.750907	0.904697	0.921248	0.734979	0.422326	0.128624	0.699631	0.694061	0.990163	0.773703	0.655030	0.950332	0.111167	0.155729	0.533543	0.505828	0.425611	0.417241	0.891294	0.385392	0.792350	0.764038	0.920732	0.126718	0.185150	0.635797	0.047079	0.154959	0.094147	0.873974	0.037109	0.912140	0.790328	0.809579	0.481602	0.995243	0.708987	0.765933	0.217379	0.540614	

Printing Matrix C
11.000249	13.514828	13.426614	13.006315	16.019149	11.681184	14.885442	12.388641	12.178496	11.729927	12.633260	11.157136	13.761190	12.217262	12.634867	12.344701	11.665814	12.947911	11.983817	12.313026	13.683450	13.478222	13.456773	16.119136	13.278222	13.059466	14.343773	12.026820	13.005140	16.101657	14.407091	13.888863	12.770687	15.339285	11.431377	12.790678	14.923359	11.734845	13.013479	11.777201	12.210698	14.813345	11.480038	15.000054	13.194683	14.278753	13.897045	13.837149	13.545017	11.948803	
11.952989	13.503148	14.575652	12.569298	16.063320	11.902281	14.903774	13.597013	11.697461	12.356323	12.652674	12.614736	13.473481	13.654710	14.161095	12.233919	13.192253	14.550836	12.930038	13.170164	14.563127	14.681599	13.376446	16.668185	14.376051	14.307565	14.365429	12.340804	14.010293	16.657894	15.156900	13.795926	13.649530	16.276275	11.426290	14.697398	14.937854	12.150953	12.638337	13.999292	11.697066	15.433657	11.586667	13.956297	12.267602	13.495950	13.895635	14.531574	13.715033	12.677164	
10.833399	12.875163	12.530993	11.924374	15.445948	10.411202	14.354097	12.630568	12.391937	12.111161	11.495293	11.794601	13.200666	12.990094	12.970867	11.445237	12.279599	13.803243	12.551905	12.483934	13.274673	12.927245	13.157534	16.118469	13.837089	13.080257	12.925624	12.578964	12.067998	14.874737	14.533769	13.252262	12.172738	13.660553	11.678482	12.624024	13.792844	11.814159	12.492691	13.507554	12.249086	13.650443	12.242776	15.980468	12.810757	13.337645	12.998109	13.886573	12.617367	11.801282	
11.213132	11.661750	12.926442	13.027434	15.095124	11.219091	12.638475	12.341631	11.238247	12.703383	12.177348	11.010631	12.141739	12.049000	12.778875	11.922339	11.393631	12.801409	10.470212	11.889714	13.872385	12.374047	12.180604	15.220857	13.564323	12.839002	13.473496	10.656829	11.787533	15.410278	14.421937	12.227306	10.738064	14.260538	11.531047	12.621221	13.135279	10.373068	11.317792	13.409435	11.299779	13.033504	10.307923	11.972808	12.082060	12.883312	12.978938	13.114961	12.287218	11.685963	
10.019238	11.248834	14.034250	13.511819	14.889947	11.486629	12.957740	10.050043	10.919713	10.932237	10.652165	10.604674	12.516203	11.978834	11.990169	10.796460	9.695147	10.959111	12.611971	10.608964	13.472726	13.046260	10.949181	14.265461	13.635041	11.854415	12.288650	11.464085	11.846122	15.967510	13.322630	13.011514	10.877980	13.904766	10.757982	11.196565	12.569380	11.218239	11.395170	11.205381	11.781846	13.124040	10.284348	13.348442	11.078426	10.907889	12.758235	12.265735	12.535087	11.376989	
9.684667	11.155577	11.262171	11.025209	15.062748	10.157230	11.507011	10.658463	10.739859	10.767338	10.829926	10.418192	11.469482	11.767440	11.088641	11.134022	10.665822	11.743322	9.916699	11.641558	11.540999	12.296063	11.443617	13.466514	11.075322	12.045767	11.158629	10.399285	11.572992	13.214071	13.343808	11.209946	9.850930	12.396390	9.137299	12.271026	11.405347	9.264393	9.937447	12.284154	9.843711	12.214468	10.989684	12.866914	11.031811	11.154360	10.921500	11.939122	11.591668	11.251760	
9.466394	11.456474	13.666669	12.918204	14.269822	10.725047	12.570455	10.444357	12.146442	10.710747	12.466740	11.140010	13.730674	12.066095	11.855757	10.763754	12.006889	11.760832	11.901413	11.947112	13.667885	13.533294	13.430431	15.085385	13.155874	11.747809	12.794810	11.534491	12.088420	14.722019	14.291274	13.417183	12.677477	13.211087	11.326075	11.639853	14.581335	11.305633	11.671962	12.592522	11.584836	12.879553	11.377232	12.970015	12.020228	12.860636	11.923096	13.218106	13.846886	11.858905	
8.656730	12.092721	12.095500	12.015996	13.645084	10.484224	12.625689	10.404039	10.897910	10.964367	11.011689	9.909222	12.605806	11.218278	11.205287	11.455423	10.157310	11.057644	11.760970	10.752421	13.130738	12.075601	11.622602	14.970198	13.043200	11.476119	13.577315	10.075072	10.612951	14.639758	13.156181	12.209478	11.479525	13.090042	10.624261	10.188509	12.454442	10.556524	11.124085	10.961641	11.409724	12.284568	10.926843	13.292100	10.881258	11.449409	12.774540	11.981461	13.005966	11.556226	
11.082032	11.705227	12.251156	12.845531	15.292261	10.117285	11.529509	10.912670	12.282894	10.870921	10.293636	10.752832	12.804367	12.041845	10.460691	11.386821	10.821054	12.547508	11.480983	12.331219	12.151738	11.606824	12.619581	14.617103	12.892552	12.656228	12.072183	11.313744	11.532836	14.804926	13.627618	12.020900	10.558655	13.271707	11.056403	11.037950	13.057665	10.246577	10.858300	12.673788	10.250674	11.884706	10.628327	13.715841	11.239762	10.583835	11.797342	11.376462	12.719784	12.519048	
12.089377	13.693344	14.377890	13.540588	16.439014	11.976348	14.601561	13.151763	13.270458	13.082345	13.092441	12.246241	14.200899	13.416186	13.127100	14.112814	11.676977	14.429019	12.988506	13.860121	14.464236	14.555147	12.123720	17.544297	14.384200	14.014765	14.180672	13.034173	13.352250	17.214141	15.405902	14.396669	14.241479	14.928711	12.626292	13.432554	13.951300	12.088959	12.724269	14.665617	11.951753	14.579648	13.462241	15.331981	12.920316	14.045482	14.206679	15.365678	13.480310	13.135089	
10.140350	10.754803	13.005940	12.602426	14.719258	10.681208	12.784013	10.790420	12.001777	11.487269	12.083555	11.680041	12.016803	12.321514	12.288554	11.264582	10.924156	11.877320	11.615475	11.327135	12.837563	12.301359	11.554454	15.319796	13.611093	12.559085	12.181891	11.336298	11.367239	14.868818	14.285796	13.383318	12.028169	13.137118	11.465923	11.464695	12.919362	11.564621	11.327867	12.713068	12.126560	12.779753	11.705353	12.784859	11.587009	11.661579	11.462991	12.650532	12.560654	12.111730	
11.738629	12.901896	13.388617	12.665635	16.278558	10.418391	14.441055	12.420814	12.425919	11.687150	11.719892	10.626687	13.130373	12.802372	13.939471	12.900724	12.140870	12.934142	11.926160	12.066047	13.526907	13.528405	13.047865	15.857133	13.906882	14.707855	14.292278	11.067199	12.654559	16.365165	14.305466	13.591225	11.634416	14.515247	12.474411	11.490131	13.976184	11.038919	12.372075	13.113002	12.061525	13.405530	12.744893	13.797287	12.490779	12.779480	12.481190	13.890287	13.617894	13.265305	
10.852707	11.075309	13.573454	12.851897	14.790064	11.223557	12.944613	10.234661	11.891767	10.964846	11.820703	11.597731	13.149686	12.603133	12.841598	11.119346	10.911712	12.933284	11.619760	11.093189	14.207161	13.339478	11.954939	15.373772	14.113667	12.165025	11.497859	11.978777	11.820588	14.899329	14.235016	13.119585	12.092506	12.775615	12.260792	10.910374	12.684270	11.768153	11.325695	13.414256	12.161377	12.458913	10.551405	12.779961	11.549540	11.740957	11.900404	12.475176	13.138193	12.686077	
9.418614	12.391003	13.038083	12.292063	14.017559	10.292880	13.572563	11.021679	11.915827	11.475804	11.547111	10.864936	12.402488	11.501906	12.350025	10.655283	11.564356	12.129231	12.017994	12.190313	13.580932	12.389567	11.717071	15.624610	12.544768	12.049378	13.302667	11.367622	12.830299	15.097378	14.833605	14.200544	13.080479	12.721416	11.594386	11.773286	13.438355	10.628757	10.851139	12.697043	10.602997	11.636555	12.259700	13.988153	11.932967	11.918697	13.356176	13.157566	13.644327	11.988185	
12.463021	14.123371	15.519886	13.936916	17.087758	12.927860	14.846828	13.451359	14.390836	13.184841	13.529431	12.936560	14.679656	14.273440	15.087723	12.498353	12.841977	13.925717	13.257135	14.774360	16.436988	15.638011	13.897509	17.354008	15.223146	14.301885	14.318127	13.025751	14.324158	18.134308	17.311231	15.169069	13.310598	16.516298	12.909482	14.208808	15.157896	12.691295	14.575505	14.898633	13.625281	16.228325	13.261874	14.782198	13.820988	14.461720	14.540962	16.171611	14.421096	14.281407	
10.155924	10.284263	12.019479	10.494547	13.333824	9.724757	11.077614	9.798112	9.985822	10.236409	9.841507	9.717613	10.697640	10.813090	10.637977	9.991252	9.164096	10.183245	10.710252	10.474633	11.248483	11.464734	9.506049	13.080979	11.985902	11.584434	11.432125	9.182070	10.511418	14.005188	12.066064	10.720570	9.838433	12.533423	10.062819	10.659860	11.466424	9.963781	9.952134	10.930480	10.229085	11.956631	9.651744	11.806442	9.625854	9.866628	10.591343	11.542907	10.684823	10.674160	
10.517950	11.512846	12.920304	12.631961	14.661988	10.649161	13.488378	10.707465	11.245719	11.035736	11.514653	10.423769	13.886008	12.440326	10.892014	12.221428	10.479333	11.929144	11.478509	11.145019	14.208932	12.418485	11.527743	15.277520	14.549546	12.189575	12.899224	12.324082	10.728097	15.158203	14.023881	11.462870	11.990988	13.095886	12.151372	10.905448	13.366864	11.509247	12.236208	12.404924	11.877889	13.549525	11.036081	14.393701	12.426114	12.683806	12.007871	14.319665	11.371153	11.506484	
9.950075	10.634320	11.126159	10.419575	13.072115	9.520455	11.743600	10.544774	9.983558	10.112285	9.799793	10.100019	10.838474	10.048075	11.052172	10.425303	9.070979	10.913695	9.909986	10.312396	10.767189	11.087231	9.455997	13.715969	11.203514	10.653603	11.807248	9.819746	12.141795	13.158600	11.075905	10.606949	10.526688	12.293157	10.586764	11.142150	11.260705	10.002329	9.856331	11.314561	10.519367	12.366408	9.708114	12.590742	10.032350	10.474321	11.366925	11.233685	11.039440	11.363575	
10.963015	13.839907	14.000862	12.693690	16.448833	11.463635	12.202760	11.821937	12.540499	12.594188	12.562041	11.389345	12.969556	13.587194	13.095377	12.706281	11.567332	12.913917	12.838469	13.353072	14.400652	12.588563	13.109793	15.146776	13.983548	13.264965	13.561654	12.301026	12.448407	16.026741	14.699081	13.281752	12.529431	14.362227	11.489747	12.974011	13.114127	11.493842	12.495059	14.706083	11.996058	14.303035	12.073734	14.396191	12.864654	13.789861	12.764123	13.384046	13.650256	12.787567	
11.799022	10.706997	12.932602	10.904747	13.659261	10.441343	12.326836	11.155161	12.199252	10.844913	10.769269	10.070990	12.662779	12.302456	10.826364	10.815223	10.657418	11.831184	11.052241	12.173866	12.444776	12.578458	11.981476	14.657574	11.494764	12.497643	12.217070	11.143900	12.842968	14.214317	13.285517	12.199975	10.801214	12.633862	11.704509	11.943309	12.278967	10.156736	10.931404	12.319564	11.015030	13.411782	10.242548	14.151217	11.884608	13.411564	11.226030	13.086893	11.576779	10.939236	
10.563792	11.586595	14.071262	12.326882	15.595858	11.416406	13.918902	11.505159	11.749327	12.173229	12.417818	11.197961	13.851038	12.489333	11.873692	11.582340	11.419305	12.441747	12.489416	11.986439	13.797504	14.011979	12.663927	15.207271	13.961703	13.249027	13.272129	11.527120	12.804148	15.308681	14.082774	11.907890	11.148376	13.655746	12.148120	11.824470	13.457785	11.196303	11.196884	12.142779	11.893459	13.991775	11.903834	15.721384	13.701720	13.017735	12.391394	12.911133	12.015491	12.087323	
9.469626	13.735996	13.715233	12.305418	15.826486	10.519229	13.662301	11.773313	13.083859	11.625922	12.350109	12.030980	13.274275	11.962454	13.085297	12.397816	11.807417	12.134796	11.510612	13.050083	12.655999	13.700646	12.302301	15.595596	12.822363	12.532482	13.333698	11.843495	12.737585	14.573008	14.882045	13.070063	12.615831	13.303011	11.692048	11.601740	13.135110	10.977566	11.447963	13.912889	11.753427	13.175111	12.398906	14.183439	12.468040	12.361972	13.007961	13.151419	13.982124	13.043721	
10.014774	10.177567	11.823266	9.825854	13.641213	9.461605	11.257845	9.415631	10.729223	10.111542	9.453653	8.644633	12.011974	11.104306	9.565572	10.399387	9.814921	11.824697	10.320236	11.387779	12.216672	10.685864	10.913839	12.550628	10.699866	11.092138	11.629244	9.909721	9.989825	13.528974	11.564007	11.291107	9.569158	11.832110	9.594655	10.442223	10.808794	9.332214	9.832130	11.419887	8.726864	11.552016	10.004030	12.754626	10.555958	11.826378	10.205252	10.981193	11.511703	9.741801	
10.088996	12.055370	13.107493	13.229708	15.409973	10.451852	12.768529	10.429922	11.416448	11.126633	10.840396	10.636782	11.798566	12.020127	12.618172	11.286346	10.354618	12.517697	10.629567	12.246998	12.450998	12.637386	12.378764	14.884712	12.442362	12.411937	12.065803	10.421203	11.785065	14.169580	12.644708	12.489255	10.214501	13.069012	10.569240	10.416477	11.811931	9.364108	11.108709	12.190150	11.409432	12.315424	11.108950	13.731472	11.498518	11.146175	11.697206	11.257214	12.846890	12.176872	
9.205120	10.914664	13.538025	11.406722	13.360186	9.950841	11.805582	9.397727	11.180791	10.508866	11.152418	9.809582	12.224966	11.442760	10.955004	10.807494	10.575909	10.932901	11.904524	11.488127	13.344715	12.848378	12.292234	13.842852	13.150587	12.258119	12.657644	9.382203	12.360277	14.754630	13.863648	11.827002	11.689456	12.806367	11.137318	10.550479	12.405711	9.706119	10.726966	12.536182	9.679846	12.294130	11.627260	12.657829	11.340618	11.267216	10.857662	12.947134	12.230419	11.826399	
9.515895	11.257036	12.107528	12.722644	14.459970	11.081803	12.909795	10.981154	10.506489	11.772370	11.631135	10.823303	13.027515	11.627151	12.538766	11.147879	10.328832	12.565303	11.096804	10.407388	13.412270	12.119494	11.924656	14.796240	14.061471	12.080857	12.476180	11.186202	11.175710	14.700558	14.120799	11.814599	11.211638	13.612667	11.571031	11.653697	12.795656	10.635190	11.627365	12.131077	11.627572	13.130054	10.964250	14.217311	13.302404	12.617285	12.611422	12.278577	12.077016	11.806575	
12.763496	13.584378	15.193085	13.160253	16.738034	12.538935	14.652208	13.097839	13.313411	13.091605	12.499936	12.857544	13.227383	14.448365	14.576991	12.343171	11.989429	13.898492	12.427786	13.580083	14.554513	13.216452	12.403218	15.387523	15.658564	14.025209	13.564844	12.072824	13.414768	16.497210	15.246449	14.197004	12.980021	14.964199	12.563581	13.361026	13.373322	12.034445	12.322050	15.116586	13.561495	14.943949	12.838805	15.461337	12.451588	13.731568	13.129945	13.108466	14.404397	13.120659	
9.966113	10.039262	11.053815	9.977613	13.832096	9.741426	9.948214	10.018741	10.333218	9.637956	10.046409	9.065729	11.415158	11.136226	10.716879	8.538546	10.063125	10.586720	10.697989	10.031992	11.211777	10.961619	10.191247	12.254046	10.787411	10.448802	10.594917	10.346630	9.708259	13.279123	11.905434	10.948504	9.729146	11.210618	10.034809	10.828710	10.666795	9.063616	10.052539	11.544078	9.735770	11.208021	8.899969	11.717743	10.406841	11.844289	10.540041	11.028498	10.401021	10.137281	
10.368077	12.100103	12.475844	12.341475	15.807670	10.649046	11.931643	11.075419	11.745055	11.837314	12.186911	11.664633	13.971573	12.420685	11.866993	11.238870	11.597687	12.954271	11.980459	11.753532	13.025481	12.603155	12.972816	14.476091	13.363577	13.778419	12.888022	10.798560	13.535816	15.002563	13.496884	13.942315	12.125229	12.836855	10.242192	12.304437	12.139591	10.781967	10.724357	13.487866	10.112256	12.264289	11.977085	13.152804	11.454980	11.877805	12.787849	12.913706	13.892352	14.126956	
10.575436	11.606486	13.647047	11.860102	15.397470	10.291098	12.222642	10.955763	12.741318	10.184279	12.449828	11.027326	12.209221	11.704796	10.803408	11.963695	10.027109	11.755095	12.078430	12.618792	12.696530	12.489641	12.252658	14.550857	12.351139	12.926426	13.421201	12.142297	12.516573	16.282564	14.502172	13.133582	11.440049	13.600099	11.127218	11.634199	14.407144	11.651423	11.523224	12.017736	9.982595	12.889199	10.916104	12.675369	11.935065	10.497253	14.064987	13.993455	13.006632	12.076407	
10.994669	12.890933	13.330658	11.528408	14.761154	10.319429	12.724121	10.642837	11.786754	11.749314	10.753712	9.940113	11.727966	11.552348	11.816196	11.667097	11.217509	12.114417	11.696442	12.944431	13.300333	12.822150	11.840224	15.076564	13.452204	13.460210	12.014096	10.621051	13.031315	14.576167	13.997731	12.986790	11.501888	13.404629	11.041484	11.422908	13.735850	11.746754	11.744562	13.180129	11.554846	12.772177	11.421301	13.848915	11.479424	11.435481	11.610931	13.584850	12.630331	12.237507	
10.707650	11.933445	13.490338	12.457276	15.421868	11.131868	12.868698	11.157289	12.368479	11.690737	12.214709	10.618992	13.294584	12.856006	12.385905	11.501684	11.147482	12.827271	11.743591	12.367356	14.436088	13.151522	13.620316	16.435983	12.884232	12.750882	13.431493	12.028072	12.771719	15.981908	14.259796	13.139510	10.933389	14.492169	11.599571	11.815634	12.734294	10.672011	12.440207	13.288717	11.052496	13.691543	12.273663	14.704590	13.933048	12.760042	12.352972	13.130787	11.861610	12.447518	
9.858883	11.877184	13.458564	12.602208	15.025076	10.386095	13.159081	11.395461	11.721044	11.901031	11.350100	11.149096	13.348416	11.561152	11.723138	11.559096	10.723584	12.348128	12.353311	12.991565	12.851257	12.697744	11.111640	14.863918	12.957837	13.031377	13.933045	11.113401	12.129908	15.075138	13.363277	13.132347	11.934295	12.622433	11.155728	10.962261	12.672806	10.344298	10.718336	11.980786	10.834318	12.845131	11.637255	13.740787	11.177717	10.835815	13.197056	12.128012	13.029916	12.479896	
11.434099	13.984114	14.430083	14.233052	16.150692	11.878930	14.772637	12.101832	13.623079	11.402544	12.557218	12.071673	14.193000	13.210652	13.373770	12.820049	11.508670	13.511200	13.500200	12.444927	13.937522	13.975289	13.253801	16.653113	14.439930	13.234977	13.819148	13.116421	13.064921	18.069634	15.253990	14.710225	12.462868	14.763030	12.190967	13.758947	14.621405	11.989334	12.498704	13.093331	12.393145	14.105640	11.785667	15.644570	13.246285	13.308616	14.952569	14.420770	14.516970	12.328754	
10.242006	11.113080	12.344348	12.131699	15.357034	11.004114	11.743164	10.299041	10.603253	12.435002	10.941356	11.203293	12.141083	11.367766	11.000537	10.533350	9.930909	11.310968	11.616669	11.448755	12.156311	12.223635	10.694950	15.660251	13.313404	11.401142	12.041268	10.678622	11.702728	14.343027	12.896254	12.887953	11.770837	12.103765	10.807568	11.830267	12.739872	10.155800	10.274447	12.662620	11.543045	12.808200	10.492873	13.554513	11.480646	10.879521	12.209214	12.271160	12.321878	11.941600	
13.251309	13.512784	15.384490	14.048660	17.601283	13.492770	15.779192	13.822467	12.984366	15.134254	13.247489	13.235452	15.632290	14.732142	14.521624	12.529944	13.752406	14.757344	13.794529	13.768097	16.333973	14.760306	14.532589	17.945729	16.347747	14.541611	15.192889	13.088092	14.727436	17.708680	16.272538	15.336529	15.042775	15.563014	13.765632	14.488299	15.357985	13.076354	13.134534	15.400328	14.073292	15.627535	13.649492	16.740629	14.331491	15.032006	14.388949	15.133889	15.683437	14.550769	
9.954217	10.957746	11.461483	11.453281	14.323548	9.348036	11.463013	11.099963	11.158113	10.671164	10.192474	10.125853	11.846609	10.808727	10.991205	11.775838	10.275097	11.947754	11.035210	11.284933	10.952664	12.382427	10.828795	13.820264	12.568201	12.571347	11.422679	10.095929	11.765834	12.936340	12.028548	11.739995	10.608671	11.967288	9.811955	10.707951	12.170809	10.520427	10.240011	12.155012	10.387772	12.239262	10.597786	12.284305	10.461626	11.356416	12.089535	12.295135	11.546084	11.826019	
10.577009	12.831970	15.313551	13.651154	16.300040	12.044464	13.422036	12.029183	12.418602	12.299940	13.261294	12.472321	13.460115	13.039782	12.889282	13.127472	11.334372	13.585247	12.400328	12.282511	14.177195	12.928365	12.468152	15.529967	15.189362	13.786585	14.323082	11.616852	13.303661	16.495900	15.498042	13.548090	13.028079	14.779860	11.792721	12.991631	13.508555	11.489493	11.746240	14.589303	11.224285	13.871483	12.315109	13.625990	11.661281	11.802280	14.067680	13.655755	13.145751	13.551865	
10.874334	13.181091	14.472467	13.509148	16.277064	11.468874	14.381369	12.623276	12.685531	11.900692	12.913150	12.446850	13.307594	13.241109	14.006813	13.423977	13.189186	14.084991	12.893629	13.736131	13.386913	16.299278	13.446795	18.028773	13.151533	13.945738	14.138673	12.167239	14.883849	16.520471	15.096319	13.982963	12.231958	14.943247	12.984861	13.781707	14.602568	11.346204	12.902840	14.222566	12.333874	14.171606	13.150244	14.903290	12.386457	13.623230	13.248680	15.839454	14.714366	13.984237	
10.890814	11.386149	13.049245	12.254446	15.112783	10.171118	12.026057	10.748743	12.067780	11.385143	10.659044	10.127050	11.600343	12.338154	12.098544	10.601302	10.465811	12.211338	12.596359	11.476363	13.023875	11.808089	12.249895	14.509595	12.491023	12.155031	11.753902	10.766367	11.781646	15.137425	14.028535	14.068841	11.163832	12.099191	10.804085	11.570744	11.807232	10.918363	10.601751	13.896900	10.561016	11.288934	11.588271	13.206062	10.874655	12.456913	11.738556	13.784270	12.334783	11.969241	
10.087921	10.620294	11.555299	10.689036	13.799794	10.508829	12.814737	10.378015	10.346748	11.541644	10.848125	9.867828	12.182213	12.002145	10.694094	10.147248	10.176989	11.241080	10.774477	10.891304	12.372602	12.248655	11.982593	14.332490	12.694422	10.885601	10.908864	11.048314	11.118738	14.250546	13.004097	11.219784	11.002371	13.804293	10.291056	12.500055	12.872656	10.550057	11.896956	11.348259	10.760571	13.007406	10.696446	13.761376	12.321053	12.681676	10.767534	12.503315	11.176152	10.223626	
11.115125	12.228789	12.907447	11.887415	15.892624	10.313913	12.896521	11.574032	11.781685	11.145435	12.795585	10.493790	12.911927	12.167394	12.120417	11.470346	11.916393	12.860059	13.075961	12.105534	12.910271	14.435694	12.727720	15.933024	13.329255	13.970198	13.098763	11.417188	12.322417	16.486662	13.492459	13.201360	11.899391	14.082126	11.310403	12.759350	13.638096	11.107725	12.079734	12.714498	10.581698	12.959763	11.982575	14.187482	12.429655	12.593818	13.099360	14.693312	13.201642	12.024846	
10.637363	13.757532	14.730498	13.002744	15.528291	11.558232	13.708762	11.812871	12.413031	10.901209	13.157033	10.891376	13.590591	12.988530	11.901148	12.118993	11.975198	12.455380	13.678740	13.180564	14.446638	13.831285	13.137664	15.923097	14.774521	14.021767	14.465847	11.785908	12.909505	16.564823	14.999906	13.572114	12.821954	15.334117	12.278217	12.498322	15.082827	12.220326	12.959230	12.506164	11.583178	13.788914	11.869012	14.875762	12.900770	12.879236	12.952634	14.997087	13.498888	13.183450	
8.091525	9.907943	11.078312	10.295004	12.309657	9.729445	9.886072	8.784611	8.002321	9.861570	9.453253	8.842132	10.455435	8.891934	10.681583	9.612390	8.787458	10.365034	9.266906	8.847099	10.697734	10.568648	9.209711	12.759239	10.653140	10.113383	11.244517	10.025325	10.941460	12.879460	10.893692	10.363876	9.769508	11.100540	9.275851	10.078113	9.736313	8.527907	9.755812	10.763544	8.969109	11.065972	9.182151	10.051720	9.655312	9.078492	11.478182	10.675376	11.484978	10.725502	
9.812619	10.788933	12.076023	10.849073	13.679801	9.341736	12.443216	10.037932	9.837951	10.646777	9.959022	9.278539	11.162606	11.099764	11.084465	10.894281	10.206405	11.654268	11.479145	10.429003	12.715234	11.502228	11.445358	14.161157	11.335373	10.754634	11.169849	10.512037	10.859610	13.319517	11.967944	12.245579	10.874315	12.380467	10.501916	11.648177	12.851822	10.148367	10.197603	11.296736	10.671741	12.379583	9.493689	13.443572	9.904679	12.120371	10.170362	12.090856	11.744681	9.755523	
7.644506	9.137849	9.645350	9.176803	11.097003	8.112211	10.169491	8.329177	9.346194	8.643967	8.886260	8.796790	10.383826	8.932844	8.914255	8.677925	8.275592	9.297807	10.318288	8.337453	10.165360	10.408744	9.058797	12.383096	10.600982	8.500773	9.824601	9.333270	8.723117	11.884203	11.175588	9.111615	9.588399	10.141771	9.508422	9.077574	10.973682	10.135500	8.631678	9.679174	9.162714	9.205032	8.785594	11.245053	9.308373	8.801442	10.202146	11.047889	9.517151	9.132701	
10.306238	11.193384	13.417570	11.940488	15.300677	10.723481	12.559809	10.997302	11.263603	12.146870	11.976862	11.181189	11.509564	12.035493	11.637516	11.199402	11.078247	12.431835	12.216105	12.035025	13.074217	13.624010	12.614644	16.069295	11.826542	12.198843	11.798445	11.315335	12.627314	14.389239	13.585851	13.659908	11.540875	13.498239	10.998606	13.105407	12.815691	11.073920	11.312117	12.749421	10.341510	12.305664	10.724332	13.427023	10.900568	12.326687	11.824196	13.216886	12.307539	11.193515	
10.471600	11.325425	13.822550	11.476734	15.594969	11.246361	12.230020	10.701049	10.916992	12.137009	11.474985	10.607441	12.716279	13.374386	11.912574	10.683320	10.856936	11.569238	12.092694	11.997157	13.809363	12.682323	12.624574	14.361355	12.331185	11.459460	12.532276	11.585482	12.030401	14.745014	14.443766	12.212366	11.538315	13.013132	10.506279	12.873606	12.015645	10.975589	11.315656	13.669281	11.426784	13.423798	11.420100	14.391761	11.365617	12.442667	11.170078	13.262133	11.476321	11.568561	
9.398264	11.880720	12.743511	11.761414	13.426278	10.112969	12.466395	10.603189	10.222022	9.931739	10.754122	10.052222	11.731530	11.425816	12.102446	11.599956	10.319993	11.447459	10.209999	12.002295	12.363255	13.224188	10.428301	13.660186	11.459549	11.339048	12.531717	9.773670	12.822090	14.245763	12.388130	11.861115	10.012798	13.153615	9.426337	11.788363	12.090533	9.033163	9.992425	11.774051	10.328759	13.376998	10.758655	12.934496	10.512601	11.885700	11.866026	12.828264	12.028993	10.903984	
10.754224	11.529798	13.799381	10.937048	14.637393	11.225851	13.353253	10.089487	10.579607	11.200467	10.959115	10.416939	13.695169	12.279999	11.572720	11.663973	10.184666	12.828724	11.361732	11.580278	13.301037	12.440227	11.681998	14.011734	12.678194	12.966245	13.483749	10.585808	12.118229	14.302002	13.415806	12.464686	11.582598	13.473342	11.045637	11.367866	11.454107	10.241634	11.111255	11.931926	9.865975	13.630488	10.879929	13.427963	11.076094	12.009482	10.974159	11.561651	12.253056	11.939853	
The results Matches
MPI_Wtime measured for total run by process 2 = 0.004754
MPI_Wtime measured for total run by process 4 = 0.004767
MPI_Wtime measured for total run by process 9 = 0.004788
MPI_Wtime measured for total run by process 10 = 0.004755
MPI_Wtime measured for total run by process 19 = 0.004763
MPI_Wtime measured for total run by process 1 = 0.004793
MPI_Wtime measured for total run by process 3 = 0.004810
MPI_Wtime measured for total run by process 5 = 0.004806
MPI_Wtime measured for total run by process 6 = 0.004797
MPI_Wtime measured for total run by process 7 = 0.004779
MPI_Wtime measured for total run by process 8 = 0.004762
MPI_Wtime measured for total run by process 12 = 0.004761
MPI_Wtime measured for total run by process 13 = 0.004795
MPI_Wtime measured for total run by process 14 = 0.004734
MPI_Wtime measured for total run by process 15 = 0.004814
MPI_Wtime measured for total run by process 16 = 0.004735
MPI_Wtime measured for total run by process 17 = 0.004789
MPI_Wtime measured for total run by process 18 = 0.004770
MPI_Wtime measured for total run by process 20 = 0.004769
MPI_Wtime measured for total run by process 21 = 0.004786
MPI_Wtime measured for total run by process 23 = 0.004755
MPI_Wtime measured for total run by process 24 = 0.004769
MPI_Wtime measured for total run by process 11 = 0.004799
MPI_Wtime measured for total run by process 22 = 0.004741
