MPI_Wtime measured for total run by process 0 = 0.004836
Total time by each process = 0.043345  And Average = 0.004816 , Comm_TIME = 0.000000
Printing Matrix A
0.222479	0.194006	0.318650	0.221567	0.450735	0.590965	0.122301	0.712343	0.846644	0.900988	0.796623	0.636542	0.198112	0.594923	0.800727	0.509901	0.055209	0.560913	0.809362	0.621324	0.552743	0.632246	0.661254	0.709370	
0.026486	0.095287	0.937589	0.928771	0.638398	0.633993	0.290528	0.462331	0.847801	0.719597	0.805725	0.917261	0.553210	0.033511	0.894096	0.722362	0.353240	0.743691	0.549478	0.426530	0.196156	0.627002	0.204417	0.832421	
0.112577	0.709382	0.892939	0.276769	0.176149	0.660612	0.053161	0.990827	0.200623	0.697229	0.406979	0.937978	0.184282	0.089818	0.654313	0.440918	0.474257	0.685192	0.776943	0.813344	0.272242	0.023338	0.856931	0.731803	
0.748682	0.807655	0.552792	0.758796	0.310613	0.125774	0.770854	0.731816	0.716993	0.612307	0.378970	0.447029	0.899608	0.976614	0.484532	0.814092	0.137450	0.388875	0.367380	0.427316	0.996286	0.642919	0.119783	0.012251	
0.791744	0.330712	0.050209	0.821926	0.248109	0.706355	0.506958	0.965854	0.142194	0.334650	0.502401	0.187566	0.315056	0.265826	0.205220	0.271615	0.902635	0.167678	0.380069	0.902660	0.788144	0.360818	0.129462	0.939510	
0.681401	0.781229	0.036126	0.682488	0.799280	0.786021	0.226391	0.001465	0.659964	0.081869	0.158747	0.668210	0.593544	0.241994	0.355700	0.994662	0.455664	0.220903	0.744686	0.842972	0.851706	0.548468	0.686629	0.207122	
0.719075	0.386625	0.273521	0.824714	0.083864	0.590071	0.248212	0.476666	0.360624	0.195665	0.600961	0.649278	0.667629	0.530763	0.747677	0.700851	0.026876	0.344575	0.142311	0.167462	0.235996	0.665739	0.342266	0.188083	
0.839974	0.808201	0.422385	0.893600	0.655224	0.444273	0.162248	0.869654	0.232599	0.489521	0.383517	0.601086	0.414516	0.103722	0.409230	0.459672	0.675554	0.690138	0.725352	0.187953	0.008101	0.783476	0.777349	0.359474	
0.867359	0.384860	0.505978	0.870390	0.252771	0.677276	0.265917	0.911204	0.404821	0.039410	0.185080	0.510748	0.859589	0.363531	0.947354	0.646887	0.572001	0.065589	0.017693	0.998473	0.910092	0.932465	0.812696	0.117481	
0.445011	0.347690	0.384254	0.823272	0.152661	0.880782	0.909809	0.914728	0.559416	0.559789	0.916297	0.847573	0.234011	0.002398	0.623707	0.264225	0.276769	0.698809	0.470351	0.904867	0.708885	0.723027	0.313318	0.100504	
0.618073	0.449843	0.218556	0.360759	0.077454	0.499274	0.483036	0.769879	0.375413	0.420829	0.990769	0.468776	0.111344	0.318348	0.829559	0.297396	0.079146	0.982003	0.044656	0.750268	0.705919	0.823271	0.013041	0.948760	
0.061838	0.234219	0.695284	0.752260	0.894799	0.231290	0.489461	0.171991	0.275927	0.866309	0.496755	0.442693	0.866120	0.391628	0.859115	0.267616	0.709976	0.973559	0.204829	0.211888	0.796428	0.823986	0.971865	0.854496	
0.149970	0.568375	0.337381	0.849398	0.277033	0.082662	0.581414	0.057100	0.852112	0.696651	0.756479	0.156569	0.351718	0.838796	0.976532	0.571376	0.414096	0.773227	0.150819	0.954978	0.863652	0.564000	0.387918	0.736457	
0.651760	0.296971	0.341648	0.961146	0.434095	0.016950	0.493234	0.537130	0.728076	0.658807	0.932983	0.306747	0.651426	0.241702	0.491848	0.279373	0.411267	0.551847	0.029884	0.446281	0.312935	0.874607	0.051556	0.713499	
0.722095	0.658528	0.986091	0.451714	0.836022	0.676860	0.671576	0.471478	0.532577	0.835758	0.536318	0.026440	0.745271	0.655422	0.312785	0.576459	0.741226	0.689959	0.200262	0.364834	0.835090	0.364154	0.997927	0.589508	
0.858958	0.092965	0.707306	0.244529	0.020452	0.249404	0.268871	0.368117	0.060850	0.737415	0.199750	0.297396	0.143942	0.541505	0.497183	0.672373	0.556280	0.751416	0.884743	0.716164	0.895895	0.238432	0.791431	0.174864	
0.664626	0.113394	0.014527	0.899215	0.072340	0.300339	0.571734	0.925663	0.738051	0.391601	0.673024	0.527989	0.073333	0.733686	0.372970	0.717045	0.820829	0.901971	0.241229	0.993825	0.241907	0.883092	0.266876	0.941656	
0.485835	0.627720	0.441023	0.727778	0.922130	0.379119	0.370014	0.332696	0.926604	0.026199	0.035854	0.481402	0.314188	0.091402	0.173251	0.585991	0.366316	0.817945	0.369420	0.321694	0.007187	0.586650	0.796978	0.568044	
0.154013	0.891415	0.614267	0.467627	0.737312	0.509519	0.592087	0.569648	0.309221	0.765742	0.933316	0.970191	0.788248	0.317704	0.476187	0.308807	0.479992	0.820066	0.573039	0.022715	0.846722	0.220914	0.627744	0.397213	
0.178155	0.615605	0.250390	0.051974	0.142638	0.623864	0.255426	0.249024	0.132893	0.829677	0.356783	0.016283	0.384626	0.642315	0.027758	0.949334	0.202483	0.317384	0.150736	0.491511	0.739035	0.912198	0.048046	0.729880	
0.230313	0.886872	0.411949	0.790602	0.140351	0.808944	0.472445	0.374023	0.323218	0.127800	0.060765	0.767327	0.734686	0.794262	0.840748	0.963672	0.083699	0.658157	0.753698	0.292223	0.881675	0.062159	0.859446	0.029046	
0.127590	0.656617	0.776157	0.988155	0.103469	0.293574	0.306559	0.015277	0.107790	0.885906	0.122191	0.755538	0.279297	0.357985	0.253879	0.321405	0.543878	0.569823	0.401965	0.830877	0.340395	0.449650	0.381697	0.037212	
0.138360	0.350975	0.101248	0.264418	0.924209	0.519287	0.009435	0.559557	0.818714	0.873347	0.687359	0.726114	0.828676	0.674709	0.640691	0.699860	0.635039	0.039603	0.157348	0.116831	0.926424	0.259646	0.476810	0.489172	
0.948584	0.516203	0.066743	0.663698	0.418081	0.105791	0.050328	0.837823	0.856487	0.421653	0.181447	0.095393	0.174602	0.043730	0.174243	0.946935	0.895421	0.758770	0.705455	0.857582	0.760874	0.182307	0.769025	0.496569	

Printing Matrix B
0.288375	0.537707	0.105455	0.247464	0.770263	0.372148	0.448965	0.034327	0.681897	0.587389	0.327231	0.105661	0.906569	0.498292	0.766834	0.023206	0.703907	0.373859	0.782480	0.260097	0.212289	0.675044	0.344589	0.507898	
0.610359	0.823109	0.731829	0.135701	0.523694	0.439125	0.143894	0.345737	0.023244	0.657163	0.340921	0.358467	0.549507	0.214464	0.742881	0.920582	0.817649	0.290829	0.672462	0.187877	0.060523	0.486684	0.089333	0.052219	
0.552018	0.918302	0.626643	0.446148	0.310280	0.070245	0.382974	0.406401	0.734518	0.750101	0.123759	0.603135	0.564980	0.388700	0.922239	0.766890	0.150300	0.367196	0.961962	0.953093	0.473956	0.325403	0.014165	0.057554	
0.429032	0.155661	0.745633	0.737074	0.848614	0.964926	0.566693	0.245111	0.417009	0.493936	0.425651	0.651212	0.470367	0.756538	0.708418	0.233214	0.621747	0.690242	0.147671	0.677993	0.553090	0.767140	0.374735	0.836776	
0.624558	0.170714	0.777742	0.949817	0.798540	0.732640	0.520447	0.644408	0.354729	0.509574	0.761966	0.498686	0.830485	0.434839	0.278077	0.996964	0.602327	0.952844	0.989604	0.628178	0.609015	0.295102	0.326672	0.271656	
0.274160	0.183802	0.968795	0.351182	0.948314	0.004501	0.057636	0.129025	0.169143	0.040033	0.984529	0.946892	0.029028	0.723006	0.181504	0.037102	0.775891	0.491790	0.903392	0.543967	0.628993	0.078097	0.549932	0.346593	
0.288991	0.877822	0.054835	0.867065	0.066708	0.439564	0.584733	0.703875	0.697569	0.105311	0.038637	0.452666	0.197745	0.354258	0.737885	0.466753	0.087476	0.300397	0.169289	0.226175	0.757533	0.484208	0.142405	0.702890	
0.383748	0.440934	0.457479	0.090014	0.424363	0.402901	0.145123	0.189125	0.214229	0.374911	0.656983	0.619514	0.266825	0.756782	0.291805	0.249203	0.267873	0.097939	0.583738	0.380575	0.632226	0.170350	0.653130	0.009949	
0.848995	0.250876	0.985946	0.920494	0.974112	0.662001	0.136948	0.941471	0.601342	0.130172	0.227363	0.193181	0.294224	0.636939	0.723005	0.814713	0.031747	0.077979	0.935980	0.270464	0.675749	0.176009	0.843669	0.217517	
0.156891	0.630091	0.858437	0.243843	0.186804	0.100015	0.527669	0.481810	0.980318	0.577109	0.558262	0.826389	0.780038	0.046707	0.119879	0.068718	0.611914	0.661023	0.522081	0.623012	0.785649	0.618694	0.637756	0.872734	
0.660294	0.534370	0.297416	0.452567	0.363157	0.701161	0.763499	0.759805	0.468688	0.845764	0.325695	0.699654	0.191804	0.424662	0.418852	0.447632	0.747240	0.297702	0.342762	0.122110	0.249543	0.188955	0.593150	0.388454	
0.369588	0.052607	0.702995	0.806628	0.070609	0.724358	0.528687	0.568607	0.153993	0.320583	0.616577	0.202674	0.265965	0.879161	0.340388	0.920952	0.501834	0.405260	0.725819	0.099628	0.443179	0.285889	0.995977	0.247792	
0.720804	0.646725	0.011068	0.203501	0.241026	0.136148	0.350278	0.291391	0.030659	0.056941	0.908540	0.552907	0.980556	0.323584	0.693292	0.126503	0.139751	0.751477	0.622626	0.427852	0.037640	0.445066	0.621101	0.240030	
0.433108	0.408239	0.453540	0.693366	0.799942	0.410628	0.588325	0.907330	0.310358	0.878895	0.613785	0.796636	0.870747	0.039343	0.978159	0.143608	0.576344	0.752915	0.512993	0.463979	0.463231	0.806169	0.411738	0.779632	
0.372306	0.655079	0.965275	0.637517	0.693416	0.327870	0.956233	0.082843	0.023325	0.562461	0.282040	0.849253	0.901047	0.796827	0.368920	0.034880	0.234987	0.727317	0.141674	0.036284	0.041694	0.506665	0.835632	0.530504	
0.425267	0.395276	0.119405	0.452577	0.899951	0.333237	0.825863	0.010097	0.058076	0.261112	0.102248	0.034840	0.661550	0.141869	0.131014	0.356140	0.765338	0.263587	0.995945	0.905195	0.965568	0.164767	0.606549	0.852282	
0.912279	0.864376	0.410790	0.158469	0.440721	0.569523	0.972712	0.128015	0.677079	0.622794	0.107765	0.568919	0.766421	0.864764	0.908550	0.037596	0.830439	0.835356	0.801187	0.313569	0.294164	0.813641	0.808756	0.004927	
0.333257	0.158859	0.155709	0.514355	0.461464	0.295100	0.096165	0.190843	0.234667	0.167833	0.020024	0.277761	0.364495	0.581064	0.033058	0.659086	0.213711	0.807338	0.545723	0.291550	0.700813	0.377201	0.919346	0.723581	
0.594243	0.189866	0.372817	0.928455	0.559029	0.910563	0.095510	0.958403	0.387593	0.678641	0.087435	0.940503	0.556841	0.585226	0.885749	0.630200	0.200222	0.094259	0.287693	0.310351	0.532234	0.438810	0.790562	0.936965	
0.162955	0.111471	0.585797	0.038638	0.369678	0.618825	0.932671	0.735418	0.069090	0.705932	0.852392	0.203505	0.237196	0.012369	0.039528	0.205913	0.564939	0.452873	0.369358	0.293374	0.115375	0.994462	0.161223	0.180940	
0.559557	0.587096	0.903155	0.796575	0.432917	0.168110	0.758278	0.674927	0.691407	0.473953	0.619311	0.799800	0.679525	0.782732	0.524142	0.071060	0.850544	0.495648	0.448758	0.894050	0.101167	0.354119	0.436182	0.182663	
0.156846	0.188355	0.423943	0.510842	0.782417	0.944216	0.257246	0.390258	0.673433	0.861488	0.178129	0.003866	0.817697	0.138742	0.387032	0.381469	0.978022	0.320035	0.557978	0.505434	0.124451	0.646954	0.464927	0.489487	
0.923118	0.260552	0.106513	0.380544	0.622403	0.178089	0.840692	0.553313	0.129381	0.220679	0.704224	0.027755	0.175764	0.210373	0.711921	0.779051	0.050835	0.736287	0.304021	0.081558	0.636118	0.935859	0.819203	0.295524	
0.362519	0.635943	0.242317	0.895418	0.338407	0.058772	0.805652	0.685367	0.877426	0.013835	0.538484	0.107871	0.355039	0.651411	0.532902	0.122827	0.463138	0.962164	0.422468	0.123535	0.963374	0.811202	0.020130	0.625512	

Printing Matrix C
5.838140	4.976584	6.969723	6.982565	7.006634	5.619556	6.434876	6.532054	5.124761	5.844382	5.761374	6.200565	6.348887	5.903372	5.841591	5.092732	6.003720	6.208808	7.022180	4.823636	6.241834	6.003044	7.269602	5.882078	
6.237486	5.561484	7.381518	7.602882	7.171980	6.179083	6.795666	6.067431	5.526801	5.757020	5.539732	6.434917	6.763147	6.897176	6.229048	5.695757	6.209074	6.900406	7.822515	5.576649	6.782954	5.968241	7.421696	6.108847	
5.729344	5.267632	6.425912	5.663552	5.845112	4.775052	6.147704	5.367444	4.298006	5.338235	5.538885	5.847443	5.490789	6.038824	5.688913	5.262544	5.423041	6.017486	6.870902	4.479242	5.942391	5.893772	6.654408	4.726469	
6.106167	6.222989	6.692398	6.811193	7.209484	5.933776	6.428364	6.077902	5.249136	6.338539	5.564818	6.410649	7.770027	5.725755	7.222946	4.978574	6.620998	6.092027	7.570415	5.985736	5.581768	6.267080	6.565502	5.886149	
4.994687	5.135531	5.553703	5.292293	5.923203	4.978687	6.189133	4.854072	4.975085	5.042240	5.352737	5.489346	5.618696	5.852615	5.684986	3.002026	6.315444	5.763659	6.041845	4.462267	5.031431	6.022480	5.209832	4.567802	
6.120488	4.653380	6.505774	6.544424	7.491165	5.935571	6.385581	5.589839	4.118486	5.380774	5.783581	5.281102	6.623498	5.730563	6.214864	5.195869	6.694528	6.068812	7.464606	5.203512	5.269053	6.060030	6.514323	5.187434	
4.549941	4.215985	5.019129	5.125234	5.985112	4.645634	5.055698	3.937541	3.469213	4.597377	4.493797	4.659616	5.567506	4.860629	5.128119	3.638172	5.226657	4.924560	5.725969	4.042480	4.337553	4.738475	5.583710	4.710185	
MPI_Wtime measured for total run by process 7 = 0.004808
5.988196	5.162537	5.920359	5.946182	6.977271	6.022689	5.746067	4.837946	4.717408	5.789145	5.117514	5.456109	6.667263	6.070463	6.434507	5.376972	6.257573	6.253566	7.216964	4.735039	5.730537	6.221401	6.803888	5.316416	
6.138739	5.634826	6.805478	5.921517	7.586361	5.767789	7.236289	5.033404	4.510190	6.063038	6.424032	5.819758	7.254984	6.324374	6.680250	4.253302	6.804866	6.510279	7.418838	5.530964	4.905144	6.827743	6.803844	4.765853	
5.600040	5.327387	7.066559	6.595578	6.662988	6.247734	6.369365	5.905973	5.155761	5.891386	5.658287	6.449303	5.852972	6.631690	5.905822	5.021683	6.477424	5.808867	6.883443	5.032967	5.764350	5.950876	7.092083	5.491126	
4.642545	5.097125	5.919888	5.921449	6.010738	5.008263	6.034377	5.169777	4.900206	5.343979	4.879723	5.221786	5.677906	5.716156	4.965622	3.921647	6.163201	5.767229	6.076017	4.157305	5.106111	5.599049	5.819963	5.129341	
6.696627	6.225052	6.746094	7.448442	6.903328	5.573987	7.551533	6.132781	5.890934	5.916906	5.904896	6.398773	7.687802	6.415802	6.846002	5.377227	6.387026	8.249117	7.305000	5.587199	6.287446	7.156337	7.244944	6.006642	
6.017402	5.887762	6.943510	7.072858	7.076873	5.793519	7.525537	6.477931	5.408232	6.175172	5.284800	6.074122	7.002540	5.663028	6.469727	4.661891	6.468624	7.008376	6.602209	5.142306	5.736658	6.984699	6.466321	6.103335	
5.189776	5.184545	5.604337	5.945953	6.049286	5.572265	5.950054	5.153912	5.298382	5.352835	4.627624	5.014276	6.295927	5.384117	5.722998	4.118075	5.821456	5.892328	6.217211	4.458151	5.079000	5.775900	5.701469	5.118781	
7.304778	7.123984	7.026220	7.153163	7.814808	5.390820	7.534580	6.470806	6.298529	6.387723	6.443851	6.885769	7.909400	6.362651	7.819696	5.666508	7.027886	7.902818	8.700517	6.358948	6.898204	7.271144	7.024202	5.932545	
5.051437	4.917870	5.125511	5.303348	5.749997	4.341580	6.063737	4.872648	4.628469	5.426442	4.375425	5.345177	6.103716	4.908884	5.689015	3.782025	5.302930	5.512919	6.015227	4.785446	5.028488	5.904751	6.009560	5.201341	
5.660952	5.261743	6.048315	6.638567	7.255426	6.444719	7.089057	5.911746	5.572152	5.957891	5.225237	5.321303	6.433809	6.251809	6.242067	4.379843	6.800134	6.576769	7.087888	4.808356	6.490294	7.032124	6.940504	6.131626	
5.481924	4.110076	5.235637	6.016712	6.484732	5.201835	4.946554	4.796266	4.050773	4.241763	4.368683	3.886028	5.362291	5.149928	5.557102	5.536694	4.862865	5.589573	6.717006	4.187162	5.582268	5.271737	5.646693	4.532150	
6.777311	6.238568	6.906818	7.134741	6.413276	5.647937	6.553268	6.285601	5.235038	5.872326	5.924249	6.910906	6.899555	6.674588	6.848189	6.070997	6.421879	6.974634	7.611922	5.296910	6.101568	5.944906	7.361893	5.474916	
3.796931	4.356822	4.617642	4.427113	5.117154	3.486167	4.773556	4.218738	4.134808	4.379080	4.193237	4.221178	5.254820	3.389626	4.166770	2.882139	5.706474	4.690035	5.629253	4.501217	4.461340	4.594691	4.154033	4.443132	
6.076590	5.197307	6.401966	6.602044	7.032740	5.050626	6.094941	5.324647	3.528713	5.130984	5.576144	6.270864	6.455980	5.945382	6.567846	5.122821	5.702924	6.127769	6.803305	5.200293	5.551264	5.761588	6.921696	5.660689	
4.394689	4.270741	5.485447	4.720217	4.880538	4.640197	5.174664	4.410078	3.974441	5.034467	4.167835	4.799685	5.237776	4.289907	5.032111	4.121384	5.134962	5.185651	5.434305	4.395630	4.340414	5.480434	5.028094	4.462462	
6.222191	5.300777	6.809663	6.427360	6.585675	4.950821	6.568136	5.698860	4.716743	5.195150	6.039770	6.101353	6.836889	5.830602	5.871720	4.496508	6.229589	6.482568	7.358484	5.054605	5.486557	5.343712	6.883313	4.751010	
6.070083	4.926979	5.676729	5.689636	6.988688	5.484276	6.322433	5.110698	4.772584	5.206910	4.848750	4.823100	6.247749	5.823929	5.968964	4.562368	5.985154	5.808524	7.048573	4.861189	5.803134	6.238665	6.586662	5.021501	
The results Matches
MPI_Wtime measured for total run by process 1 = 0.004814
MPI_Wtime measured for total run by process 2 = 0.004812
MPI_Wtime measured for total run by process 8 = 0.004816
MPI_Wtime measured for total run by process 3 = 0.004815
MPI_Wtime measured for total run by process 4 = 0.004819
MPI_Wtime measured for total run by process 5 = 0.004824
MPI_Wtime measured for total run by process 6 = 0.004802
