MPI_Wtime measured for total run by process 0 = 0.004540
Total time by each process = 0.072562  And Average = 0.004535 , Comm_TIME = 0.000000
Printing Matrix A
0.341021	0.694495	0.814544	0.440060	0.560052	0.454536	0.371441	0.395607	0.753208	0.744079	0.051130	0.851651	0.926096	0.574308	0.827554	0.423959	0.190793	0.370322	0.115354	0.966979	0.797691	0.701013	0.842393	0.168916	0.324088	0.839691	0.303089	0.589850	0.821097	0.660858	0.367321	0.817226	
0.203270	0.563450	0.997930	0.994031	0.951944	0.964754	0.791663	0.389938	0.046664	0.490969	0.920969	0.578938	0.244977	0.390717	0.324612	0.170412	0.395491	0.846507	0.264292	0.189042	0.535581	0.010573	0.287465	0.442996	0.630139	0.683882	0.014785	0.293174	0.502616	0.872060	0.891834	0.355111	
0.776335	0.680747	0.042155	0.256863	0.023585	0.904981	0.667946	0.645180	0.281942	0.849194	0.591883	0.556488	0.826259	0.921726	0.471021	0.005419	0.478454	0.287983	0.555955	0.098345	0.812283	0.890591	0.351302	0.778314	0.864833	0.929971	0.769876	0.551214	0.915007	0.314228	0.749777	0.633384	
0.005814	0.748840	0.466214	0.141309	0.850512	0.758725	0.567670	0.835058	0.164547	0.889218	0.251488	0.530557	0.913371	0.552523	0.164433	0.891379	0.107275	0.732016	0.487405	0.851985	0.905224	0.539731	0.147750	0.905396	0.139817	0.246720	0.235045	0.557800	0.622064	0.811565	0.296230	0.956744	
0.343164	0.976993	0.562084	0.168486	0.439689	0.940202	0.083006	0.899737	0.640212	0.614128	0.923735	0.023674	0.282251	0.332296	0.538182	0.981986	0.977799	0.711915	0.787957	0.007191	0.588618	0.815086	0.792991	0.894447	0.861281	0.308459	0.680503	0.330815	0.167371	0.541235	0.952150	0.586900	
0.482199	0.469833	0.179217	0.497803	0.424417	0.439459	0.027713	0.650610	0.842481	0.674010	0.291201	0.485738	0.667936	0.164126	0.550193	0.550035	0.049841	0.302548	0.496893	0.996893	0.113241	0.138718	0.770258	0.029947	0.748396	0.135722	0.708782	0.498170	0.648432	0.996804	0.413322	0.231017	
0.566707	0.692221	0.333916	0.984910	0.125465	0.588110	0.912955	0.508461	0.322015	0.700949	0.265643	0.407516	0.861416	0.112700	0.951159	0.737901	0.877282	0.581466	0.119235	0.658355	0.690003	0.140423	0.864523	0.264309	0.293066	0.217336	0.164379	0.472784	0.029171	0.300533	0.929201	0.498196	
0.468555	0.017681	0.646037	0.832490	0.922501	0.938998	0.621796	0.973562	0.168567	0.473572	0.815750	0.358740	0.531840	0.825251	0.697707	0.267524	0.403108	0.754052	0.961240	0.385186	0.559456	0.670765	0.527492	0.096114	0.835226	0.029005	0.516042	0.495897	0.047017	0.508923	0.644595	0.910986	
0.061651	0.096848	0.251581	0.906632	0.806219	0.992289	0.221725	0.029770	0.658089	0.707926	0.446519	0.222014	0.524971	0.238261	0.507384	0.217269	0.814286	0.591927	0.796151	0.876904	0.075956	0.936081	0.957596	0.354632	0.024626	0.789816	0.266381	0.964682	0.742767	0.960919	0.352191	0.819187	
0.492305	0.232343	0.909673	0.890826	0.978440	0.283311	0.792758	0.551720	0.700500	0.288529	0.353366	0.758235	0.456155	0.346285	0.897341	0.974822	0.576586	0.678102	0.316413	0.471889	0.395834	0.230888	0.393142	0.005976	0.124145	0.060525	0.547717	0.573644	0.537913	0.812218	0.085401	0.824900	
0.994205	0.148246	0.071929	0.605471	0.375334	0.656356	0.618967	0.862119	0.956837	0.220623	0.741403	0.508427	0.714197	0.714570	0.107685	0.461584	0.042471	0.412509	0.229964	0.582164	0.854338	0.373774	0.900851	0.216417	0.158537	0.362243	0.231307	0.179255	0.191315	0.745101	0.433294	0.400891	
0.816515	0.590166	0.831379	0.651777	0.410849	0.159022	0.261444	0.169388	0.812479	0.319920	0.402302	0.989290	0.393000	0.892618	0.941076	0.302060	0.106909	0.804070	0.064556	0.624004	0.481398	0.787105	0.158465	0.162824	0.488125	0.014730	0.981919	0.484044	0.738411	0.201213	0.670171	0.437079	
0.395499	0.715367	0.696996	0.935459	0.122398	0.921237	0.679057	0.251807	0.566805	0.057608	0.270558	0.923642	0.918315	0.688457	0.628128	0.365566	0.366685	0.483682	0.420305	0.242076	0.141705	0.823566	0.247373	0.987943	0.341911	0.362901	0.587204	0.621439	0.411399	0.094005	0.435432	0.063154	
0.540505	0.865798	0.965976	0.503512	0.271187	0.928443	0.402451	0.332738	0.961937	0.356832	0.982183	0.054660	0.288167	0.433108	0.608237	0.525716	0.043097	0.109552	0.499389	0.116754	0.940142	0.289135	0.961583	0.086956	0.317513	0.472662	0.422058	0.693278	0.675988	0.433824	0.622648	0.432967	
0.351055	0.674819	0.155583	0.621019	0.836770	0.438319	0.532028	0.721873	0.969061	0.149236	0.721857	0.101343	0.968900	0.682070	0.494707	0.257294	0.657556	0.696205	0.723685	0.908864	0.227378	0.358808	0.872457	0.608945	0.275217	0.232637	0.600696	0.394919	0.869147	0.161145	0.192026	0.209615	
0.350550	0.662721	0.223043	0.634691	0.918767	0.209826	0.074181	0.632742	0.576953	0.346473	0.199359	0.747246	0.818381	0.432360	0.326829	0.859989	0.547795	0.751615	0.094294	0.221259	0.379805	0.804286	0.249856	0.803385	0.302407	0.004458	0.891249	0.570272	0.660095	0.720037	0.644607	0.664303	
0.102735	0.963240	0.802224	0.210091	0.615583	0.636016	0.451404	0.692247	0.589259	0.255578	0.448410	0.190138	0.828482	0.095428	0.490202	0.665492	0.175650	0.789966	0.813230	0.159903	0.014433	0.294251	0.235321	0.219649	0.683204	0.305087	0.301076	0.240118	0.405402	0.602648	0.095278	0.488541	
0.896871	0.248802	0.278564	0.138913	0.204625	0.758835	0.419662	0.264524	0.453710	0.234480	0.064838	0.884345	0.810145	0.365843	0.755134	0.176350	0.132890	0.362106	0.833857	0.704451	0.934183	0.478427	0.441769	0.456712	0.312563	0.650266	0.165790	0.847640	0.021604	0.881358	0.067866	0.428743	
0.482860	0.612211	0.291868	0.355199	0.779947	0.579897	0.576577	0.117196	0.727801	0.266541	0.302072	0.869526	0.327663	0.100415	0.808592	0.596286	0.320007	0.608170	0.525158	0.837926	0.796994	0.526822	0.454433	0.262711	0.411480	0.075826	0.643432	0.037228	0.696236	0.366625	0.666801	0.796281	
0.171407	0.598682	0.367819	0.001671	0.854432	0.538383	0.172511	0.491099	0.330345	0.297543	0.512276	0.944872	0.472414	0.713341	0.274407	0.126023	0.914072	0.142380	0.161314	0.446702	0.672544	0.324610	0.786179	0.429047	0.382633	0.090300	0.061361	0.103421	0.346668	0.672991	0.326383	0.066889	
0.523720	0.522345	0.353320	0.700779	0.954133	0.870920	0.841098	0.856835	0.026557	0.118639	0.982307	0.621693	0.038822	0.950049	0.093699	0.605661	0.226207	0.302451	0.097053	0.605392	0.028619	0.791498	0.776279	0.093447	0.595469	0.890754	0.434147	0.906750	0.807132	0.838174	0.873737	0.518248	
0.571841	0.679472	0.823930	0.720081	0.761175	0.722266	0.159912	0.340290	0.027800	0.333157	0.743492	0.934915	0.096705	0.451454	0.216924	0.070386	0.790402	0.457659	0.034721	0.466882	0.689318	0.333351	0.004861	0.604612	0.904686	0.494607	0.177675	0.198801	0.202611	0.244823	0.619956	0.208301	
0.065067	0.024690	0.843699	0.895685	0.680720	0.382249	0.902677	0.718242	0.924630	0.455540	0.642371	0.376686	0.304595	0.264518	0.936718	0.334909	0.138778	0.101573	0.851171	0.515495	0.226294	0.217472	0.884605	0.936333	0.148563	0.911540	0.046213	0.635917	0.909734	0.275358	0.373254	0.848236	
0.969867	0.494510	0.947068	0.352928	0.907750	0.302332	0.506114	0.601589	0.630538	0.445611	0.801354	0.027559	0.981963	0.557539	0.913185	0.867249	0.355584	0.704089	0.371765	0.476013	0.627418	0.071869	0.017011	0.788208	0.186587	0.324301	0.315347	0.699029	0.654777	0.652527	0.662342	0.451014	
0.881536	0.320578	0.212120	0.532816	0.574937	0.973069	0.278144	0.239498	0.995096	0.452673	0.915659	0.607753	0.408269	0.138398	0.780056	0.088537	0.744514	0.914893	0.205706	0.796173	0.052395	0.372590	0.530520	0.795270	0.175886	0.836059	0.399644	0.661980	0.704092	0.878524	0.389790	0.145741	
0.376175	0.090939	0.508343	0.362523	0.656354	0.891277	0.347201	0.712490	0.934490	0.614632	0.992361	0.142048	0.076990	0.180602	0.987633	0.601084	0.386976	0.945690	0.579135	0.456057	0.043326	0.422364	0.033881	0.913614	0.683403	0.302507	0.804858	0.372217	0.465127	0.348629	0.879161	0.816569	
0.641737	0.161456	0.070471	0.456362	0.964848	0.504325	0.013579	0.967101	0.946185	0.372745	0.714163	0.632892	0.297781	0.632050	0.931235	0.443079	0.210877	0.793843	0.222049	0.395146	0.128930	0.185627	0.317410	0.839490	0.422336	0.014638	0.957197	0.315788	0.629052	0.431921	0.396457	0.133257	
0.479536	0.888683	0.177306	0.888483	0.183300	0.448745	0.226837	0.764304	0.500470	0.785671	0.426473	0.712646	0.049298	0.615811	0.019566	0.053090	0.676169	0.200687	0.225602	0.159711	0.163279	0.909611	0.896691	0.039288	0.452858	0.854829	0.926418	0.934856	0.712041	0.421471	0.299736	0.230709	
0.416333	0.829380	0.520567	0.050836	0.597547	0.073962	0.634361	0.891399	0.938209	0.966550	0.313702	0.840343	0.452073	0.757351	0.736374	0.727713	0.419457	0.794641	0.546185	0.623870	0.805923	0.637971	0.811081	0.527503	0.275598	0.613916	0.395459	0.615044	0.716072	0.599340	0.360454	0.605153	
0.884147	0.719935	0.245270	0.574065	0.041636	0.491478	0.741405	0.602006	0.513034	0.606304	0.670181	0.756025	0.593742	0.838699	0.682419	0.734108	0.843645	0.996899	0.797847	0.140109	0.782999	0.692199	0.650568	0.541407	0.510127	0.072095	0.369059	0.566561	0.183485	0.916999	0.849111	0.432471	
0.105149	0.781671	0.000334	0.742480	0.553367	0.307737	0.728884	0.367536	0.996856	0.419319	0.267751	0.328717	0.391140	0.317141	0.896822	0.933007	0.178983	0.904969	0.636458	0.962650	0.082127	0.393759	0.119531	0.050022	0.200926	0.482303	0.455222	0.919914	0.056736	0.086613	0.986667	0.955530	
0.734297	0.344967	0.507947	0.560580	0.578003	0.401085	0.715634	0.813922	0.920449	0.385238	0.107245	0.222033	0.542207	0.117539	0.328265	0.694523	0.933567	0.433317	0.347106	0.031588	0.948236	0.622644	0.883780	0.580431	0.732791	0.179901	0.270822	0.004017	0.710580	0.341902	0.194624	0.101407	

Printing Matrix B
0.987629	0.201746	0.996900	0.961643	0.987310	0.025607	0.420878	0.999783	0.227468	0.244089	0.390094	0.214632	0.129756	0.431673	0.203164	0.168576	0.118454	0.005336	0.810382	0.675406	0.421514	0.169132	0.096620	0.595601	0.912995	0.375218	0.691341	0.229185	0.164158	0.648651	0.084817	0.558114	
0.187548	0.318624	0.530429	0.795621	0.695044	0.794337	0.133669	0.115751	0.229628	0.349753	0.080819	0.742066	0.239796	0.612298	0.207943	0.527883	0.733863	0.393421	0.840537	0.216236	0.153796	0.327245	0.400510	0.334130	0.933965	0.551108	0.262820	0.259762	0.683891	0.827228	0.042472	0.287326	
0.201617	0.040627	0.869789	0.577736	0.267436	0.311050	0.347977	0.298085	0.329062	0.296726	0.142368	0.094498	0.428548	0.718094	0.276837	0.247356	0.686166	0.520609	0.544847	0.579540	0.003326	0.480229	0.535770	0.633244	0.627508	0.456715	0.486459	0.596135	0.472940	0.386028	0.319648	0.228231	
0.921367	0.561769	0.847186	0.278497	0.031899	0.201814	0.537040	0.432503	0.765029	0.934423	0.440431	0.166495	0.844786	0.663148	0.185907	0.170247	0.640220	0.573489	0.873324	0.337917	0.610711	0.472894	0.374789	0.312298	0.794614	0.391305	0.777278	0.148417	0.110323	0.786497	0.702944	0.403505	
0.688760	0.830569	0.828979	0.467308	0.708217	0.587440	0.845598	0.222823	0.146457	0.875257	0.171928	0.545799	0.835238	0.578481	0.289040	0.881346	0.958979	0.539883	0.880402	0.227647	0.947393	0.671624	0.714823	0.433202	0.508575	0.785016	0.332133	0.962754	0.663111	0.705553	0.523220	0.929949	
0.298815	0.270156	0.477024	0.767835	0.312889	0.217408	0.333906	0.888994	0.959069	0.522984	0.004825	0.458572	0.026972	0.620086	0.751026	0.032392	0.019868	0.229058	0.800351	0.921310	0.436352	0.140954	0.789328	0.612738	0.703957	0.039598	0.621460	0.376718	0.662296	0.198625	0.546839	0.463163	
0.533565	0.063600	0.689113	0.447157	0.123627	0.895723	0.618058	0.661351	0.644183	0.030798	0.199120	0.914075	0.404319	0.274738	0.343717	0.517866	0.430122	0.211198	0.566376	0.244700	0.246465	0.602958	0.648883	0.186538	0.965259	0.558709	0.624852	0.025795	0.585484	0.980330	0.038434	0.806483	
0.079662	0.587790	0.676036	0.336040	0.972913	0.787024	0.203308	0.914863	0.190898	0.332945	0.946356	0.844921	0.659273	0.461041	0.323447	0.166262	0.285204	0.049146	0.586543	0.883741	0.324184	0.181252	0.644327	0.696059	0.569686	0.650976	0.387745	0.047882	0.321148	0.744724	0.776447	0.047703	
0.665039	0.022891	0.482034	0.811037	0.577397	0.333711	0.088403	0.056950	0.058775	0.174131	0.203823	0.493537	0.730937	0.169566	0.149247	0.569036	0.314117	0.065867	0.498559	0.602370	0.869193	0.297681	0.965851	0.615685	0.062558	0.471145	0.011830	0.791353	0.202943	0.250151	0.178188	0.166476	
0.411114	0.288456	0.109247	0.985630	0.826907	0.936035	0.637942	0.817384	0.341536	0.966882	0.253212	0.096133	0.719154	0.808346	0.165472	0.389646	0.207165	0.486259	0.568927	0.294853	0.755200	0.188592	0.782608	0.093643	0.294506	0.477511	0.818759	0.003872	0.919929	0.435254	0.787040	0.661987	
0.503002	0.310618	0.620134	0.467763	0.836359	0.768476	0.662332	0.743112	0.922643	0.504555	0.794267	0.279316	0.320645	0.799597	0.539470	0.101890	0.609830	0.114400	0.017979	0.605298	0.238519	0.473305	0.235893	0.857688	0.437040	0.899939	0.870670	0.945504	0.893825	0.299001	0.206685	0.475766	
0.813399	0.046479	0.172330	0.685717	0.025551	0.311700	0.375439	0.419981	0.531632	0.043786	0.499175	0.593618	0.734391	0.826294	0.293509	0.757591	0.892226	0.938287	0.455847	0.475405	0.783026	0.742843	0.956493	0.970944	0.482744	0.890427	0.004020	0.374919	0.376662	0.679488	0.503273	0.777080	
0.241149	0.460055	0.339371	0.178394	0.722564	0.280863	0.084061	0.167182	0.266538	0.548723	0.541653	0.008970	0.124855	0.588486	0.125536	0.023627	0.080933	0.063681	0.419141	0.542703	0.163313	0.820762	0.075373	0.814178	0.045551	0.612469	0.286544	0.505519	0.309896	0.039527	0.459572	0.802117	
0.546835	0.960810	0.107874	0.107681	0.327078	0.518560	0.916386	0.744362	0.695640	0.549141	0.978271	0.393582	0.148666	0.723599	0.496262	0.148742	0.391515	0.009073	0.613064	0.770575	0.045197	0.342593	0.621873	0.923520	0.443787	0.299696	0.527322	0.710224	0.126386	0.284225	0.959540	0.665745	
0.542519	0.850443	0.791573	0.095725	0.910154	0.798353	0.525274	0.849540	0.194535	0.391119	0.842514	0.397845	0.535167	0.591548	0.115037	0.845761	0.932112	0.813139	0.317223	0.560455	0.347183	0.759405	0.080682	0.841518	0.758182	0.997074	0.333980	0.569596	0.076989	0.363854	0.418438	0.849582	
0.905820	0.074236	0.571585	0.450421	0.993499	0.791224	0.818771	0.349398	0.865379	0.177649	0.741392	0.068506	0.908391	0.010407	0.641975	0.677379	0.522709	0.770838	0.386306	0.013061	0.431084	0.453987	0.437028	0.826809	0.149858	0.501766	0.751704	0.709630	0.002632	0.986924	0.580026	0.192402	
0.415918	0.197029	0.184498	0.182030	0.014376	0.865438	0.439401	0.753811	0.696706	0.480508	0.825850	0.108505	0.910176	0.473090	0.759731	0.592937	0.628731	0.977874	0.000057	0.428812	0.795920	0.465838	0.986498	0.824579	0.475226	0.131614	0.495226	0.129559	0.335547	0.895604	0.268140	0.270928	
0.278507	0.710101	0.408705	0.292997	0.433164	0.439945	0.978483	0.102866	0.569612	0.754786	0.474598	0.470239	0.486994	0.905423	0.854383	0.652005	0.425152	0.411454	0.501019	0.038482	0.463286	0.353846	0.742951	0.895479	0.691192	0.377401	0.534611	0.975935	0.213483	0.776738	0.057708	0.200756	
0.790849	0.316717	0.316662	0.226051	0.833626	0.221717	0.036609	0.889140	0.767461	0.893592	0.114181	0.323677	0.750884	0.395530	0.529158	0.291452	0.208497	0.611875	0.963368	0.305106	0.417823	0.373571	0.644018	0.182234	0.529251	0.713552	0.945352	0.971095	0.137643	0.504828	0.962911	0.986808	
0.404450	0.696566	0.436608	0.164812	0.528493	0.308864	0.801093	0.583991	0.566924	0.973776	0.334771	0.208512	0.311496	0.139215	0.509621	0.445814	0.724705	0.281890	0.144051	0.015746	0.985085	0.845056	0.815709	0.116523	0.726590	0.894909	0.035171	0.533775	0.816762	0.621075	0.799014	0.240455	
0.209269	0.685033	0.969048	0.025864	0.025389	0.740312	0.299967	0.223730	0.947135	0.087918	0.222060	0.328974	0.294684	0.365206	0.016938	0.617418	0.128006	0.579527	0.003230	0.051186	0.476312	0.869717	0.648334	0.802836	0.212086	0.577775	0.512447	0.472969	0.856799	0.900830	0.443835	0.099944	
0.820700	0.668894	0.284863	0.852550	0.511579	0.537454	0.815713	0.755381	0.231044	0.461946	0.239906	0.550623	0.773089	0.970442	0.969702	0.788765	0.749858	0.614332	0.177740	0.795896	0.189148	0.849231	0.673641	0.032661	0.937769	0.648177	0.429522	0.274381	0.650254	0.419536	0.315209	0.410358	
0.665960	0.099788	0.491572	0.533018	0.229036	0.685581	0.986861	0.807362	0.212849	0.102305	0.654340	0.844983	0.621508	0.924551	0.472819	0.001785	0.359599	0.982478	0.997258	0.531891	0.897744	0.128971	0.935714	0.809235	0.391873	0.790934	0.288225	0.350808	0.900435	0.846451	0.610267	0.512032	
0.949809	0.821038	0.010006	0.173362	0.570400	0.792355	0.238666	0.654677	0.513129	0.676751	0.081528	0.711087	0.302917	0.355217	0.405775	0.883052	0.361760	0.302652	0.057018	0.279515	0.778346	0.133531	0.673459	0.647550	0.233819	0.987941	0.351860	0.297310	0.256567	0.567962	0.519776	0.017926	
0.155103	0.253301	0.796591	0.839538	0.604686	0.591948	0.761277	0.464731	0.563799	0.310443	0.151701	0.570436	0.260280	0.070611	0.589411	0.661592	0.409115	0.956635	0.447709	0.780642	0.769242	0.330539	0.612088	0.525616	0.247943	0.091545	0.443812	0.807913	0.800378	0.484148	0.967061	0.134304	
0.060634	0.581881	0.887112	0.560738	0.735113	0.186874	0.686547	0.523087	0.548549	0.334135	0.276612	0.696453	0.020572	0.466780	0.326342	0.363809	0.692023	0.895319	0.308213	0.235490	0.347334	0.390527	0.134853	0.968372	0.528246	0.675764	0.444555	0.881849	0.552819	0.452760	0.949713	0.266137	
0.762258	0.220872	0.617514	0.113798	0.878725	0.998729	0.417939	0.696981	0.269608	0.751043	0.744962	0.179290	0.981521	0.176942	0.448619	0.572971	0.604536	0.281348	0.250205	0.186897	0.899471	0.142509	0.152728	0.263595	0.212235	0.136498	0.647531	0.254978	0.947839	0.560286	0.875000	0.607335	
0.927101	0.701585	0.283829	0.306236	0.074109	0.500709	0.288235	0.649172	0.778943	0.457667	0.101459	0.055525	0.144566	0.445755	0.749069	0.499102	0.941773	0.853475	0.089170	0.408901	0.608456	0.390116	0.673915	0.397161	0.824959	0.879331	0.567474	0.975716	0.550667	0.731607	0.474560	0.975905	
0.431397	0.641934	0.989091	0.683846	0.960446	0.494238	0.113250	0.087219	0.746228	0.864627	0.901406	0.025743	0.261813	0.751809	0.988060	0.152707	0.557094	0.940024	0.845477	0.143732	0.697831	0.440284	0.529370	0.749289	0.494053	0.589301	0.454259	0.847532	0.372394	0.452446	0.327054	0.779911	
0.399794	0.430332	0.343804	0.051194	0.212035	0.852716	0.018981	0.017003	0.215922	0.908493	0.221348	0.386253	0.355365	0.954197	0.443851	0.566567	0.454043	0.088915	0.570964	0.839483	0.631587	0.524404	0.294205	0.163602	0.147711	0.180308	0.828120	0.962802	0.405260	0.865905	0.651107	0.692756	
0.429370	0.902997	0.921780	0.783333	0.434679	0.203934	0.849145	0.239011	0.439631	0.365915	0.985880	0.451236	0.245716	0.240251	0.749612	0.001972	0.714678	0.179317	0.647448	0.189825	0.270387	0.811011	0.761295	0.116387	0.469342	0.468677	0.811020	0.846362	0.237055	0.953558	0.019619	0.165650	
0.860498	0.370755	0.307616	0.590074	0.954339	0.697535	0.451108	0.916561	0.296225	0.375671	0.305152	0.163981	0.308646	0.528874	0.073068	0.062562	0.039490	0.441514	0.993897	0.925110	0.432673	0.663870	0.436566	0.804230	0.965670	0.840036	0.401934	0.813029	0.121556	0.038845	0.036426	0.128191	

Printing Matrix C
9.170572	8.161338	9.911341	8.581405	9.597189	9.673138	8.786106	8.922754	8.154615	8.627178	7.573936	6.829483	7.949407	10.183767	7.219444	7.485314	9.182687	9.097734	9.408832	7.999098	9.353892	9.176563	10.221664	10.487686	9.543414	10.749120	7.882296	10.055530	8.595492	10.029222	8.743971	8.581686	
7.686075	7.445019	9.678981	7.675217	7.674544	8.643412	8.323745	7.773535	8.678552	8.329069	6.595485	6.675540	6.865644	9.417454	7.137708	6.390756	8.385729	7.558104	8.829056	7.117049	7.829088	7.665408	9.221387	9.202018	8.854321	8.650198	8.826547	9.523066	7.707871	9.924502	7.397074	7.426832	
9.393205	8.654173	9.875476	9.146372	10.423530	10.227337	8.673244	10.647765	9.406032	8.831259	8.159756	7.468936	7.367299	9.970376	8.304013	7.134371	8.273695	8.505523	9.134627	8.750507	8.835553	8.248159	10.003090	10.506385	9.741203	9.981393	9.514867	9.568006	8.972765	10.022027	9.123431	8.659467	
8.849907	8.317578	8.437329	7.476288	9.657636	10.159457	8.022003	8.602096	8.662759	9.162878	6.725909	6.564795	7.642085	9.395006	7.364209	7.514704	7.904582	7.515243	8.767362	7.239475	8.681239	8.472075	10.052326	9.539207	8.849989	10.221035	8.411090	9.630269	8.032540	9.984165	8.360854	7.837812	
9.664797	8.023368	9.851003	9.061517	10.819861	11.225931	9.313141	10.366385	9.180011	8.894308	8.306902	7.680508	9.164716	9.765751	8.841269	7.926206	8.778105	8.808300	9.271313	8.715688	9.309109	7.913727	10.925269	10.583396	9.300308	9.905263	10.003332	10.335383	8.801695	11.156433	8.718545	7.362361	
7.736935	6.116723	8.051650	6.904078	8.610728	8.003980	6.775492	7.301240	6.461885	7.937725	6.529835	5.342039	7.098440	7.600532	6.295619	5.888517	7.199154	6.732807	8.020491	6.609629	8.649152	6.557418	8.203780	7.589878	6.911861	8.008541	7.030704	8.429155	7.087677	8.521707	7.907911	7.233302	
8.431750	6.893567	9.025196	7.295476	7.935507	9.080737	8.354360	8.746383	8.023031	7.267748	7.473087	6.215930	7.579695	8.332232	6.457469	6.341845	7.814860	7.743791	8.226429	6.678012	8.115545	7.943568	9.221532	9.077409	8.892442	9.044222	8.120388	7.619867	7.146746	10.331050	6.917475	7.126666	
9.570577	8.297515	9.813340	7.917082	9.570321	9.761269	9.430611	10.576722	9.003595	9.151463	7.919569	6.945354	8.573723	9.877243	7.840754	6.862093	8.365418	7.887182	9.766888	9.016542	8.658812	8.500671	10.192571	9.836356	9.935357	9.738782	9.685556	10.129765	8.146690	10.043228	8.974732	8.654113	
9.756797	8.040648	8.495656	7.764081	8.692338	9.043981	8.571229	9.365592	8.550069	9.947520	6.800362	6.105262	8.228498	10.178566	8.335236	6.868104	8.783954	8.941672	9.116036	7.803363	9.772289	8.164608	10.272716	9.044532	9.411124	9.943698	8.690600	10.290593	8.068047	9.549401	8.597233	8.840190	
9.492748	6.758661	9.333934	7.037807	8.715028	9.422634	8.001449	8.294476	7.796382	8.087122	7.417336	5.773974	8.775007	8.971340	6.664772	7.376594	8.708082	8.020562	8.862167	7.266430	8.728340	8.166485	9.162540	9.652374	8.955479	9.389140	8.108884	9.316331	6.741679	9.984448	7.416128	8.307774	
8.130071	6.400115	8.472392	6.938891	7.896699	7.811970	7.440670	8.065503	7.260994	6.712253	6.836061	6.339992	6.604655	8.146263	5.957097	5.372424	6.338256	5.588099	8.022441	7.315829	7.653349	6.927382	8.524144	8.895383	7.516746	8.362825	7.402386	8.054816	6.881663	8.854075	7.104284	6.720415	
9.130105	7.465509	9.216106	7.782541	8.767767	8.438127	8.267851	8.016207	7.365703	7.795366	7.680107	5.705444	7.713857	8.806926	6.980430	7.151349	8.842107	7.392427	8.071937	7.024695	8.111052	8.008256	8.853600	9.153541	8.879472	8.991648	7.453900	8.995704	7.086646	9.042610	7.100843	7.706843	
8.908322	6.990966	8.050960	7.269109	7.694559	7.989292	7.257666	8.314366	7.988617	7.461650	6.525360	6.330047	7.107509	8.563907	7.097714	6.781350	8.146176	7.297728	7.730047	7.127836	7.429166	7.267895	8.817787	9.003793	8.647993	8.796244	7.447139	7.888328	6.625690	8.781334	7.360278	7.578565	
8.292705	6.550862	9.865790	8.050310	8.719451	8.710851	7.437028	8.341954	8.183418	7.072342	6.775178	6.169691	6.822045	8.722617	6.724820	5.704104	7.667047	7.451620	8.723314	7.427465	7.581336	7.117867	8.811336	9.321747	8.455386	8.974700	8.411162	9.395027	7.953309	9.138491	7.177211	7.389022	
8.876704	7.709892	8.870892	7.042086	9.471353	9.138780	8.014331	8.676139	7.968015	8.895839	7.764586	6.613492	7.997749	8.810983	7.473168	6.651910	8.156719	7.345145	8.685045	6.999678	9.059952	7.449872	9.636167	9.587441	8.526433	9.700604	7.656790	9.222593	7.669131	9.416478	8.052676	8.079425	
9.456580	7.733877	8.335094	7.295849	9.095755	9.486891	7.772235	7.692702	7.359600	8.479795	7.551770	5.979364	8.427353	8.831607	7.381097	7.592969	8.476258	7.540671	8.175750	6.987158	8.840788	7.813828	9.208867	9.154087	8.046666	9.086047	7.818450	9.030525	6.904223	9.814524	7.402938	7.424087	
6.609793	5.518759	7.578049	6.584141	8.406859	7.738821	6.079871	6.641064	6.359122	6.952837	5.353526	5.556623	6.476589	7.459605	5.978416	5.848137	6.592865	6.293124	7.810980	6.432335	6.473467	6.182153	7.429135	7.868975	7.203020	7.530869	6.876551	8.298769	6.081963	7.643533	6.469349	6.462999	
8.020684	6.544856	7.530603	6.239437	7.307320	7.322473	6.322107	8.149896	7.207357	6.802364	5.162273	5.766812	5.887367	7.924684	5.765167	6.420342	6.738994	6.845960	7.114619	6.954181	7.492808	7.245139	8.030866	8.421566	7.816811	8.701015	6.928361	8.329116	6.593597	8.275937	7.442121	7.563759	
8.790646	6.843782	9.046035	7.542142	8.785452	8.690818	7.866464	7.880770	7.547020	7.592559	6.778445	6.137125	7.816098	8.092228	6.712927	7.185036	7.989321	7.712148	8.411999	6.388449	8.729784	8.151352	9.253847	8.750100	8.495098	9.161453	7.298880	8.901285	7.280359	9.370969	6.807819	7.342012	
6.263173	5.657097	6.380307	5.684753	5.889455	7.446632	6.261174	6.445292	6.149880	5.989656	5.826436	5.506261	6.023196	7.522389	5.560766	5.628697	6.565608	6.237196	6.296207	6.030110	6.995959	6.200342	8.190794	7.810881	6.088515	7.174812	5.641305	6.800761	6.494213	7.776235	6.240217	6.066274	
MPI_Wtime measured for total run by process 4 = 0.004509
MPI_Wtime measured for total run by process 7 = 0.004519
MPI_Wtime measured for total run by process 2 = 0.004530
MPI_Wtime measured for total run by process 3 = 0.004540
MPI_Wtime measured for total run by process 5 = 0.004530
MPI_Wtime measured for total run by process 9 = 0.004554
MPI_Wtime measured for total run by process 10 = 0.004527
MPI_Wtime measured for total run by process 11 = 0.004545
MPI_Wtime measured for total run by process 12 = 0.004551
MPI_Wtime measured for total run by process 13 = 0.004548
MPI_Wtime measured for total run by process 14 = 0.004531
9.544694	8.365321	10.280954	8.780994	9.322225	9.633429	9.879414	9.749968	9.203722	8.722719	8.297155	7.588027	7.644772	10.016467	8.892258	6.689049	9.732047	8.389178	9.653075	8.455246	8.828783	8.224861	10.062436	9.785191	10.267744	9.919226	9.317391	10.427256	8.733018	10.919002	8.796730	8.685921	
6.904425	6.423619	8.103174	6.971114	6.633825	7.339974	7.315629	7.261494	7.487948	6.806515	5.730794	5.654154	6.153151	7.696136	6.130454	6.216535	7.569905	6.955576	6.676950	6.293788	7.185234	6.729971	8.299335	8.277262	7.712874	7.484041	6.909751	7.489525	6.984659	8.487205	6.623994	5.745565	
9.415281	7.556121	9.471071	7.579181	9.330250	9.023421	7.881541	9.330144	8.186963	8.273659	7.055232	6.899332	7.846871	8.953942	6.770815	6.593091	8.501571	8.490879	9.119866	7.426267	8.804113	7.727693	9.610612	9.753894	9.081540	10.919766	8.086858	9.681440	7.149977	9.248359	8.225786	8.089732	
9.384628	8.441558	10.244724	7.625269	10.482723	9.693298	8.203640	8.726420	8.490391	8.906767	7.928156	6.053048	7.611383	9.083894	7.221796	7.392535	8.698094	7.253054	8.663648	7.436663	8.372099	8.412810	9.002012	10.375580	8.993640	10.267593	9.116255	10.508813	7.231841	10.163249	7.654904	8.316509	
9.217657	7.670480	9.071103	7.998402	9.072916	8.806255	8.119835	8.911382	8.224980	9.026926	7.180521	6.606216	7.459342	9.610364	7.873615	7.306780	8.785129	7.785469	8.134150	7.577956	9.625442	7.464005	9.604098	9.883278	8.962288	9.653692	8.178639	9.806046	7.825837	9.655825	7.694870	8.140924	
9.287886	7.810850	9.276574	8.084902	10.491747	9.591381	8.559070	9.472012	8.210939	8.917579	7.579882	6.467681	8.204093	8.449036	7.841653	7.370980	8.321965	7.357329	8.332678	7.717839	8.966410	7.417165	9.548468	9.429184	8.799159	9.511082	8.862989	10.091074	7.346684	9.207187	7.731375	7.183407	
8.628829	7.326432	8.240959	6.667779	9.257127	8.625469	7.435418	8.055930	6.819166	8.069984	7.588979	6.042123	7.739250	7.971243	6.630038	6.939829	7.768196	6.345120	7.579980	6.840509	8.698863	6.380188	8.492565	9.037155	7.247521	8.625603	7.192671	8.571982	6.521113	8.583201	7.541737	7.184589	
8.287396	6.429725	8.098128	7.930240	7.805564	8.588673	7.528011	8.657233	7.311413	7.573880	6.926486	6.245086	7.523831	8.944763	7.208314	5.979101	8.148215	8.031911	8.006360	7.174134	8.268265	6.209302	8.916715	8.222690	8.492881	8.072605	7.655837	7.506336	7.977143	9.214604	8.000159	7.379874	
9.995249	8.491901	9.882230	8.884164	10.641538	11.164042	9.350768	9.819895	8.725492	8.940399	8.436525	7.847473	9.191990	10.453253	7.968814	8.568254	9.525247	9.267969	9.622789	8.051448	9.915945	8.902410	11.316379	11.102164	9.789188	11.402207	8.820573	10.487916	8.769347	11.387537	9.074307	8.865807	
10.453361	8.275257	9.690571	8.570116	9.644182	10.803315	9.347832	10.314297	9.593004	8.836640	8.731611	7.554921	8.958847	10.516160	8.504141	7.994705	8.904397	8.528961	9.525440	8.685542	9.142582	8.794837	10.911046	10.771707	9.973902	10.205911	10.173748	10.137666	8.057076	11.836407	8.501720	8.823706	
8.914577	7.370414	8.359375	7.219840	8.942164	8.348990	8.309148	8.037209	7.507016	7.761421	6.774586	5.949610	7.641342	7.318668	6.719851	6.811274	8.418613	7.187460	8.164236	6.017582	7.973029	7.893261	8.934668	8.107276	9.045948	9.411397	7.571530	9.372095	6.279179	9.300250	6.822368	7.179467	
7.975081	5.998831	8.941878	7.355508	8.031305	8.797284	7.208264	7.795791	7.238889	6.691501	6.643439	6.363724	7.892399	7.857663	6.552212	6.745113	6.809630	7.635301	7.875619	6.752648	8.282186	6.741577	9.212385	8.978697	7.387675	7.943416	7.377676	7.362801	6.966374	9.593086	6.991735	6.402044	
The results Matches
MPI_Wtime measured for total run by process 1 = 0.004543
MPI_Wtime measured for total run by process 6 = 0.004529
MPI_Wtime measured for total run by process 8 = 0.004521
MPI_Wtime measured for total run by process 15 = 0.004543
