MPI_Wtime measured for total run by process 0 = 0.000775
Total time by each process = 0.032698  And Average = 0.000667 , Comm_TIME = 0.000000
Printing Matrix A
0.132741	0.141298	0.333019	0.573295	0.492472	0.555470	0.591940	0.558744	0.848982	0.466431	0.512645	0.262238	0.567361	0.816766	0.406516	0.952977	0.889761	0.857713	0.507296	0.316928	0.938434	0.377166	0.885826	0.909927	0.877811	0.812349	0.896843	0.307024	0.849302	0.799294	0.611842	0.795075	0.846547	0.724383	0.083796	0.353610	0.913708	0.552605	0.666686	0.534343	0.838890	0.934953	
0.421280	0.199938	0.365767	0.526400	0.751503	0.479212	0.974263	0.951893	0.244906	0.080289	0.036280	0.958149	0.095426	0.247462	0.839184	0.670049	0.424392	0.531045	0.869219	0.767768	0.378920	0.218772	0.450575	0.411242	0.476169	0.854095	0.124425	0.215414	0.304736	0.154167	0.645291	0.404384	0.694203	0.859842	0.992875	0.184143	0.874590	0.724978	0.573581	0.020646	0.627751	0.562198	
0.686984	0.972026	0.240489	0.135639	0.950409	0.955463	0.475453	0.208032	0.442916	0.840122	0.795091	0.642671	0.701320	0.418422	0.538057	0.081246	0.758232	0.216760	0.179465	0.884501	0.892423	0.774485	0.655270	0.836204	0.374693	0.415691	0.241426	0.538455	0.721679	0.271816	0.937497	0.484776	0.406334	0.694450	0.053936	0.715674	0.418916	0.314235	0.472676	0.172371	0.826765	0.017153	
0.646424	0.010936	0.512485	0.627838	0.635814	0.145710	0.814151	0.627948	0.419111	0.814447	0.833780	0.912212	0.279121	0.153826	0.672646	0.174076	0.726587	0.687173	0.467764	0.689053	0.427625	0.145726	0.674923	0.109864	0.117295	0.932061	0.052992	0.257531	0.928857	0.437999	0.582335	0.920573	0.797088	0.547994	0.922756	0.368430	0.071810	0.592158	0.287830	0.840767	0.626332	0.356199	
0.617101	0.011438	0.025086	0.147461	0.061513	0.916344	0.675778	0.123453	0.701384	0.948916	0.006040	0.519927	0.243096	0.698994	0.133522	0.548752	0.668922	0.296581	0.009628	0.301430	0.512075	0.929742	0.682111	0.786387	0.545079	0.156689	0.276377	0.844988	0.037309	0.388901	0.599174	0.921454	0.497844	0.962104	0.662076	0.578613	0.481307	0.362004	0.561550	0.546913	0.883695	0.657747	
0.380218	0.679545	0.046716	0.588358	0.006100	0.913986	0.727847	0.011416	0.139624	0.564074	0.098383	0.784349	0.074470	0.766561	0.034864	0.118237	0.927042	0.832608	0.866229	0.619648	0.930779	0.376273	0.409724	0.048549	0.977718	0.170278	0.538702	0.736034	0.285888	0.571337	0.926903	0.735833	0.487356	0.827703	0.989408	0.225914	0.980986	0.578813	0.989876	0.940057	0.239986	0.043695	
0.064962	0.391861	0.282323	0.671602	0.652771	0.063170	0.975877	0.493712	0.338225	0.885473	0.321814	0.709920	0.091648	0.279284	0.760312	0.110323	0.102706	0.176125	0.465381	0.594255	0.255163	0.258279	0.548299	0.196326	0.471617	0.205735	0.546085	0.105121	0.565632	0.969367	0.707382	0.151219	0.581873	0.195118	0.175071	0.165406	0.446798	0.661274	0.175676	0.881621	0.939399	0.440724	
0.003011	0.123218	0.930249	0.894589	0.172275	0.447720	0.373151	0.801403	0.432211	0.978456	0.390493	0.874106	0.497331	0.213462	0.843084	0.922215	0.200030	0.414739	0.138018	0.767910	0.355135	0.064442	0.858469	0.276509	0.832653	0.169689	0.894696	0.789315	0.799522	0.828757	0.656963	0.488701	0.796404	0.987272	0.212767	0.244715	0.970813	0.296189	0.175001	0.119961	0.827663	0.230800	
0.333445	0.114385	0.022893	0.775572	0.694114	0.536849	0.167713	0.424940	0.279304	0.948383	0.978811	0.079399	0.817269	0.161466	0.489010	0.367291	0.412382	0.955422	0.424818	0.115131	0.995267	0.609451	0.176102	0.543460	0.704046	0.705523	0.736414	0.836670	0.984283	0.198616	0.390403	0.295748	0.047583	0.238061	0.982164	0.591334	0.005172	0.140411	0.235176	0.636680	0.175714	0.622080	
0.127126	0.465812	0.456887	0.584702	0.230335	0.650075	0.131621	0.750320	0.241328	0.091216	0.542439	0.427773	0.915498	0.716837	0.406656	0.003340	0.797667	0.645191	0.133580	0.101844	0.110344	0.641833	0.640055	0.355749	0.733807	0.127883	0.678592	0.053860	0.620109	0.685302	0.109615	0.560547	0.157794	0.161836	0.435630	0.655290	0.015599	0.787939	0.689277	0.537036	0.590654	0.699329	
0.220575	0.863335	0.523886	0.867448	0.237280	0.540783	0.633732	0.686449	0.966299	0.615337	0.638862	0.637551	0.546964	0.751223	0.839506	0.406863	0.203741	0.900764	0.818836	0.361128	0.196207	0.451189	0.604530	0.899301	0.479377	0.552726	0.917914	0.446378	0.364863	0.602495	0.648152	0.264449	0.279557	0.579520	0.933425	0.154508	0.842559	0.959571	0.743335	0.017918	0.373511	0.340951	
0.760921	0.756302	0.984930	0.330153	0.368156	0.484975	0.759816	0.746105	0.005143	0.822873	0.506310	0.294792	0.641317	0.472357	0.883355	0.306253	0.600637	0.770061	0.421352	0.218649	0.694817	0.437221	0.768119	0.147873	0.083939	0.620966	0.753191	0.839894	0.228469	0.409336	0.125559	0.756101	0.778143	0.311764	0.626376	0.989004	0.234038	0.775826	0.609551	0.775420	0.894446	0.283740	
0.312144	0.042144	0.435886	0.652436	0.167069	0.287642	0.934699	0.144708	0.129819	0.882268	0.559937	0.366014	0.581793	0.862979	0.537820	0.123875	0.270353	0.390576	0.617499	0.267683	0.451550	0.729780	0.154731	0.947323	0.008199	0.648407	0.487684	0.737625	0.155857	0.545715	0.747322	0.543641	0.835609	0.723913	0.977229	0.237677	0.546921	0.815027	0.841944	0.986203	0.591941	0.418280	
0.649032	0.149102	0.756508	0.498565	0.364407	0.521505	0.976422	0.653125	0.237014	0.382431	0.858258	0.485588	0.959809	0.550346	0.106401	0.631375	0.124531	0.560321	0.475293	0.384869	0.101092	0.039716	0.151792	0.031166	0.583642	0.172743	0.611055	0.142102	0.130121	0.122613	0.661075	0.991954	0.534464	0.666644	0.611161	0.849457	0.957888	0.789767	0.582013	0.498487	0.234529	0.607556	
0.329560	0.416447	0.442107	0.696203	0.293048	0.888786	0.240433	0.837269	0.606944	0.563846	0.575898	0.674512	0.174545	0.323567	0.844227	0.254658	0.680780	0.633469	0.210166	0.226068	0.017830	0.330725	0.670285	0.109856	0.854719	0.842061	0.027316	0.588529	0.689570	0.610935	0.843217	0.707585	0.536698	0.646885	0.670726	0.250078	0.987807	0.946819	0.748797	0.935321	0.730377	0.034134	
0.293954	0.959554	0.534758	0.517322	0.436082	0.901973	0.565962	0.719645	0.421811	0.925244	0.550526	0.067710	0.928737	0.902840	0.780413	0.416808	0.559637	0.057891	0.946851	0.472370	0.800121	0.355713	0.923201	0.602771	0.045081	0.754629	0.400078	0.894930	0.825370	0.987930	0.734744	0.680150	0.781100	0.388775	0.313255	0.110883	0.235488	0.479459	0.541954	0.503700	0.610245	0.182641	
0.080669	0.339139	0.875340	0.511822	0.731807	0.904465	0.930013	0.240857	0.154384	0.356644	0.818337	0.548561	0.918333	0.947326	0.310591	0.538901	0.207538	0.297299	0.205109	0.692962	0.001092	0.449823	0.890666	0.174373	0.042421	0.434923	0.367119	0.221048	0.035746	0.814030	0.298341	0.737597	0.230972	0.588756	0.844016	0.372997	0.879145	0.776214	0.513500	0.814862	0.481603	0.416678	
0.233270	0.134174	0.806100	0.615354	0.301136	0.610319	0.387846	0.968189	0.480794	0.076971	0.164006	0.129751	0.803771	0.233427	0.194399	0.134096	0.287831	0.696686	0.216475	0.198373	0.664990	0.049719	0.007768	0.284699	0.359093	0.848501	0.214855	0.200604	0.922865	0.304000	0.084136	0.544933	0.706367	0.465899	0.553659	0.440453	0.472964	0.271486	0.508079	0.969293	0.917855	0.390270	
0.796046	0.151335	0.024905	0.836174	0.893431	0.481008	0.622727	0.522640	0.611178	0.395035	0.453264	0.564873	0.222706	0.828515	0.351960	0.273270	0.809660	0.866916	0.879940	0.943606	0.084198	0.373169	0.371520	0.883311	0.858901	0.066839	0.944866	0.273509	0.165878	0.308132	0.320809	0.665844	0.006008	0.965034	0.235851	0.659319	0.333254	0.026974	0.928297	0.687472	0.188630	0.099363	
0.386023	0.301067	0.474896	0.069740	0.190601	0.926173	0.268344	0.082556	0.799847	0.824245	0.774363	0.837875	0.761504	0.489858	0.279658	0.083629	0.962093	0.217582	0.993895	0.232693	0.022906	0.381103	0.050074	0.795445	0.205534	0.983023	0.470909	0.682556	0.346244	0.182546	0.761635	0.291583	0.650872	0.160717	0.796487	0.829262	0.552277	0.110642	0.674024	0.452273	0.525777	0.859454	
0.256194	0.229099	0.714425	0.228340	0.677821	0.199788	0.029087	0.973460	0.753914	0.644966	0.013086	0.908543	0.661696	0.566668	0.796112	0.184160	0.968133	0.654744	0.824904	0.158618	0.403006	0.831419	0.718910	0.257667	0.607601	0.779016	0.658242	0.307797	0.048374	0.507412	0.300587	0.896791	0.104830	0.951278	0.434619	0.432461	0.468301	0.269718	0.068759	0.660035	0.430020	0.297047	
0.126609	0.408200	0.479310	0.019469	0.607183	0.048618	0.467795	0.641748	0.109792	0.740039	0.338089	0.765305	0.537143	0.083208	0.864391	0.055424	0.985100	0.165983	0.379235	0.244307	0.101712	0.698432	0.292822	0.471921	0.414389	0.980708	0.221716	0.159326	0.171353	0.726022	0.622790	0.026743	0.245070	0.072300	0.378178	0.610724	0.609533	0.049397	0.649335	0.304969	0.733278	0.816202	
0.031690	0.713854	0.218063	0.238786	0.221321	0.448742	0.458255	0.090696	0.837650	0.316323	0.010575	0.349537	0.887039	0.723635	0.940183	0.575311	0.515365	0.174915	0.729041	0.574280	0.679229	0.416753	0.544065	0.973917	0.208869	0.828897	0.655960	0.879355	0.832941	0.163315	0.142826	0.744997	0.027791	0.391619	0.333613	0.707194	0.988922	0.150327	0.631397	0.914702	0.414483	0.059711	
0.922034	0.613441	0.542056	0.528100	0.515383	0.343074	0.193009	0.300007	0.700593	0.539465	0.131149	0.222502	0.814035	0.602813	0.880804	0.298962	0.601590	0.557813	0.689159	0.828528	0.359010	0.747716	0.906295	0.078641	0.054924	0.296402	0.307898	0.948618	0.656109	0.350452	0.213955	0.339750	0.561817	0.959191	0.983476	0.455518	0.959321	0.894504	0.250957	0.472503	0.591252	0.491954	
0.287811	0.021084	0.992003	0.480832	0.020950	0.021503	0.718145	0.833742	0.768413	0.044107	0.492494	0.593350	0.911757	0.049333	0.834760	0.402159	0.981859	0.066490	0.794779	0.179819	0.367904	0.398494	0.182016	0.787671	0.521496	0.678164	0.770389	0.757442	0.337369	0.185155	0.348062	0.294699	0.010558	0.303783	0.908511	0.621065	0.684924	0.362464	0.251796	0.817371	0.981913	0.787283	
0.767050	0.434448	0.351501	0.276547	0.206917	0.029485	0.932435	0.022811	0.816870	0.117361	0.663436	0.368735	0.629960	0.688524	0.681640	0.364174	0.020532	0.553108	0.418224	0.071596	0.400901	0.842616	0.434348	0.174282	0.509304	0.753012	0.771467	0.087972	0.307852	0.013300	0.252302	0.438181	0.176095	0.644867	0.820944	0.219461	0.817544	0.555180	0.927505	0.503110	0.021104	0.609549	
0.377868	0.193999	0.474016	0.675211	0.584773	0.999152	0.104682	0.355187	0.360482	0.147470	0.636725	0.429918	0.432112	0.001039	0.189150	0.245788	0.308108	0.252737	0.647086	0.508442	0.041341	0.992727	0.151613	0.071649	0.922563	0.690122	0.921769	0.123518	0.053068	0.807098	0.735146	0.809235	0.492673	0.825378	0.989921	0.371618	0.841415	0.177285	0.712260	0.505124	0.468052	0.194111	
0.315286	0.743703	0.442186	0.610572	0.603686	0.220586	0.481779	0.236119	0.379785	0.502962	0.972083	0.214228	0.929180	0.319165	0.914597	0.787054	0.830905	0.598237	0.081558	0.450423	0.628615	0.781603	0.716974	0.582095	0.625460	0.317958	0.765303	0.281885	0.251537	0.091715	0.114326	0.396017	0.409526	0.218322	0.203062	0.176328	0.339755	0.942072	0.975653	0.153487	0.609222	0.198656	
0.003631	0.069007	0.081591	0.421302	0.039491	0.141149	0.811572	0.940101	0.028217	0.846311	0.074360	0.424700	0.312548	0.651127	0.049631	0.296295	0.330323	0.308430	0.526025	0.607832	0.547051	0.014534	0.108452	0.373256	0.071064	0.504640	0.007949	0.195437	0.507526	0.242268	0.696346	0.610419	0.903866	0.438583	0.648581	0.995407	0.795396	0.554255	0.964575	0.040516	0.147078	0.181063	
0.474496	0.475524	0.223064	0.539179	0.256355	0.946080	0.068448	0.590111	0.431078	0.912660	0.595458	0.130322	0.394426	0.595672	0.715995	0.696532	0.153235	0.172513	0.889848	0.295710	0.861291	0.306424	0.626452	0.646767	0.482052	0.284004	0.026343	0.637543	0.585164	0.962273	0.009950	0.491649	0.830861	0.539484	0.375855	0.866912	0.076984	0.166885	0.069871	0.760966	0.373080	0.629433	
0.459295	0.820192	0.500192	0.345618	0.441270	0.673327	0.501429	0.992840	0.048006	0.114431	0.033088	0.828425	0.094969	0.654882	0.634361	0.867472	0.551292	0.138115	0.470129	0.561626	0.321000	0.183529	0.447765	0.699714	0.036122	0.620761	0.095461	0.172169	0.038578	0.658479	0.111367	0.766595	0.213614	0.714143	0.388444	0.595141	0.510723	0.531873	0.955040	0.454260	0.045732	0.060372	
0.524207	0.331623	0.059592	0.235724	0.516052	0.833618	0.907029	0.413409	0.823529	0.004916	0.787220	0.292740	0.768376	0.733422	0.822021	0.955301	0.026335	0.909014	0.277025	0.256886	0.147056	0.522743	0.638264	0.349558	0.944702	0.796046	0.891263	0.474182	0.835786	0.473746	0.001397	0.004035	0.715971	0.113659	0.057786	0.786073	0.461049	0.258927	0.244968	0.561106	0.962959	0.921591	
0.445938	0.513861	0.603377	0.939531	0.416654	0.632506	0.856615	0.125620	0.116711	0.119243	0.220509	0.677073	0.986656	0.655147	0.595331	0.803836	0.972511	0.322993	0.305304	0.180662	0.206090	0.854582	0.559334	0.977106	0.891896	0.253805	0.474520	0.577882	0.169057	0.410790	0.809767	0.805657	0.532323	0.358166	0.391173	0.559584	0.351996	0.659968	0.394369	0.587374	0.733425	0.398670	
0.772056	0.669121	0.209581	0.705501	0.294537	0.801626	0.639807	0.664486	0.698619	0.628244	0.638237	0.961945	0.925287	0.318872	0.390498	0.866656	0.694094	0.103667	0.615688	0.923024	0.320325	0.737085	0.884442	0.991112	0.625642	0.633676	0.907568	0.296486	0.144940	0.491566	0.332899	0.697993	0.893999	0.930669	0.610827	0.419912	0.578343	0.891284	0.558568	0.045846	0.501752	0.448088	
0.275144	0.242175	0.359931	0.955522	0.091964	0.719823	0.455174	0.495650	0.504185	0.997154	0.072558	0.545312	0.770835	0.815335	0.270681	0.681907	0.007998	0.965909	0.657824	0.060759	0.574945	0.735751	0.431074	0.096121	0.146963	0.017787	0.981714	0.850647	0.154257	0.025135	0.929406	0.970763	0.631125	0.305332	0.858102	0.038736	0.146674	0.463168	0.005887	0.513007	0.652564	0.372371	
0.093893	0.386826	0.889001	0.673089	0.119004	0.755810	0.580524	0.039077	0.427234	0.871674	0.852300	0.151656	0.894131	0.011037	0.195457	0.180973	0.606427	0.537501	0.979761	0.313835	0.854441	0.848894	0.130787	0.873591	0.965785	0.131929	0.080106	0.676272	0.948248	0.520932	0.070718	0.433056	0.269704	0.172574	0.181146	0.348230	0.556053	0.470552	0.085096	0.244861	0.089407	0.868965	
0.660375	0.143750	0.232546	0.752330	0.366586	0.980410	0.155942	0.885755	0.639392	0.372676	0.431109	0.882285	0.187370	0.567085	0.503936	0.446290	0.981287	0.772935	0.254721	0.517098	0.710651	0.257597	0.650491	0.203682	0.377336	0.485328	0.419585	0.324649	0.494758	0.883731	0.327783	0.163006	0.920060	0.522903	0.461207	0.796088	0.537509	0.038451	0.197036	0.477884	0.818490	0.382817	
0.330824	0.845029	0.599199	0.824277	0.058780	0.236053	0.923225	0.153622	0.798957	0.556289	0.003396	0.524467	0.836872	0.774804	0.965561	0.893436	0.865087	0.121967	0.467224	0.391268	0.933526	0.504846	0.386277	0.241182	0.608179	0.521700	0.392211	0.812007	0.048517	0.884446	0.744432	0.310464	0.516347	0.073804	0.378674	0.509576	0.092393	0.168952	0.672890	0.663904	0.207606	0.892643	
0.231771	0.828900	0.291461	0.294367	0.491228	0.645411	0.037261	0.991146	0.184287	0.728136	0.515145	0.755350	0.307222	0.469103	0.604858	0.114645	0.066396	0.116918	0.656891	0.393749	0.016115	0.155695	0.758375	0.469312	0.647564	0.219343	0.094537	0.350743	0.393947	0.916587	0.181593	0.835435	0.974777	0.605845	0.363638	0.779788	0.038754	0.433129	0.082324	0.739792	0.099890	0.892596	
0.933829	0.596185	0.063186	0.326582	0.544004	0.492767	0.114370	0.150450	0.098206	0.857760	0.865721	0.934089	0.193331	0.677932	0.633017	0.487648	0.813867	0.894621	0.596605	0.121831	0.383220	0.659390	0.713210	0.975597	0.740078	0.948375	0.124247	0.553843	0.556346	0.610799	0.802303	0.756208	0.182280	0.493223	0.872032	0.919494	0.229652	0.752842	0.388725	0.754277	0.561796	0.734602	
0.585117	0.003621	0.520219	0.330826	0.712867	0.938691	0.737863	0.674031	0.046968	0.865147	0.172410	0.219482	0.346428	0.689938	0.676411	0.594266	0.712984	0.402992	0.212307	0.555724	0.820851	0.820320	0.926330	0.168609	0.087876	0.249918	0.651745	0.821421	0.443158	0.906396	0.935899	0.381098	0.098549	0.882085	0.517907	0.236030	0.932226	0.897471	0.550701	0.831854	0.099836	0.898864	
0.551171	0.749752	0.231644	0.113899	0.156810	0.816425	0.279086	0.566216	0.136321	0.135750	0.858596	0.927102	0.099302	0.047874	0.840727	0.950718	0.667022	0.386228	0.356619	0.066209	0.995123	0.768789	0.581145	0.071202	0.137250	0.786012	0.240174	0.405142	0.472069	0.538614	0.399752	0.704695	0.189803	0.965440	0.591049	0.059851	0.914283	0.860381	0.163644	0.212894	0.138535	0.296739	

Printing Matrix B
0.401710	0.318456	0.413020	0.094148	0.507426	0.377399	0.013428	0.379553	0.941901	0.077541	0.520485	0.916569	0.774715	0.335090	0.488051	0.539257	0.094276	0.222780	0.431008	0.999767	0.872398	0.530374	0.935910	0.734809	0.376358	0.390456	0.074587	0.464204	0.123790	0.255818	0.752272	0.501603	0.652788	0.353843	0.041311	0.022230	0.730776	0.799535	0.462532	0.544497	0.346692	0.735733	
0.241977	0.270582	0.999232	0.977609	0.321475	0.598051	0.203595	0.058059	0.305503	0.158614	0.632894	0.702966	0.492492	0.934316	0.182415	0.260464	0.869987	0.790159	0.057445	0.620722	0.246980	0.353183	0.170666	0.695481	0.491531	0.512448	0.812243	0.219851	0.462876	0.143920	0.824216	0.069683	0.935429	0.563421	0.627610	0.371795	0.402915	0.325165	0.136220	0.049750	0.874740	0.752176	
0.777612	0.991719	0.126193	0.885780	0.540023	0.644611	0.815305	0.468328	0.392175	0.317506	0.565100	0.368672	0.663317	0.329070	0.980620	0.225041	0.053272	0.998721	0.352400	0.129874	0.839965	0.367876	0.982518	0.098185	0.676326	0.169784	0.058362	0.942745	0.956877	0.259735	0.353062	0.695729	0.701537	0.585800	0.578951	0.946359	0.490159	0.074186	0.150439	0.847369	0.588062	0.068191	
0.555608	0.368103	0.282752	0.449981	0.112614	0.042148	0.840160	0.868087	0.343621	0.838027	0.128682	0.306456	0.084583	0.105886	0.170979	0.319070	0.185012	0.239072	0.315011	0.103578	0.834763	0.241776	0.773674	0.094034	0.924310	0.951074	0.844273	0.332113	0.411357	0.601503	0.612076	0.308922	0.607745	0.264852	0.237047	0.350382	0.514156	0.746733	0.702022	0.405124	0.772828	0.679325	
0.613730	0.545958	0.449437	0.607422	0.068033	0.858601	0.464337	0.598534	0.491884	0.773194	0.541074	0.293869	0.360694	0.869428	0.055192	0.750623	0.560190	0.694008	0.444042	0.071141	0.217773	0.187853	0.053195	0.383495	0.735303	0.551118	0.676616	0.519473	0.543981	0.170831	0.937654	0.268096	0.218035	0.507472	0.263534	0.174151	0.508355	0.163418	0.148391	0.106628	0.703602	0.160072	
0.502734	0.417527	0.068447	0.645890	0.509812	0.503944	0.876090	0.389923	0.590029	0.620931	0.926078	0.659933	0.331262	0.958165	0.424308	0.415081	0.797782	0.973758	0.420967	0.872329	0.533634	0.658626	0.387689	0.549348	0.612624	0.076101	0.954627	0.613172	0.502595	0.320752	0.689574	0.853945	0.568442	0.353585	0.447352	0.920187	0.602187	0.390709	0.627362	0.967594	0.110335	0.778688	
0.779728	0.350850	0.963197	0.209225	0.407436	0.140127	0.890874	0.965286	0.719626	0.319211	0.464286	0.311690	0.649977	0.331634	0.322978	0.825274	0.502183	0.385029	0.847727	0.118152	0.657425	0.231040	0.751991	0.886524	0.081799	0.793431	0.915655	0.637733	0.384404	0.325945	0.079690	0.810089	0.327344	0.047254	0.789373	0.430234	0.423685	0.995097	0.857600	0.647293	0.087356	0.485484	
0.545845	0.568644	0.092585	0.637631	0.045808	0.754149	0.642838	0.548222	0.966809	0.879009	0.639731	0.566169	0.755727	0.436730	0.654186	0.846095	0.045432	0.130279	0.309328	0.310293	0.215630	0.728287	0.865845	0.290680	0.254965	0.223146	0.043795	0.392027	0.002777	0.642606	0.750972	0.856993	0.903440	0.934422	0.755183	0.567902	0.309156	0.829282	0.572698	0.007654	0.289650	0.722359	
0.020116	0.132967	0.943142	0.679856	0.264273	0.490518	0.524122	0.380480	0.669655	0.250118	0.244572	0.153812	0.199360	0.644932	0.392267	0.822455	0.481676	0.435275	0.730994	0.118932	0.651980	0.162980	0.034391	0.455406	0.491843	0.682858	0.784923	0.553684	0.998136	0.473294	0.565907	0.802786	0.251170	0.472402	0.353192	0.977431	0.200785	0.181274	0.683871	0.939222	0.342203	0.912128	
0.458750	0.111409	0.664428	0.847290	0.880451	0.277918	0.888136	0.113785	0.341654	0.246500	0.231627	0.777615	0.064453	0.091212	0.338917	0.533782	0.469152	0.254554	0.229893	0.363915	0.751919	0.241965	0.392153	0.881383	0.446965	0.276245	0.555656	0.594090	0.770697	0.026765	0.688642	0.907282	0.205737	0.291375	0.263680	0.545974	0.297124	0.655653	0.143688	0.423084	0.664919	0.269245	
0.753189	0.840684	0.548637	0.633501	0.427995	0.395074	0.702619	0.069362	0.341739	0.981897	0.403276	0.328139	0.174587	0.137618	0.450552	0.060080	0.270198	0.727627	0.768212	0.056115	0.901911	0.829939	0.137638	0.570829	0.514638	0.118239	0.190277	0.464878	0.197601	0.204369	0.009358	0.851893	0.165213	0.098393	0.940648	0.129632	0.605697	0.447090	0.858873	0.222712	0.570644	0.291425	
0.787329	0.125785	0.358798	0.633082	0.594603	0.647713	0.064495	0.693241	0.900613	0.847703	0.782444	0.249645	0.312711	0.014828	0.813308	0.644276	0.062555	0.585567	0.100214	0.789508	0.703624	0.454633	0.183326	0.773263	0.970746	0.590249	0.915758	0.394508	0.312251	0.111824	0.715588	0.726197	0.526162	0.199496	0.530413	0.321193	0.426225	0.002157	0.923699	0.693491	0.396386	0.647636	
0.123634	0.540612	0.451480	0.561445	0.408537	0.945212	0.599406	0.561075	0.133712	0.363857	0.658093	0.169488	0.141435	0.476238	0.146719	0.849964	0.166019	0.706238	0.043013	0.784568	0.555325	0.386248	0.874488	0.284550	0.829591	0.568136	0.014422	0.069477	0.600603	0.693677	0.669590	0.017675	0.934217	0.453109	0.991596	0.428779	0.967457	0.701652	0.762350	0.850144	0.634610	0.079625	
0.155905	0.804888	0.694817	0.503830	0.042206	0.200016	0.245418	0.953652	0.890801	0.783936	0.197458	0.700202	0.471791	0.551750	0.968626	0.755432	0.780476	0.881039	0.058886	0.839700	0.906374	0.077514	0.692841	0.388807	0.413597	0.441900	0.658331	0.570863	0.692448	0.236522	0.753988	0.785605	0.552275	0.009757	0.051513	0.712253	0.889173	0.109680	0.820932	0.165655	0.671229	0.845584	
0.749658	0.459681	0.539060	0.103181	0.688158	0.827512	0.555431	0.851594	0.686725	0.564832	0.353613	0.157911	0.172998	0.409074	0.931122	0.173787	0.671105	0.122887	0.329672	0.503214	0.114854	0.258263	0.167994	0.277229	0.673703	0.430617	0.516572	0.201861	0.912095	0.533798	0.865593	0.523998	0.341054	0.746864	0.872953	0.688556	0.580803	0.658092	0.056675	0.603517	0.777382	0.757693	
0.622663	0.983524	0.570489	0.377975	0.224908	0.972781	0.548858	0.236688	0.969723	0.409618	0.872063	0.299323	0.003031	0.659115	0.936974	0.074367	0.376362	0.094395	0.575214	0.382933	0.374343	0.366083	0.075358	0.345012	0.528015	0.595606	0.822339	0.328815	0.797770	0.605783	0.404738	0.294380	0.738041	0.727950	0.861145	0.113376	0.466596	0.158689	0.082230	0.587035	0.258330	0.010323	
0.077571	0.906039	0.327069	0.610084	0.191972	0.512907	0.293240	0.243268	0.351740	0.389872	0.836103	0.360291	0.052262	0.528578	0.129967	0.391260	0.878040	0.082878	0.809120	0.936916	0.597427	0.931105	0.690680	0.045051	0.531017	0.860757	0.983485	0.285452	0.168374	0.346337	0.352932	0.505878	0.034896	0.436081	0.281718	0.845108	0.822820	0.769812	0.950587	0.555921	0.249786	0.848722	
0.637726	0.269016	0.948204	0.104441	0.352951	0.532108	0.199076	0.231862	0.341186	0.359939	0.853184	0.677506	0.944613	0.285374	0.650105	0.427669	0.268271	0.093932	0.312040	0.517611	0.808692	0.052837	0.017907	0.488562	0.361670	0.523098	0.978252	0.018626	0.434031	0.117264	0.438096	0.371967	0.241619	0.922842	0.664271	0.218649	0.490172	0.480731	0.556185	0.867172	0.817794	0.132710	
0.590875	0.718911	0.455335	0.109041	0.381108	0.599798	0.946906	0.176386	0.963093	0.084141	0.666520	0.961343	0.534166	0.140561	0.218785	0.148006	0.424605	0.834565	0.703091	0.773371	0.424614	0.706925	0.895809	0.982698	0.278345	0.312165	0.631712	0.167571	0.102024	0.517838	0.581402	0.130469	0.532760	0.885948	0.908640	0.320049	0.032488	0.704774	0.910285	0.787198	0.754311	0.133496	
0.372872	0.551901	0.609198	0.795705	0.735584	0.196608	0.891207	0.504195	0.741875	0.133101	0.851219	0.702660	0.525347	0.950134	0.589221	0.665681	0.384696	0.436989	0.287322	0.184495	0.158867	0.291250	0.463659	0.849922	0.619690	0.979897	0.820898	0.232413	0.172414	0.625902	0.266176	0.723728	0.509165	0.644767	0.393410	0.819392	0.210365	0.602351	0.906088	0.879558	0.435296	0.996686	
0.542011	0.602438	0.411646	0.476060	0.519923	0.328693	0.360504	0.825574	0.802722	0.306191	0.755608	0.687110	0.360816	0.187474	0.426122	0.052305	0.413259	0.682558	0.883084	0.502726	0.358405	0.432094	0.804879	0.472824	0.902634	0.620687	0.687558	0.319938	0.874465	0.844486	0.691572	0.268721	0.551535	0.929735	0.109896	0.837625	0.263880	0.187211	0.527386	0.676360	0.439051	0.088262	
0.604845	0.174983	0.915611	0.779897	0.916260	0.712013	0.999896	0.902414	0.074209	0.578094	0.009757	0.406848	0.425340	0.967162	0.380255	0.991000	0.463624	0.464410	0.185452	0.986418	0.292925	0.569507	0.340180	0.402614	0.211960	0.752478	0.746013	0.758859	0.242534	0.035743	0.781446	0.607890	0.192726	0.624305	0.316607	0.479890	0.309155	0.902355	0.521318	0.063724	0.285677	0.954995	
0.975528	0.203042	0.439876	0.840852	0.265529	0.466391	0.521042	0.836433	0.701420	0.447183	0.365720	0.659910	0.654506	0.620317	0.539837	0.971873	0.289165	0.733428	0.413701	0.950362	0.023023	0.137484	0.507450	0.381715	0.290240	0.219445	0.178435	0.542998	0.602990	0.773124	0.738626	0.658192	0.919912	0.756832	0.965900	0.012843	0.123948	0.532987	0.124244	0.840267	0.743599	0.070443	
0.939066	0.754975	0.776756	0.684882	0.273097	0.543174	0.734693	0.526622	0.007201	0.689515	0.689792	0.762546	0.137204	0.228519	0.662524	0.802838	0.912403	0.143646	0.085913	0.204542	0.171602	0.552019	0.047723	0.606888	0.618106	0.186072	0.518905	0.121934	0.551431	0.536912	0.649414	0.815545	0.897563	0.250976	0.787719	0.342486	0.203234	0.865616	0.973146	0.305881	0.768906	0.899150	
0.440572	0.943919	0.371536	0.205958	0.820582	0.582766	0.980694	0.701621	0.289260	0.727735	0.938611	0.743452	0.065854	0.503009	0.541287	0.122571	0.423243	0.973862	0.547322	0.815728	0.201322	0.086049	0.232236	0.950430	0.831778	0.013991	0.271515	0.682146	0.806776	0.172129	0.587315	0.329921	0.361189	0.805337	0.483602	0.276415	0.019559	0.866941	0.150135	0.773292	0.495535	0.752301	
0.544725	0.104418	0.619603	0.699563	0.571246	0.217475	0.333267	0.840946	0.643876	0.501794	0.479825	0.915232	0.186105	0.611872	0.475807	0.448690	0.798621	0.372033	0.829655	0.625141	0.101081	0.333336	0.865428	0.251218	0.291642	0.172740	0.121746	0.401427	0.776495	0.989492	0.377474	0.272834	0.991289	0.594319	0.716463	0.221844	0.062077	0.251892	0.729462	0.436809	0.256121	0.792572	
0.697520	0.685720	0.207299	0.726318	0.113393	0.760868	0.644019	0.925626	0.574648	0.178026	0.702650	0.564230	0.933028	0.453216	0.610588	0.567017	0.439787	0.782124	0.927948	0.231859	0.507594	0.146023	0.347914	0.512096	0.219119	0.559288	0.120040	0.353881	0.124558	0.242218	0.052886	0.043254	0.061972	0.139759	0.333821	0.031262	0.364346	0.993028	0.248934	0.634823	0.195245	0.389822	
0.317629	0.368354	0.550801	0.177332	0.419807	0.096359	0.045964	0.471700	0.607737	0.221200	0.680246	0.684343	0.719351	0.397232	0.513276	0.229883	0.530757	0.273091	0.208808	0.685244	0.671009	0.110395	0.017722	0.096758	0.085056	0.597542	0.532186	0.694483	0.601051	0.166134	0.878769	0.945231	0.994253	0.491084	0.668745	0.831677	0.957931	0.056728	0.524166	0.601113	0.471445	0.374525	
0.480541	0.255168	0.160722	0.195918	0.817319	0.449017	0.359471	0.014634	0.116429	0.367971	0.788382	0.050014	0.578186	0.921770	0.849782	0.053262	0.365303	0.411914	0.729732	0.565516	0.748981	0.358623	0.954635	0.136669	0.219567	0.145424	0.929340	0.320497	0.846564	0.557157	0.538563	0.026669	0.918849	0.429890	0.046415	0.195632	0.009940	0.903848	0.927511	0.035639	0.545157	0.155027	
0.376500	0.982022	0.717792	0.919410	0.149599	0.160221	0.384663	0.717029	0.585518	0.226474	0.466915	0.560033	0.170838	0.541504	0.776735	0.190491	0.172056	0.376299	0.711693	0.146203	0.241789	0.929739	0.896535	0.057530	0.559428	0.077510	0.414326	0.420769	0.233215	0.301158	0.658805	0.163185	0.664163	0.720709	0.835194	0.237146	0.173336	0.703436	0.813653	0.551923	0.044970	0.399423	
0.266977	0.044459	0.782465	0.510142	0.837267	0.272131	0.212812	0.877285	0.859752	0.124990	0.281316	0.102959	0.589391	0.468049	0.284315	0.093656	0.687663	0.051484	0.483733	0.911399	0.234954	0.822429	0.176369	0.495772	0.814145	0.069210	0.449187	0.190430	0.827051	0.672939	0.525950	0.662659	0.904710	0.683743	0.275769	0.709443	0.778670	0.958488	0.231587	0.991162	0.075021	0.141193	
0.232541	0.562785	0.990102	0.170959	0.002319	0.729666	0.547760	0.295473	0.008550	0.334252	0.536789	0.742260	0.747000	0.814108	0.793794	0.346228	0.286923	0.085927	0.144737	0.793077	0.090504	0.054085	0.936152	0.461793	0.354474	0.731922	0.088786	0.659639	0.207604	0.657807	0.429047	0.027732	0.913049	0.992996	0.370545	0.204842	0.308816	0.099313	0.608485	0.189670	0.357152	0.854222	
0.395773	0.281724	0.987607	0.604774	0.943566	0.132625	0.746166	0.914401	0.911693	0.577760	0.378171	0.465477	0.238179	0.949614	0.576738	0.041269	0.317697	0.575888	0.262524	0.721958	0.813168	0.062705	0.980203	0.676045	0.096350	0.112405	0.930877	0.461176	0.233029	0.764388	0.214626	0.782278	0.128650	0.837627	0.538828	0.597263	0.414167	0.911330	0.637075	0.286265	0.841179	0.207945	
0.976552	0.941113	0.079911	0.019348	0.511157	0.826860	0.159792	0.030980	0.224071	0.050615	0.288212	0.032607	0.549319	0.658711	0.717542	0.162554	0.535777	0.903676	0.809168	0.910225	0.724650	0.960132	0.401571	0.583061	0.619356	0.263879	0.595621	0.832855	0.615357	0.535438	0.358222	0.026993	0.801660	0.509687	0.853693	0.931152	0.156996	0.462785	0.882396	0.184209	0.679523	0.409320	
0.744574	0.420084	0.733741	0.692830	0.653515	0.985963	0.650492	0.066002	0.915562	0.082528	0.888438	0.631126	0.591158	0.272587	0.263424	0.545825	0.924082	0.367929	0.921431	0.749787	0.780582	0.030120	0.231401	0.935259	0.093275	0.219521	0.563099	0.752548	0.665982	0.424938	0.707043	0.937404	0.936672	0.288948	0.366091	0.433048	0.774487	0.577748	0.559289	0.152850	0.530794	0.634278	
0.223018	0.248150	0.411962	0.818407	0.643852	0.750129	0.061143	0.438626	0.077813	0.573908	0.334842	0.858187	0.664663	0.546695	0.383409	0.289350	0.567799	0.495428	0.210589	0.098765	0.069645	0.434965	0.887972	0.558021	0.745265	0.818085	0.283585	0.974237	0.687309	0.143706	0.701905	0.677146	0.970557	0.249465	0.486408	0.035587	0.197124	0.686840	0.344142	0.050880	0.376790	0.169513	
0.545237	0.608624	0.664681	0.303265	0.185386	0.636290	0.152984	0.337088	0.233985	0.195445	0.843227	0.516204	0.127146	0.276777	0.436050	0.164312	0.590040	0.213833	0.525265	0.621307	0.497508	0.866593	0.143351	0.289883	0.576357	0.808445	0.367612	0.606954	0.891734	0.998695	0.330021	0.309070	0.935942	0.174781	0.040001	0.171858	0.053685	0.188000	0.242133	0.574372	0.963211	0.238074	
0.707466	0.825582	0.728760	0.926982	0.987283	0.978841	0.758956	0.384431	0.949711	0.336466	0.594740	0.200432	0.002350	0.655362	0.157621	0.296385	0.738465	0.464286	0.946244	0.526005	0.627321	0.856751	0.658468	0.185234	0.797471	0.611574	0.046167	0.229084	0.586811	0.014079	0.777882	0.609519	0.432431	0.983571	0.465072	0.312201	0.014422	0.478670	0.410134	0.281069	0.185604	0.599817	
0.704650	0.280288	0.713346	0.035893	0.604831	0.007575	0.719215	0.415936	0.500723	0.276680	0.897088	0.188035	0.419254	0.514828	0.361746	0.836629	0.943545	0.357856	0.411285	0.148120	0.039160	0.053377	0.146841	0.942663	0.197448	0.162709	0.974693	0.401759	0.819846	0.998806	0.031232	0.247989	0.952353	0.631669	0.999594	0.379753	0.935483	0.797129	0.902442	0.729888	0.959135	0.194426	
0.243339	0.327776	0.512772	0.244778	0.162017	0.518781	0.098612	0.478007	0.930238	0.136960	0.290890	0.948044	0.673881	0.293221	0.570528	0.566845	0.083833	0.877053	0.221203	0.140609	0.614598	0.497590	0.809840	0.811416	0.833357	0.605799	0.882465	0.317578	0.231775	0.189363	0.098447	0.616170	0.650829	0.778885	0.615054	0.255252	0.578885	0.942862	0.728439	0.128803	0.702653	0.686043	
0.288444	0.141463	0.614420	0.322522	0.087034	0.895146	0.431914	0.609895	0.593525	0.276620	0.617989	0.561135	0.973759	0.908224	0.424539	0.261528	0.597887	0.233203	0.733817	0.925174	0.494416	0.558714	0.494351	0.973298	0.033756	0.260286	0.469399	0.998172	0.511359	0.119569	0.500662	0.648883	0.784089	0.310856	0.437810	0.338758	0.056350	0.858556	0.066080	0.638577	0.081772	0.751580	
0.720285	0.994329	0.656148	0.167543	0.494997	0.255359	0.698511	0.796993	0.802246	0.068546	0.033222	0.409296	0.758956	0.199138	0.946737	0.391898	0.700471	0.898666	0.500127	0.513429	0.882634	0.274209	0.335004	0.717466	0.206952	0.995846	0.713114	0.339476	0.453015	0.312797	0.489332	0.066774	0.090923	0.546422	0.031649	0.586172	0.828639	0.495428	0.931583	0.300894	0.998906	0.378709	

Printing Matrix C
13.619286	14.023376	14.860538	12.534797	10.863414	13.335376	13.783324	14.261860	14.350848	10.577444	14.636990	13.062086	11.034330	13.489558	14.164242	10.973155	12.831544	12.617533	13.260538	13.977350	12.610759	10.786578	13.041709	12.936992	12.535536	11.797020	14.696853	11.766796	14.231999	12.151832	13.199110	11.939549	15.174121	14.329851	13.359933	11.279338	10.170581	14.894113	14.960242	13.357610	13.393749	12.268198	
12.211714	10.573314	11.801482	9.745129	9.783015	11.545019	11.348221	11.231352	13.304801	8.442100	12.496694	10.188246	9.202949	10.587701	10.855043	9.073027	10.676165	9.513406	10.875216	11.843657	9.985728	8.889451	10.149219	11.501559	9.965728	9.593460	12.096247	9.718543	11.123860	10.067850	11.340297	10.640275	12.978665	11.667399	11.191421	9.498245	8.244181	11.623090	11.937650	10.711024	10.751028	10.508896	
11.094458	10.050272	12.479794	11.911497	10.581668	11.515247	11.110204	11.263693	11.241990	9.227669	12.474519	11.166200	9.444846	12.415479	10.516419	9.896028	11.389140	10.826996	9.942549	12.609455	10.081075	9.867270	10.440665	11.731209	11.488307	9.802773	12.615172	10.477645	11.927274	9.174420	12.606941	11.524690	13.532122	11.172311	11.148989	10.326162	9.209558	12.529091	12.145643	11.099876	10.900061	11.237471	
11.541038	9.880294	12.286624	10.665019	10.207632	11.074095	11.086032	10.885998	12.951190	8.782575	11.738050	10.902814	9.866328	10.628932	11.205899	9.293925	9.586767	9.744345	10.942271	11.461564	11.342392	8.783610	12.124249	11.434718	10.351471	9.669115	12.152384	10.066027	10.809379	9.347627	11.182395	11.467861	12.766803	11.929866	11.278266	9.279131	8.909547	12.487918	12.929601	10.217533	10.770828	10.668869	
10.351700	9.772541	12.207782	9.775098	9.307944	10.480702	10.426271	10.790673	11.203736	7.519436	10.853240	10.803721	9.246869	10.703418	10.699623	9.627707	10.663721	9.490075	9.400752	12.420024	10.168246	8.298213	9.429870	11.445096	9.334412	9.573859	11.915375	10.811339	10.955691	8.213744	11.130994	11.289584	12.298928	10.352489	9.895112	9.813423	8.917322	11.550284	11.564488	10.246583	9.691170	10.989194	
11.085903	10.838447	12.780651	10.110062	10.218600	10.574823	10.917798	10.994237	12.888323	7.672422	13.426323	11.997475	9.830066	10.728770	10.551156	8.947467	11.351120	11.068448	10.921910	13.203410	11.122198	9.220899	10.698705	12.568212	11.048955	10.111870	13.825511	10.223326	11.371261	9.503715	11.238810	10.842924	13.459751	11.977379	10.764525	10.237328	9.618507	12.557897	13.021185	11.757813	11.285946	11.019343	
9.536080	8.439063	10.457066	9.371518	8.139762	8.957234	9.861469	10.452446	11.012762	7.144578	9.187235	8.807337	7.862274	8.890652	9.221229	7.701728	8.006273	8.706317	8.883078	8.612261	8.796490	7.632586	9.277738	9.831627	8.984225	8.110562	10.319915	8.224233	9.096319	6.984469	9.457470	9.262153	9.932990	9.540395	9.215743	7.469166	6.508620	11.333565	9.513188	8.848984	8.840512	8.801468	
12.136019	11.521838	11.348200	11.174096	9.963022	11.716977	11.839781	11.791053	12.224219	9.056621	12.655566	10.279205	9.384542	11.126180	12.720951	8.466170	9.375357	10.425729	10.551814	11.656452	11.075916	9.154084	10.707815	10.659116	11.182461	9.493206	11.756613	10.835745	12.369107	9.927769	11.640722	11.073939	13.571545	11.772713	11.821362	10.142191	8.266758	12.280316	11.171351	12.011299	11.141928	9.870099	
10.387055	9.649544	10.566552	9.540564	9.257807	10.397913	10.584604	9.736007	10.262079	8.336342	11.121015	10.557570	8.671716	9.027428	9.648026	8.331496	9.542309	9.615631	9.852627	10.091943	10.301441	7.439032	9.361725	10.070785	9.739125	8.870556	11.003349	8.699106	10.680611	7.931498	11.014266	9.588093	11.392861	10.358349	9.860131	8.225282	8.978971	11.696530	11.313615	9.158641	10.380829	9.014290	
9.291363	9.838170	9.829860	9.741671	7.794301	10.228728	10.039355	9.791697	9.486640	8.181162	10.210264	9.087277	8.291618	9.639457	9.538010	8.754798	8.799095	9.662119	8.376715	9.925152	8.987508	7.578252	9.808331	8.927456	9.118543	8.294132	9.630472	8.391881	9.026885	6.942005	10.041242	8.640343	10.726500	9.876977	9.716943	7.571147	8.168790	11.191692	10.727436	8.514885	9.288435	9.534100	
13.204494	11.957366	13.947471	12.399692	10.540924	12.661664	13.125639	12.183542	13.442738	9.601472	13.419034	11.585733	9.904622	11.316233	12.015190	10.781643	12.190911	11.301436	11.628442	12.322303	11.898029	9.695249	10.403944	12.184878	11.450118	10.388669	12.921717	10.401355	13.008934	10.201584	12.987247	12.030940	14.315950	12.187669	12.988699	10.469834	9.738331	13.249359	13.241990	12.289011	12.582352	11.920326	
11.998822	11.065608	13.043431	11.922300	10.283725	12.462272	11.699868	12.074561	13.242512	8.989490	12.766832	12.709497	11.303853	11.675277	11.807890	10.066067	10.827688	11.210849	10.692910	12.302876	11.461132	8.981225	12.866885	11.866865	10.544727	10.520498	11.817999	11.334349	11.726443	9.156357	12.466859	12.051267	14.097645	12.652851	12.619786	9.829606	10.197829	13.170913	11.870353	10.948180	11.700024	10.835942	
11.693382	10.550568	13.201950	10.452129	10.153815	10.556559	11.654031	11.753260	12.463779	8.133651	11.142798	11.118951	9.367266	9.992683	10.848868	9.697020	11.066621	10.183921	10.262077	11.430163	11.427798	8.934466	11.030000	11.745815	9.995895	9.569268	12.125164	10.118212	11.257049	9.240789	10.902567	11.631651	13.059197	10.920689	11.499641	9.821430	9.837241	12.965415	13.077048	10.114605	11.312863	10.705665	
10.662742	10.965670	11.344197	9.555771	8.959673	11.226148	10.826214	10.104855	11.438449	8.026098	11.422961	10.022504	9.273018	9.610548	10.406287	8.593180	9.075644	10.276688	9.649490	10.419909	10.800447	8.458828	10.741045	11.014809	10.225098	9.667043	9.991664	9.863276	10.401469	8.714063	9.796399	9.905958	12.362721	10.370963	10.594659	8.256021	9.080248	11.276466	11.361701	10.036384	10.374863	8.971687	
11.556633	10.542732	12.549875	11.013508	10.410553	11.893332	11.263406	11.157891	12.814277	9.352898	12.854811	11.128715	9.306085	11.734168	11.473609	9.198654	10.979962	10.252397	10.948540	12.733272	10.916769	9.956928	10.980431	11.159600	11.313526	9.233074	12.350568	10.789565	12.390126	9.878091	12.077263	11.850051	14.339777	12.647150	11.923952	9.980859	9.058264	12.694458	12.158967	11.194592	11.282294	11.750166	
11.884747	11.765957	13.567590	12.669006	10.405968	11.690997	12.851290	12.610437	13.761530	9.433548	13.057358	12.493562	10.122606	12.792615	12.124412	10.263476	11.793199	11.819891	11.079057	13.164744	11.307482	10.083233	13.119959	11.616136	11.223145	9.819303	13.086548	10.611334	12.620259	10.920079	13.424788	11.943788	15.222965	13.175926	13.209817	11.279555	10.269892	13.545517	13.539129	11.931892	12.099160	11.452920	
11.337492	11.144276	11.905657	11.297082	8.542874	11.360584	11.300048	10.996613	11.845907	8.487387	11.381212	10.353379	9.028113	10.779506	10.790084	9.978514	9.914077	11.158898	9.720712	10.666667	10.563082	8.800638	10.629754	10.559123	10.476377	9.784955	11.027098	10.353358	10.845712	8.750556	10.693195	10.794810	12.969334	10.312626	11.508601	8.900441	9.329231	10.832236	11.804331	10.275428	10.595701	10.043766	
8.762827	8.614477	9.312270	8.271931	7.447728	9.477756	9.063878	9.040008	9.781402	7.126561	10.319129	9.158126	8.483876	9.276091	9.373177	7.441681	7.906591	8.810712	8.700278	9.017152	9.214057	7.130258	10.623081	8.882833	8.455065	7.650158	9.751626	8.507899	9.562932	8.364105	8.881944	8.407487	11.589821	9.960242	9.110733	8.047273	7.179709	10.357873	10.536542	8.366428	9.136114	8.567556	
10.934965	10.913922	11.232390	9.377101	8.150326	10.636853	10.936926	10.585333	11.112969	8.716626	11.912439	11.161376	9.572964	10.138581	10.493705	10.315211	9.991497	10.201023	9.487815	10.458534	9.885122	8.316806	9.637336	11.771161	10.627779	10.097658	12.320349	9.422871	9.795321	8.502233	10.611294	10.084703	11.774705	10.452145	10.944552	8.773519	8.956887	12.510065	12.767703	10.531851	11.008289	11.178025	
10.073591	9.673733	11.838224	10.614580	9.801336	10.329563	10.691063	10.178555	11.456294	8.023814	11.457467	10.983268	8.711465	9.731480	10.059637	9.089933	11.127577	10.284144	9.645352	11.520182	10.763787	8.778697	9.887487	11.446700	9.575316	9.012275	11.739053	9.679774	10.936824	8.664582	10.682854	11.166965	12.204232	9.667545	10.582263	9.629438	9.691704	11.617875	12.764707	10.675893	10.633691	10.296868	
10.668649	10.636820	11.019156	10.565734	8.446984	12.227040	10.342604	10.923172	11.376645	8.447172	11.131402	10.894319	9.297362	10.218700	10.993190	9.845518	9.367663	10.323890	9.585645	12.052352	9.636868	8.877587	10.693201	10.127429	10.572855	9.657861	10.543281	9.948609	10.577707	8.550709	11.838020	9.844767	12.127810	11.831718	11.015500	9.517639	8.193139	11.010115	11.307373	10.203360	10.463424	10.825571	
9.043986	8.305008	9.924935	9.219574	8.067343	9.080612	8.997266	9.715119	9.417425	7.143414	9.334679	8.712278	7.162959	8.326349	8.671412	8.017952	9.000642	7.827076	8.110577	9.230803	7.524855	7.819455	8.388762	9.053370	8.297205	7.747385	9.373152	8.085716	9.167746	7.331750	9.401185	8.688433	10.127758	8.893906	9.331368	7.494549	7.445888	10.460707	9.560881	8.456287	8.817153	8.664041	
10.077269	9.839138	11.831353	9.896632	8.455026	11.096190	9.951150	10.475052	10.630631	7.698533	11.984381	11.042885	8.768910	10.714892	10.765843	9.407333	10.816949	9.874463	9.228834	10.903027	8.961592	7.977245	10.008239	10.275765	10.151947	10.182937	11.746000	9.240612	11.934089	9.848251	11.112511	9.608946	13.856517	10.607332	11.072525	9.122389	8.340577	11.011806	11.820296	10.302010	11.083806	10.549618	
11.587339	11.071727	12.708242	11.181145	10.474728	12.497766	11.143708	10.947793	12.910726	7.789962	12.257799	11.354126	10.194634	11.953696	11.264465	9.926455	10.991780	10.969584	10.736936	13.247472	11.812014	9.342556	11.363185	11.105928	10.576201	11.070357	12.293603	10.760043	12.139861	9.549914	13.036103	11.208012	13.909243	12.156831	11.189271	10.451807	9.598039	12.246206	12.211151	10.968175	12.266467	11.082556	
10.823993	11.033888	10.944451	9.979086	8.617547	11.941550	10.910419	10.966851	11.767319	7.945071	11.728931	10.415718	9.425004	9.130234	10.726962	9.139774	9.928714	9.801027	10.665063	10.715479	10.467088	9.084351	10.643433	10.504207	9.924688	10.072144	10.403864	9.947300	10.985052	8.879770	10.665474	10.642807	12.764553	10.462006	11.226485	9.420729	8.954564	12.236383	11.916599	10.564208	10.165686	10.621325	
10.389394	9.201913	11.332821	8.388712	8.632028	9.933989	9.790344	9.917478	10.526674	6.891614	9.889268	9.003914	8.259507	8.821949	9.575930	8.916080	9.379527	9.601301	9.545561	9.985676	9.604953	6.890931	8.625485	10.211965	8.561583	8.906878	9.932221	8.660538	10.425029	8.329293	9.196301	8.521191	10.840845	9.341474	9.719509	7.524874	8.222249	10.375374	10.669472	9.111995	10.179522	9.169963	
10.398803	10.081136	10.734510	9.945062	8.911944	10.835666	11.099291	10.192309	10.489575	7.741584	11.269454	10.119510	8.570938	10.518133	9.571282	8.333589	9.467593	10.186396	9.990424	10.992166	9.143371	8.706300	9.545968	10.694837	9.715568	8.291987	10.365861	9.992279	9.713317	8.699219	9.836376	9.125378	11.872347	10.505480	10.259801	8.313351	8.017137	11.610918	10.964647	9.987063	9.474161	10.142997	
10.988123	10.592156	11.818820	10.573173	9.198339	11.238274	11.613468	10.655260	10.569182	8.809680	11.673438	9.462149	7.820540	10.611425	9.780099	9.276668	10.219532	9.627752	9.732591	10.451277	9.511965	7.945186	9.075075	10.098015	10.140060	9.607595	10.977013	8.791743	10.933958	8.553383	10.614001	9.703643	11.210890	10.922207	11.358387	8.451224	8.892333	11.665611	10.523347	10.274030	10.733937	9.841983	
8.435165	7.660860	9.771258	8.166568	8.099023	7.762412	8.695369	8.406686	9.486982	6.581756	9.405823	8.433525	6.990888	7.982667	8.158280	7.078372	8.439528	6.829450	7.666479	8.402406	7.720249	6.733661	9.321554	9.007939	7.614810	7.515508	9.385230	7.715992	8.884796	8.395480	8.313127	8.736234	10.940942	8.734378	8.368760	7.356091	6.641469	9.683115	10.083075	7.482966	8.572704	7.293638	
10.139010	10.509107	10.868720	10.148544	8.945733	10.117296	10.689816	10.039437	11.493146	8.307143	10.525220	11.403437	8.315012	10.109247	10.959487	7.812639	9.212154	10.493999	8.950073	10.547933	9.837940	8.369885	10.994871	10.440278	9.917553	8.455639	11.316531	9.458721	10.385321	8.358363	11.618940	10.224050	12.183647	11.226584	10.779987	9.014955	8.020657	11.261730	11.387458	9.150107	10.644276	9.552975	
10.011888	9.754480	10.013864	9.396632	7.339947	9.857206	9.042552	9.133316	10.755273	7.690329	10.842693	9.619202	7.619520	9.502904	9.949874	8.471818	9.186460	8.500142	7.973028	9.415683	7.647876	8.071243	9.443024	9.221318	9.336838	8.342075	10.276582	8.335982	9.219889	8.527088	10.015656	8.967658	12.368346	10.120605	10.542894	7.975694	7.635962	9.351887	10.646203	8.363470	9.319797	9.663638	
11.088880	10.669415	12.235112	10.125090	9.262015	11.431609	11.308410	12.210538	12.277821	9.379926	11.868180	11.023456	9.788355	11.636640	11.908239	9.483179	10.163335	11.186902	10.475680	11.148560	10.801267	7.926100	10.223706	11.265439	9.654358	9.747333	12.064033	10.029227	11.496134	8.628365	11.192389	10.485158	12.001827	10.839160	11.566772	8.294709	8.765562	12.647847	11.670221	10.886383	10.762303	10.387831	
MPI_Wtime measured for total run by process 6 = 0.000588
MPI_Wtime measured for total run by process 18 = 0.000675
MPI_Wtime measured for total run by process 40 = 0.000692
11.393050	11.620444	12.825991	11.136384	9.703905	12.156689	11.969291	12.635252	11.852955	9.511293	12.352801	11.048857	9.239302	11.488667	11.236759	9.961250	11.024974	10.623553	9.777014	12.797509	10.722654	9.234893	11.146040	11.174492	11.564178	10.659649	12.367379	10.399636	11.559589	9.006763	12.194550	11.113410	13.496514	11.561053	11.829187	9.631837	10.148977	13.183956	12.248616	11.295511	10.878350	11.562575	
13.733255	13.040167	14.268785	13.587172	11.550020	13.746565	14.234631	13.211183	14.221294	10.395460	14.361337	12.707564	10.089917	13.223250	12.650531	11.778965	12.318911	12.332485	12.082030	14.134883	12.106135	10.846547	12.389705	13.508295	12.403004	11.683143	13.505706	11.566124	12.450503	11.187867	13.496756	12.659762	15.000916	13.133328	13.805812	10.923713	10.093647	14.508054	14.602308	12.788076	12.502421	13.265416	
9.896027	8.956743	11.608508	9.639553	8.566912	10.632631	10.746387	10.756643	11.828231	7.523221	10.425164	10.271102	9.640794	9.494024	10.106984	8.784290	8.881526	9.295632	8.745051	11.661746	10.979680	6.958483	9.690499	10.395692	9.138801	9.337329	11.072684	9.152315	10.073252	7.750801	11.036186	10.331292	11.471720	10.645526	9.558641	9.129030	9.228812	10.970454	10.293723	10.307450	9.671463	9.356364	
10.109699	10.779453	10.650778	9.668366	9.497644	9.625595	11.750741	9.241673	8.993792	7.810050	10.856944	9.958504	7.384550	8.926424	9.635389	7.526533	8.985037	10.275270	9.122656	9.977070	10.323205	8.367237	9.980635	9.599295	9.865040	8.996917	10.920053	8.711413	10.408113	7.592541	10.483478	9.172056	10.685498	10.289267	9.744792	9.033608	7.643831	10.995134	11.674184	9.880924	10.412761	8.854160	
10.476702	10.201816	10.968934	10.811074	8.873308	10.629845	10.079227	11.299624	12.491494	9.136852	11.896035	11.051291	9.283043	10.769265	11.215924	8.821293	9.531227	9.956263	10.148527	11.632311	10.772807	9.166196	11.071170	10.485706	10.443782	9.454493	12.487789	10.034841	10.461336	9.016401	11.485731	11.149093	12.169682	11.010963	10.365837	9.572681	8.709249	11.940800	12.099890	10.686469	10.209963	10.621574	
10.283766	10.993609	12.880921	10.870885	9.646359	10.120513	11.295095	12.686988	12.991345	8.125055	11.312172	10.864235	8.706018	10.321796	11.256488	9.353843	10.653380	10.552699	9.827390	11.238074	10.453529	8.114475	11.016181	10.850811	10.996798	10.834415	12.912139	9.540615	12.018026	9.365379	11.811026	10.534115	12.606262	11.670143	11.386369	10.588161	10.492468	12.102429	12.127739	11.600556	10.932569	10.652353	
9.753088	9.750936	10.328311	10.008498	8.470832	9.795096	9.907340	9.497176	10.741401	8.093364	9.581180	10.307043	8.205649	9.670839	10.414496	7.873223	8.319834	10.235128	7.551803	9.937829	8.810858	7.718321	10.149338	10.062716	9.338944	7.771378	9.912076	8.747052	8.768515	7.336281	10.822027	9.416543	11.301267	10.785039	10.310698	7.973581	7.374428	10.483575	10.697161	7.779956	10.280816	9.405565	
12.650877	11.673786	13.956181	11.952156	11.243250	12.744310	11.423907	11.785056	13.224173	9.888873	13.072934	13.256751	10.351243	11.491904	12.354807	10.122497	12.277760	11.175421	11.095704	13.904685	11.640219	10.240581	11.338238	12.831117	11.990708	10.379692	13.065626	10.944913	12.453071	9.088739	13.696562	12.206098	14.579187	12.719133	12.239539	9.359131	10.208957	13.436601	13.535931	10.899831	12.261966	12.251482	
12.584610	12.223712	12.367849	11.432975	10.392797	11.754331	11.751610	12.514070	13.748884	8.313349	12.322406	11.366755	10.301394	11.478853	12.112529	10.342227	11.276484	11.213050	11.426803	12.627012	11.407851	10.437661	11.410579	10.931371	11.365046	10.944079	12.733222	10.770275	12.239840	9.794771	12.628681	11.586891	13.592099	12.524403	11.232288	10.822161	10.399946	12.927632	12.596655	11.479928	11.334483	10.612764	
11.019251	10.200367	10.540902	9.653071	8.949354	11.130189	9.212649	9.172254	11.246053	7.726919	11.326390	9.322142	7.710711	9.856969	10.305988	7.204729	9.448946	9.087478	10.240495	11.705407	9.304029	9.586288	9.134190	9.033550	9.784330	8.693172	10.464050	8.808766	10.158953	8.675830	10.718627	9.019123	11.940169	10.993092	10.307480	8.439303	7.590796	9.419376	10.569056	9.132434	9.249419	9.498768	
The results Matches
MPI_Wtime measured for total run by process 1 = 0.000622
MPI_Wtime measured for total run by process 2 = 0.000659
MPI_Wtime measured for total run by process 3 = 0.000705
MPI_Wtime measured for total run by process 4 = 0.000708
MPI_Wtime measured for total run by process 5 = 0.000609
MPI_Wtime measured for total run by process 7 = 0.000706
MPI_Wtime measured for total run by process 8 = 0.000714
MPI_Wtime measured for total run by process 10 = 0.000626
MPI_Wtime measured for total run by process 11 = 0.000727
MPI_Wtime measured for total run by process 12 = 0.000606
MPI_Wtime measured for total run by process 13 = 0.000684
MPI_Wtime measured for total run by process 14 = 0.000617
MPI_Wtime measured for total run by process 15 = 0.000661
MPI_Wtime measured for total run by process 16 = 0.000720
MPI_Wtime measured for total run by process 17 = 0.000716
MPI_Wtime measured for total run by process 20 = 0.000654
MPI_Wtime measured for total run by process 22 = 0.000633
MPI_Wtime measured for total run by process 23 = 0.000631
MPI_Wtime measured for total run by process 24 = 0.000651
MPI_Wtime measured for total run by process 25 = 0.000578
MPI_Wtime measured for total run by process 26 = 0.000607
MPI_Wtime measured for total run by process 27 = 0.000720
MPI_Wtime measured for total run by process 28 = 0.000644
MPI_Wtime measured for total run by process 29 = 0.000629
MPI_Wtime measured for total run by process 31 = 0.000725
MPI_Wtime measured for total run by process 32 = 0.000625
MPI_Wtime measured for total run by process 33 = 0.000719
MPI_Wtime measured for total run by process 34 = 0.000631
MPI_Wtime measured for total run by process 35 = 0.000607
MPI_Wtime measured for total run by process 36 = 0.000647
MPI_Wtime measured for total run by process 37 = 0.000645
MPI_Wtime measured for total run by process 38 = 0.000621
MPI_Wtime measured for total run by process 39 = 0.000701
MPI_Wtime measured for total run by process 41 = 0.000669
MPI_Wtime measured for total run by process 42 = 0.000628
MPI_Wtime measured for total run by process 45 = 0.000688
MPI_Wtime measured for total run by process 46 = 0.000642
MPI_Wtime measured for total run by process 9 = 0.000740
MPI_Wtime measured for total run by process 19 = 0.000722
MPI_Wtime measured for total run by process 21 = 0.000731
MPI_Wtime measured for total run by process 30 = 0.000734
MPI_Wtime measured for total run by process 43 = 0.000659
MPI_Wtime measured for total run by process 44 = 0.000713
MPI_Wtime measured for total run by process 47 = 0.000589
MPI_Wtime measured for total run by process 48 = 0.000705
