MPI_Wtime measured for total run by process 0 = 0.005356
Total time by each process = 0.021377  And Average = 0.005344 , Comm_TIME = 0.000000
Printing Matrix A
0.481298	0.233540	0.340114	0.419688	0.925531	0.379028	0.393565	0.407679	0.677225	0.456915	0.636715	0.980856	0.415256	0.778445	0.683340	0.838002	0.350399	0.841448	0.098787	0.657359	0.085477	0.174407	0.801269	0.942903	0.189000	0.851851	0.728602	0.901636	0.225075	0.642720	0.239436	0.073054	0.552263	0.280348	0.175637	0.675368	0.974095	0.740156	0.431861	0.253859	0.082877	0.446575	0.938418	0.955336	0.028292	0.071909	0.078777	0.857564	0.059465	0.282091	
0.075619	0.496216	0.807234	0.825079	0.919431	0.859955	0.184648	0.813786	0.654742	0.286559	0.367178	0.950763	0.503430	0.076996	0.946238	0.797996	0.316545	0.071572	0.530584	0.362874	0.975588	0.452322	0.529360	0.283303	0.035230	0.867136	0.928329	0.848363	0.626226	0.994654	0.284445	0.594321	0.086863	0.724769	0.562543	0.067460	0.310472	0.698368	0.785889	0.023934	0.551533	0.223527	0.708969	0.911621	0.997248	0.907659	0.698926	0.882683	0.167872	0.403235	
0.695094	0.268547	0.990477	0.845398	0.948586	0.597486	0.760402	0.979981	0.892902	0.804566	0.797878	0.171843	0.214205	0.282593	0.661977	0.112493	0.156523	0.362637	0.347955	0.923366	0.077367	0.796660	0.341864	0.307139	0.668244	0.124916	0.823931	0.962926	0.351285	0.420214	0.931347	0.370334	0.913748	0.234869	0.941006	0.558244	0.679088	0.856142	0.131546	0.255718	0.274987	0.265913	0.677394	0.137055	0.474358	0.041942	0.089976	0.493574	0.145247	0.265427	
0.886679	0.104626	0.178576	0.586719	0.124049	0.109913	0.223072	0.497954	0.604665	0.929145	0.192277	0.484728	0.383362	0.285978	0.706745	0.614862	0.375076	0.159191	0.680256	0.863775	0.588346	0.203340	0.349513	0.711884	0.336302	0.033201	0.612115	0.810833	0.496231	0.524086	0.648216	0.796401	0.858435	0.576944	0.701501	0.342995	0.414406	0.101266	0.247630	0.718098	0.454178	0.112512	0.269229	0.061770	0.020156	0.968437	0.724802	0.691663	0.720430	0.121928	
0.709325	0.711779	0.011259	0.887651	0.626194	0.842822	0.357048	0.146665	0.878679	0.391737	0.794289	0.567207	0.125012	0.102329	0.527477	0.267373	0.689182	0.360534	0.792197	0.959330	0.853933	0.498763	0.757486	0.837257	0.853862	0.535001	0.589167	0.167243	0.361079	0.559620	0.493831	0.125358	0.806145	0.883453	0.734076	0.016734	0.644936	0.798990	0.160925	0.038588	0.865240	0.662938	0.675797	0.168586	0.099754	0.925432	0.555199	0.776597	0.536682	0.959686	
0.502833	0.858767	0.491916	0.550191	0.294003	0.667627	0.162367	0.613651	0.160747	0.875040	0.510442	0.854086	0.851261	0.426985	0.290732	0.658701	0.363091	0.941335	0.175225	0.507848	0.080304	0.628472	0.506041	0.080836	0.024359	0.927289	0.756346	0.600443	0.412057	0.995550	0.414099	0.496354	0.171720	0.632197	0.929215	0.816173	0.315521	0.252191	0.686767	0.488350	0.288902	0.245928	0.197013	0.652856	0.873799	0.311858	0.302658	0.065088	0.245901	0.821322	
0.837330	0.184635	0.082139	0.974413	0.769853	0.480032	0.878401	0.104003	0.572331	0.684483	0.405266	0.734027	0.804553	0.182301	0.496399	0.225570	0.641117	0.486580	0.847031	0.492162	0.923755	0.675638	0.698154	0.877569	0.536501	0.716613	0.558392	0.649690	0.249755	0.413399	0.835614	0.079883	0.049173	0.199988	0.027455	0.513087	0.664344	0.753366	0.968367	0.632981	0.192987	0.446635	0.800235	0.114324	0.928316	0.796144	0.166691	0.240663	0.442489	0.112068	
0.132800	0.421155	0.813881	0.159641	0.805456	0.287116	0.142217	0.749822	0.830075	0.992442	0.391869	0.522322	0.664612	0.774424	0.203635	0.577046	0.511647	0.133580	0.172721	0.107775	0.085843	0.976620	0.128641	0.170513	0.590588	0.717107	0.951542	0.541017	0.002415	0.723256	0.201932	0.542486	0.298502	0.039106	0.969286	0.449400	0.541771	0.283191	0.152462	0.629128	0.616660	0.725507	0.585665	0.184356	0.581965	0.794130	0.207913	0.497477	0.012681	0.977639	
0.683464	0.037097	0.853059	0.895647	0.773992	0.748571	0.871010	0.958853	0.740603	0.044754	0.050820	0.106465	0.175499	0.765148	0.140524	0.170147	0.169826	0.049223	0.527532	0.028406	0.469646	0.692175	0.251056	0.797331	0.794237	0.314226	0.680969	0.103791	0.024632	0.044649	0.611726	0.989144	0.422041	0.804437	0.983238	0.251096	0.609820	0.793540	0.594300	0.852534	0.432956	0.233594	0.587450	0.970394	0.206324	0.777238	0.229840	0.599602	0.804750	0.601453	
0.236881	0.240872	0.795821	0.707576	0.625283	0.778657	0.726869	0.172165	0.349636	0.926400	0.157602	0.374010	0.470020	0.039323	0.377650	0.062758	0.493326	0.461232	0.338043	0.679268	0.728918	0.021564	0.470176	0.770105	0.336288	0.375773	0.400144	0.881332	0.723395	0.144934	0.561431	0.715576	0.511323	0.343904	0.345615	0.812691	0.481096	0.530319	0.027985	0.771085	0.996930	0.858162	0.896641	0.267237	0.660149	0.721081	0.619865	0.276337	0.613464	0.980554	
0.643412	0.033612	0.627500	0.075781	0.864355	0.019757	0.993725	0.258358	0.617414	0.510402	0.937767	0.499142	0.668140	0.688820	0.395720	0.240683	0.462618	0.163641	0.838225	0.745603	0.086288	0.563865	0.643280	0.970379	0.347819	0.538256	0.712264	0.843218	0.812878	0.662008	0.201411	0.247730	0.176986	0.754148	0.650793	0.717792	0.265112	0.817094	0.103880	0.169086	0.268254	0.737285	0.744741	0.360923	0.112540	0.766217	0.925622	0.977981	0.425318	0.117819	
0.231880	0.813193	0.117268	0.405384	0.417760	0.672847	0.281812	0.666533	0.990635	0.584172	0.050387	0.417127	0.364336	0.078618	0.127237	0.865765	0.032048	0.856109	0.309245	0.370464	0.835964	0.413018	0.453444	0.144329	0.107007	0.547254	0.078890	0.133403	0.359488	0.232880	0.408458	0.845842	0.777603	0.589822	0.963445	0.813852	0.003598	0.917186	0.306422	0.901120	0.790016	0.570822	0.412754	0.312132	0.916246	0.258968	0.643657	0.765210	0.806761	0.508108	
0.315318	0.569616	0.548831	0.775958	0.548316	0.268680	0.125452	0.207239	0.543727	0.310449	0.064382	0.784677	0.674226	0.129299	0.904918	0.251193	0.959367	0.539153	0.307610	0.363449	0.992189	0.194259	0.471632	0.655848	0.920868	0.475333	0.535713	0.693289	0.809896	0.690925	0.459995	0.935050	0.762927	0.927558	0.789314	0.926463	0.923137	0.899145	0.522219	0.410129	0.521289	0.428337	0.145471	0.266940	0.944214	0.670181	0.899984	0.823570	0.079435	0.733449	
0.042136	0.650253	0.780634	0.360043	0.104391	0.745941	0.655633	0.682681	0.295905	0.756471	0.907487	0.644327	0.031885	0.470383	0.219026	0.980069	0.863744	0.226435	0.179720	0.947232	0.356649	0.909790	0.867451	0.813386	0.542093	0.403474	0.996510	0.257050	0.515699	0.139714	0.931265	0.995887	0.750106	0.439387	0.808799	0.213936	0.079792	0.177729	0.716198	0.110599	0.560971	0.707870	0.561876	0.585876	0.692354	0.812300	0.845374	0.418627	0.030508	0.525305	
0.244634	0.004754	0.862967	0.271670	0.173597	0.837456	0.896343	0.292050	0.510246	0.535794	0.603516	0.826218	0.156281	0.044369	0.102860	0.026095	0.308915	0.671921	0.213331	0.751048	0.325860	0.121497	0.133829	0.680423	0.291472	0.846676	0.564311	0.343877	0.917740	0.907380	0.957920	0.368094	0.964323	0.438719	0.983606	0.564583	0.778271	0.531670	0.099626	0.556176	0.428309	0.286085	0.075745	0.713211	0.018208	0.014085	0.554065	0.242964	0.422194	0.696043	
0.871450	0.715267	0.946706	0.561820	0.459029	0.437429	0.520847	0.879957	0.353475	0.590078	0.213758	0.347811	0.986342	0.286211	0.272459	0.814337	0.242881	0.793629	0.776540	0.235918	0.473445	0.122906	0.396860	0.590885	0.596031	0.122018	0.785126	0.577612	0.060605	0.180004	0.846078	0.476972	0.523944	0.278546	0.626049	0.536052	0.187811	0.093787	0.661822	0.335007	0.865634	0.067643	0.926855	0.422228	0.509079	0.320524	0.596572	0.444116	0.068096	0.421000	
0.237126	0.793640	0.616011	0.009609	0.572098	0.535687	0.801641	0.088493	0.248585	0.715955	0.112952	0.112820	0.833975	0.830040	0.279599	0.596217	0.208091	0.941662	0.277284	0.101935	0.295887	0.287115	0.240951	0.826023	0.886328	0.247199	0.578458	0.708804	0.916956	0.314504	0.789883	0.713279	0.300577	0.822076	0.606213	0.427243	0.561633	0.999628	0.089966	0.292119	0.367630	0.975574	0.899337	0.358520	0.223221	0.012848	0.583744	0.011078	0.381069	0.462183	
0.757166	0.889381	0.603784	0.121382	0.714660	0.670043	0.952820	0.028377	0.329994	0.668450	0.059920	0.566319	0.407424	0.527985	0.410553	0.775775	0.879594	0.486518	0.554165	0.177127	0.021402	0.351114	0.492788	0.826378	0.766387	0.375997	0.176126	0.469971	0.519715	0.372043	0.988124	0.097986	0.812973	0.351096	0.192404	0.635962	0.375394	0.188027	0.366566	0.690964	0.509233	0.959260	0.009278	0.268909	0.427188	0.459260	0.788769	0.283030	0.141750	0.968880	
0.162349	0.547959	0.591918	0.405925	0.750391	0.091438	0.163849	0.944983	0.479929	0.702120	0.854843	0.322429	0.718626	0.245354	0.239585	0.194529	0.819077	0.939678	0.478474	0.369479	0.442491	0.488490	0.511615	0.779468	0.647364	0.898662	0.642968	0.145819	0.826550	0.221969	0.605407	0.468071	0.158987	0.835479	0.753351	0.866326	0.665875	0.802183	0.788289	0.169036	0.063239	0.937860	0.288789	0.067800	0.474852	0.181475	0.706268	0.504743	0.057294	0.502715	
0.545180	0.006487	0.723858	0.388547	0.390321	0.947800	0.625280	0.159766	0.969339	0.029407	0.517335	0.524451	0.860427	0.088857	0.369416	0.728366	0.960613	0.125652	0.543522	0.196618	0.071781	0.387402	0.030078	0.611129	0.774734	0.443608	0.851418	0.515671	0.997252	0.629565	0.196099	0.281265	0.092784	0.841184	0.921116	0.570149	0.182220	0.689958	0.504719	0.211714	0.941623	0.571521	0.623380	0.504885	0.691719	0.987300	0.492382	0.044531	0.675483	0.221471	
0.923518	0.589497	0.749170	0.318036	0.580542	0.533341	0.185072	0.315205	0.192054	0.429083	0.954541	0.771592	0.684949	0.032088	0.701839	0.957031	0.045178	0.731094	0.825983	0.048238	0.578880	0.928691	0.686441	0.572403	0.063986	0.762269	0.417870	0.465450	0.349984	0.463250	0.751096	0.677179	0.966810	0.590622	0.457403	0.199318	0.220439	0.800234	0.371905	0.785376	0.374123	0.454418	0.081505	0.894811	0.417405	0.483311	0.778342	0.964775	0.568763	0.537945	
0.194257	0.062449	0.865272	0.321576	0.235319	0.673069	0.654596	0.401434	0.047355	0.167589	0.654306	0.633262	0.811389	0.177800	0.153434	0.406317	0.453008	0.762387	0.331449	0.555458	0.190915	0.176210	0.356014	0.581612	0.873889	0.868130	0.400100	0.960844	0.099429	0.591641	0.854389	0.600554	0.466724	0.625678	0.446905	0.364941	0.409663	0.483332	0.118795	0.169046	0.814144	0.520880	0.538568	0.425733	0.620367	0.890860	0.015331	0.782154	0.854356	0.280228	
0.588969	0.939082	0.186319	0.764309	0.487357	0.297799	0.970532	0.515745	0.300402	0.147097	0.958851	0.395525	0.529371	0.456238	0.585511	0.684989	0.381635	0.173112	0.046485	0.873068	0.870777	0.835344	0.989546	0.350409	0.292566	0.210717	0.535463	0.225599	0.783921	0.448561	0.418303	0.543912	0.757621	0.367892	0.654445	0.337949	0.411828	0.366530	0.524381	0.691321	0.214445	0.068364	0.508280	0.814742	0.975800	0.661633	0.396853	0.194041	0.922568	0.958581	
0.802894	0.102234	0.469822	0.616095	0.185704	0.811149	0.209454	0.150057	0.173476	0.009935	0.228101	0.543379	0.877113	0.779429	0.299354	0.376695	0.034539	0.316969	0.947694	0.498563	0.240480	0.533547	0.189224	0.167667	0.648402	0.511976	0.849170	0.501458	0.792776	0.525965	0.018896	0.194378	0.381589	0.557795	0.444411	0.462680	0.366069	0.134824	0.679830	0.917993	0.480093	0.204736	0.485324	0.055547	0.987080	0.370230	0.484172	0.059409	0.075955	0.195042	
0.673561	0.205256	0.653949	0.594924	0.642570	0.662011	0.942886	0.451928	0.572940	0.706311	0.088987	0.565995	0.641149	0.438919	0.242608	0.237469	0.291684	0.955799	0.782804	0.279412	0.063640	0.548038	0.808171	0.434737	0.507441	0.941130	0.217589	0.169587	0.132529	0.575843	0.242468	0.291306	0.256037	0.479785	0.797828	0.464215	0.700621	0.867993	0.012220	0.889902	0.443778	0.116088	0.338158	0.520107	0.894181	0.845824	0.909262	0.670801	0.384235	0.204139	
0.909783	0.043530	0.680608	0.119195	0.214254	0.212488	0.840130	0.319400	0.614252	0.648975	0.935457	0.645083	0.631930	0.010016	0.466469	0.198228	0.882510	0.986656	0.153281	0.255946	0.114949	0.025568	0.797011	0.133367	0.184475	0.919697	0.277142	0.964650	0.880663	0.925237	0.188822	0.723385	0.365223	0.634451	0.815891	0.886039	0.358832	0.885919	0.256575	0.567106	0.801628	0.560982	0.051583	0.987842	0.500299	0.279379	0.036544	0.760453	0.712804	0.920271	
0.285301	0.459535	0.717917	0.799975	0.364740	0.415543	0.853885	0.245139	0.502157	0.837714	0.146060	0.691576	0.119857	0.584370	0.846933	0.361356	0.310951	0.776366	0.166346	0.003360	0.943423	0.697455	0.395428	0.702776	0.175574	0.900041	0.657584	0.504238	0.043647	0.610102	0.593249	0.022814	0.792350	0.933068	0.375521	0.489783	0.355332	0.116253	0.129830	0.648346	0.359520	0.627038	0.140004	0.794545	0.219884	0.074231	0.376105	0.717334	0.896224	0.127152	
0.586831	0.590690	0.804171	0.692923	0.525973	0.239406	0.889656	0.902597	0.997720	0.213311	0.101790	0.030738	0.384587	0.646351	0.398474	0.552557	0.390437	0.927468	0.850191	0.128610	0.961660	0.261657	0.234460	0.880976	0.861397	0.449785	0.381829	0.441082	0.228596	0.047227	0.860936	0.612376	0.743032	0.445981	0.160235	0.969386	0.942608	0.973210	0.395298	0.409249	0.948473	0.219882	0.339558	0.096718	0.748398	0.195224	0.743730	0.860706	0.347443	0.079984	
0.881280	0.629573	0.280414	0.000956	0.456970	0.932406	0.269238	0.735745	0.813253	0.176950	0.976408	0.170984	0.179773	0.206899	0.338378	0.034895	0.336254	0.043545	0.267252	0.292379	0.454705	0.129664	0.377074	0.332740	0.697871	0.751977	0.881863	0.394417	0.954652	0.588852	0.888200	0.512688	0.288214	0.841122	0.600734	0.279687	0.358286	0.779384	0.274760	0.925686	0.621813	0.646910	0.600624	0.565311	0.642645	0.848306	0.777909	0.755299	0.917228	0.621589	
0.729922	0.573402	0.310627	0.823567	0.464909	0.558018	0.426917	0.590397	0.246257	0.582817	0.309870	0.419746	0.792118	0.153902	0.771467	0.227308	0.676767	0.589596	0.153495	0.572781	0.162416	0.705126	0.335728	0.616874	0.451231	0.470886	0.630814	0.848880	0.065678	0.132277	0.778272	0.338533	0.160294	0.442433	0.341292	0.932194	0.146014	0.093040	0.932843	0.063727	0.909605	0.145175	0.425246	0.963351	0.996836	0.328069	0.455212	0.230146	0.594731	0.929296	
0.687793	0.439730	0.498810	0.315549	0.242685	0.815727	0.913890	0.692709	0.954957	0.830061	0.751687	0.726900	0.824732	0.822406	0.629625	0.355486	0.613192	0.151225	0.327987	0.543655	0.846050	0.722961	0.320285	0.099076	0.071729	0.227034	0.087267	0.030315	0.910981	0.331462	0.604422	0.858024	0.482164	0.329616	0.476023	0.380823	0.232653	0.082012	0.519454	0.828179	0.110225	0.414598	0.009148	0.109491	0.297634	0.460735	0.127900	0.119670	0.328008	0.420216	
0.322556	0.126103	0.904822	0.108147	0.389205	0.015459	0.991539	0.696922	0.874970	0.920816	0.247365	0.074660	0.700310	0.985330	0.643616	0.832349	0.206583	0.521381	0.166569	0.535681	0.565853	0.055203	0.981197	0.558079	0.558537	0.028771	0.860445	0.181167	0.297762	0.589074	0.572041	0.907550	0.379877	0.890030	0.058459	0.102219	0.976852	0.181704	0.909546	0.814216	0.218678	0.273985	0.946419	0.639879	0.621648	0.185559	0.650377	0.972314	0.522039	0.576699	
0.288056	0.204810	0.836339	0.222956	0.126297	0.213969	0.880159	0.424098	0.943106	0.070758	0.292930	0.758443	0.349425	0.973561	0.593102	0.451963	0.229177	0.146065	0.043287	0.811402	0.406193	0.514560	0.513325	0.112930	0.002636	0.021184	0.440005	0.238873	0.510385	0.660895	0.762693	0.984644	0.769631	0.057386	0.499731	0.982503	0.894158	0.192277	0.435721	0.863912	0.488895	0.733923	0.664724	0.718331	0.185230	0.278594	0.492085	0.939792	0.393948	0.074635	
0.865965	0.799603	0.554201	0.167605	0.297087	0.428279	0.916614	0.714883	0.134998	0.756445	0.812441	0.268150	0.298278	0.566242	0.205121	0.585905	0.698015	0.831209	0.377389	0.242138	0.030331	0.460457	0.832618	0.528282	0.608554	0.287844	0.319767	0.725521	0.763937	0.310271	0.932640	0.040144	0.281685	0.882871	0.870166	0.333549	0.795425	0.847441	0.969346	0.595659	0.660450	0.998895	0.439497	0.598261	0.016179	0.172491	0.804709	0.579474	0.083987	0.745468	
0.587353	0.854649	0.873023	0.010821	0.077813	0.420268	0.489983	0.718479	0.143579	0.132912	0.225273	0.108577	0.518038	0.116376	0.150396	0.556177	0.940860	0.120527	0.112916	0.656252	0.737828	0.928992	0.495683	0.157290	0.964211	0.799019	0.595606	0.219465	0.595647	0.715667	0.197685	0.483792	0.682669	0.952428	0.735667	0.986314	0.685200	0.701306	0.562776	0.820145	0.148798	0.716470	0.526760	0.858047	0.271776	0.868449	0.845558	0.608005	0.956560	0.323812	
0.169114	0.165723	0.225432	0.035197	0.725624	0.315195	0.474506	0.618826	0.967600	0.123672	0.050587	0.708835	0.344363	0.424371	0.877274	0.993150	0.058310	0.900702	0.025902	0.071950	0.791240	0.625949	0.418810	0.267012	0.721648	0.625784	0.382805	0.668380	0.651461	0.028091	0.840934	0.575123	0.180115	0.182985	0.411724	0.957542	0.642080	0.468710	0.828266	0.447299	0.126406	0.322149	0.407703	0.236379	0.083280	0.587900	0.285712	0.823457	0.638848	0.671843	
0.261378	0.253536	0.212876	0.964348	0.457968	0.591057	0.484731	0.093586	0.903735	0.951599	0.594436	0.911228	0.702521	0.345974	0.741128	0.391941	0.647202	0.905965	0.367723	0.901221	0.281961	0.410066	0.405484	0.659126	0.833618	0.296233	0.150223	0.308202	0.942146	0.194114	0.671993	0.685781	0.231531	0.179274	0.462059	0.424946	0.572773	0.510711	0.338665	0.287475	0.780562	0.600336	0.791168	0.783530	0.562714	0.416589	0.563698	0.553903	0.694116	0.394484	
0.813673	0.900194	0.654443	0.364702	0.580743	0.165391	0.235885	0.292091	0.674265	0.760368	0.053263	0.471686	0.279327	0.412190	0.758766	0.129618	0.626105	0.958884	0.440718	0.273656	0.975764	0.382766	0.204774	0.238703	0.750476	0.116018	0.176029	0.420701	0.613293	0.428799	0.639565	0.944497	0.588230	0.546218	0.226968	0.050408	0.258920	0.414381	0.108030	0.342733	0.652156	0.662246	0.046455	0.283541	0.915838	0.031806	0.270758	0.821074	0.879684	0.887935	
0.187166	0.309384	0.371517	0.909780	0.376850	0.338053	0.711264	0.857191	0.083246	0.417466	0.853073	0.554488	0.425574	0.982819	0.742854	0.411910	0.809097	0.376106	0.445059	0.660159	0.538399	0.850914	0.998511	0.007382	0.848837	0.080841	0.874118	0.825741	0.010892	0.604950	0.679314	0.683766	0.738153	0.669023	0.345758	0.005120	0.327395	0.133821	0.564139	0.407663	0.566049	0.114886	0.123834	0.739860	0.749187	0.888473	0.361669	0.916911	0.632112	0.283033	
0.915117	0.862027	0.144187	0.568418	0.137050	0.121301	0.464585	0.143267	0.176814	0.723146	0.227937	0.354501	0.183858	0.689428	0.857345	0.793840	0.260615	0.014974	0.651715	0.113126	0.559472	0.491865	0.470614	0.612477	0.518259	0.573428	0.947241	0.335803	0.199339	0.947069	0.997693	0.829146	0.396777	0.663108	0.427511	0.837257	0.010661	0.011041	0.964254	0.128703	0.959140	0.228710	0.630058	0.037481	0.589743	0.886082	0.725460	0.845743	0.559347	0.170728	
0.285085	0.973841	0.337107	0.777022	0.608400	0.783875	0.607855	0.473921	0.577097	0.067310	0.495952	0.754276	0.668619	0.343648	0.108869	0.214824	0.522361	0.689701	0.173547	0.160830	0.372447	0.349487	0.957289	0.218214	0.334810	0.701226	0.238916	0.052174	0.055520	0.135501	0.910198	0.558344	0.538991	0.292028	0.714767	0.494485	0.397562	0.067515	0.667380	0.889237	0.571254	0.832951	0.045964	0.717705	0.280947	0.265873	0.203532	0.623705	0.072261	0.455062	
0.368590	0.874242	0.793519	0.121003	0.227487	0.463088	0.600702	0.608911	0.181165	0.748151	0.179823	0.653258	0.838241	0.125879	0.192696	0.697530	0.530488	0.327438	0.513530	0.784906	0.458681	0.539758	0.544034	0.706050	0.475285	0.187312	0.468224	0.038465	0.117533	0.216967	0.745284	0.871514	0.486270	0.599779	0.647394	0.740817	0.632679	0.165458	0.429243	0.901912	0.325708	0.559637	0.929794	0.100398	0.762446	0.357555	0.231863	0.783502	0.428022	0.717933	
0.767965	0.181491	0.739325	0.577357	0.218458	0.073097	0.568494	0.338099	0.230836	0.545615	0.755862	0.501011	0.132239	0.705858	0.667794	0.635678	0.882541	0.836404	0.164119	0.790434	0.893031	0.926743	0.496264	0.959813	0.703339	0.720382	0.408597	0.446926	0.505906	0.101099	0.576576	0.609460	0.553946	0.080983	0.859626	0.100642	0.734947	0.214182	0.292227	0.958311	0.679423	0.454767	0.900086	0.628858	0.054478	0.579693	0.466733	0.090172	0.635017	0.738744	
0.042571	0.247300	0.866771	0.008729	0.635477	0.154565	0.645733	0.402922	0.511026	0.951811	0.761736	0.196559	0.720656	0.249148	0.457885	0.850316	0.827279	0.277975	0.559097	0.853048	0.253745	0.509476	0.616945	0.445297	0.944176	0.693475	0.928612	0.934381	0.176764	0.004942	0.171421	0.135106	0.952873	0.692749	0.699785	0.706545	0.553410	0.853008	0.128418	0.298325	0.695414	0.778507	0.881834	0.273295	0.896417	0.693248	0.133495	0.066538	0.241434	0.598339	
0.305084	0.894748	0.520906	0.028849	0.046061	0.721919	0.318975	0.365501	0.213313	0.259408	0.917034	0.177568	0.781009	0.136899	0.003392	0.963660	0.040123	0.166971	0.606164	0.210353	0.522996	0.393699	0.432697	0.042780	0.397998	0.755740	0.254844	0.365562	0.177413	0.058294	0.237698	0.489282	0.880362	0.838850	0.852074	0.138750	0.981474	0.217041	0.291651	0.060182	0.562009	0.004680	0.749230	0.852705	0.872702	0.107450	0.932953	0.388222	0.252986	0.299841	
0.276275	0.480130	0.971041	0.671921	0.956991	0.952340	0.548025	0.335853	0.327262	0.223899	0.099556	0.310365	0.928081	0.845824	0.925658	0.286126	0.584257	0.459682	0.463426	0.817990	0.863706	0.939417	0.727351	0.708987	0.463827	0.254577	0.264235	0.595892	0.263528	0.373382	0.587382	0.391120	0.425765	0.726937	0.982405	0.309608	0.315258	0.257843	0.524296	0.097221	0.899715	0.551506	0.916740	0.356266	0.589114	0.369455	0.389157	0.348135	0.611377	0.704113	
0.619999	0.439894	0.262747	0.977865	0.664565	0.775165	0.426885	0.728230	0.474070	0.523893	0.814145	0.239680	0.653923	0.018224	0.662886	0.859081	0.736058	0.218141	0.996711	0.785848	0.271093	0.225557	0.887684	0.041603	0.038284	0.424938	0.458844	0.055730	0.252433	0.378065	0.796292	0.198204	0.536122	0.531155	0.612352	0.194109	0.878016	0.581423	0.373453	0.127454	0.188521	0.264165	0.217011	0.760131	0.393850	0.384763	0.375343	0.722493	0.999314	0.444298	
0.570651	0.495111	0.058074	0.214367	0.699558	0.843264	0.894213	0.535444	0.427325	0.580668	0.433771	0.011318	0.548399	0.720579	0.987459	0.159379	0.803285	0.006777	0.731023	0.292886	0.562965	0.318661	0.243580	0.568403	0.149679	0.492081	0.114502	0.392565	0.237210	0.210614	0.278021	0.782779	0.024483	0.942665	0.010700	0.186087	0.371701	0.030844	0.358852	0.286186	0.748318	0.091982	0.281666	0.525721	0.597691	0.743545	0.106328	0.957018	0.315880	0.886317	
0.135234	0.900246	0.577152	0.122215	0.530337	0.444537	0.186668	0.141475	0.021065	0.987209	0.403531	0.494468	0.257078	0.640671	0.351170	0.899538	0.599392	0.993338	0.730874	0.112550	0.523953	0.539866	0.093605	0.178954	0.348537	0.733427	0.896917	0.261927	0.679382	0.726953	0.429586	0.516954	0.426274	0.205523	0.625845	0.418360	0.875158	0.860419	0.639567	0.083433	0.205537	0.740171	0.044755	0.256450	0.904696	0.754688	0.609893	0.363260	0.781934	0.193316	
0.886855	0.557577	0.569902	0.730777	0.457370	0.197572	0.631070	0.765363	0.939842	0.399961	0.005215	0.178820	0.426291	0.651276	0.110863	0.616004	0.456269	0.759732	0.591578	0.235640	0.304719	0.711856	0.370955	0.611613	0.499031	0.155335	0.166223	0.119355	0.876236	0.800740	0.615224	0.984818	0.590326	0.097664	0.235058	0.230853	0.766516	0.475565	0.419928	0.448268	0.098753	0.423206	0.937758	0.857491	0.313192	0.801093	0.074975	0.999910	0.530460	0.847205	

Printing Matrix B
0.791044	0.676809	0.027246	0.966846	0.824341	0.150089	0.764881	0.463861	0.606914	0.373357	0.328784	0.075921	0.392368	0.498862	0.559355	0.164639	0.071542	0.690513	0.261135	0.024318	0.036388	0.479042	0.582086	0.478495	0.399818	0.825715	0.832707	0.143858	0.680081	0.908416	0.480721	0.589835	0.914502	0.651050	0.937707	0.261114	0.849775	0.775365	0.683059	0.620860	0.105710	0.811478	0.348212	0.163493	0.598056	0.267728	0.144963	0.631040	0.137912	0.235102	
0.957459	0.049714	0.236372	0.239095	0.078938	0.002307	0.306531	0.123066	0.769122	0.683035	0.358467	0.445955	0.808326	0.562895	0.359086	0.021857	0.294212	0.123779	0.896650	0.450014	0.222829	0.160237	0.266107	0.184102	0.569862	0.402408	0.817899	0.431759	0.925359	0.572464	0.792650	0.600990	0.665893	0.617446	0.087643	0.538131	0.519782	0.839832	0.981671	0.821119	0.891070	0.479862	0.071890	0.335195	0.906276	0.281693	0.501980	0.785789	0.607451	0.730415	
0.470695	0.005566	0.966915	0.776367	0.869331	0.500119	0.821012	0.469371	0.891603	0.890150	0.712225	0.496804	0.054526	0.382078	0.685827	0.357071	0.381040	0.147000	0.208035	0.296541	0.520852	0.837768	0.776642	0.234766	0.111706	0.466122	0.296759	0.038136	0.245519	0.013262	0.532708	0.087869	0.732971	0.261703	0.158236	0.018373	0.354905	0.020952	0.163281	0.799790	0.380635	0.098918	0.228839	0.028679	0.557269	0.405705	0.412275	0.003724	0.728443	0.086253	
0.823671	0.565767	0.960768	0.310123	0.842437	0.399036	0.375826	0.900466	0.635008	0.079023	0.971087	0.282254	0.978302	0.528609	0.551405	0.593424	0.719488	0.553652	0.745909	0.804305	0.973688	0.811418	0.701294	0.954178	0.641028	0.528580	0.517929	0.995477	0.096811	0.202977	0.138947	0.023291	0.955592	0.538691	0.440718	0.289848	0.546336	0.763920	0.813149	0.583932	0.751299	0.066293	0.923345	0.765460	0.585855	0.668372	0.764838	0.583238	0.268607	0.421931	
0.464924	0.123731	0.813045	0.258889	0.605749	0.080372	0.955334	0.626276	0.208434	0.898836	0.360173	0.519092	0.258870	0.845441	0.224258	0.236802	0.979152	0.700441	0.248184	0.418391	0.802152	0.210981	0.645428	0.636166	0.228994	0.648151	0.102208	0.714179	0.269573	0.888556	0.826993	0.183012	0.485892	0.598342	0.842783	0.588009	0.515497	0.402422	0.636247	0.014787	0.573589	0.454407	0.830181	0.036876	0.728206	0.593585	0.050790	0.361344	0.660050	0.270758	
0.976420	0.147769	0.657757	0.652841	0.588779	0.159244	0.330565	0.838164	0.782237	0.260501	0.800471	0.065641	0.630682	0.387943	0.386671	0.793566	0.517468	0.855007	0.491526	0.469228	0.175476	0.242672	0.242123	0.666788	0.955875	0.534802	0.781374	0.607608	0.027428	0.702789	0.654251	0.777190	0.437689	0.346944	0.140045	0.009519	0.444644	0.821562	0.333027	0.711126	0.415638	0.045249	0.846371	0.609069	0.648406	0.287898	0.808212	0.474377	0.697285	0.175116	
0.637494	0.152851	0.436826	0.768906	0.462762	0.058755	0.725960	0.075413	0.756859	0.446129	0.996340	0.707924	0.799114	0.050454	0.003623	0.333729	0.410205	0.723256	0.460993	0.616884	0.972194	0.802156	0.779642	0.270484	0.562052	0.941767	0.450640	0.362945	0.831991	0.746154	0.638968	0.476732	0.566463	0.896204	0.692150	0.951210	0.188726	0.362497	0.630935	0.504868	0.349595	0.751379	0.096325	0.049990	0.527723	0.763931	0.876026	0.215864	0.440650	0.469944	
0.625155	0.797144	0.174521	0.782248	0.792623	0.998443	0.733750	0.942453	0.864146	0.758392	0.788586	0.558560	0.762985	0.107102	0.886492	0.336436	0.998201	0.325527	0.293221	0.978177	0.394890	0.228061	0.726442	0.958716	0.162956	0.982457	0.239430	0.616154	0.315441	0.206050	0.300302	0.713579	0.676065	0.471223	0.146881	0.055130	0.426020	0.670412	0.453704	0.743050	0.346235	0.568202	0.266524	0.588079	0.907611	0.783897	0.336615	0.506415	0.536583	0.981967	
0.427039	0.225235	0.320288	0.005521	0.524775	0.390652	0.474078	0.456675	0.143209	0.322567	0.838884	0.258733	0.603941	0.188180	0.742787	0.823988	0.207244	0.022885	0.944871	0.301523	0.776977	0.340656	0.651028	0.991658	0.842085	0.845057	0.420691	0.856469	0.868939	0.165156	0.214797	0.781552	0.038368	0.949573	0.832843	0.452884	0.943271	0.860875	0.590871	0.388537	0.166759	0.113925	0.337385	0.612082	0.015043	0.818050	0.766382	0.651881	0.404038	0.787988	
0.852550	0.846701	0.034412	0.390121	0.560110	0.058239	0.012252	0.314319	0.142559	0.555960	0.703638	0.387442	0.973612	0.274770	0.640776	0.614531	0.303630	0.289147	0.168808	0.963325	0.457925	0.455786	0.193729	0.819813	0.696505	0.493890	0.749783	0.870164	0.920655	0.101045	0.207693	0.054757	0.176807	0.849366	0.023171	0.074533	0.834256	0.951273	0.300424	0.364272	0.146858	0.397073	0.739494	0.620036	0.412172	0.221580	0.436657	0.131188	0.620241	0.959079	
0.793245	0.124508	0.563931	0.655485	0.846866	0.861285	0.877919	0.890366	0.525595	0.277563	0.231483	0.557632	0.775479	0.281604	0.669373	0.039132	0.274295	0.090119	0.239422	0.702581	0.765361	0.080013	0.822223	0.260694	0.480781	0.285586	0.037399	0.380404	0.532038	0.208598	0.902691	0.664029	0.411371	0.015211	0.499751	0.737081	0.281657	0.908392	0.787473	0.451699	0.707342	0.980519	0.580503	0.557619	0.022931	0.313952	0.013947	0.102608	0.732129	0.076111	
0.835611	0.496992	0.630287	0.221148	0.574470	0.686014	0.410132	0.026553	0.027456	0.103175	0.350389	0.976009	0.395108	0.789654	0.196437	0.359117	0.678958	0.149316	0.261494	0.727004	0.043312	0.117776	0.079551	0.444078	0.728501	0.157394	0.964380	0.443226	0.212021	0.486725	0.098645	0.440506	0.701951	0.086848	0.960287	0.799409	0.226871	0.457042	0.061515	0.413428	0.448374	0.868906	0.704225	0.772242	0.545012	0.324704	0.104810	0.421260	0.355032	0.770206	
0.321960	0.318916	0.486801	0.855252	0.677078	0.338333	0.839502	0.538206	0.519371	0.459973	0.569416	0.708039	0.549886	0.480987	0.637407	0.220236	0.820809	0.508197	0.315111	0.855926	0.632130	0.117641	0.401497	0.015359	0.966296	0.985250	0.260010	0.209938	0.822588	0.714814	0.942119	0.419361	0.474203	0.070537	0.291008	0.781504	0.120722	0.394769	0.554993	0.443087	0.885462	0.057002	0.121626	0.955367	0.957865	0.404209	0.605232	0.662912	0.751128	0.868749	
0.659912	0.965273	0.549398	0.302854	0.770171	0.625680	0.174278	0.801104	0.949621	0.240119	0.426653	0.807471	0.467897	0.111320	0.203832	0.261162	0.630322	0.644378	0.586477	0.284111	0.693173	0.012282	0.592471	0.163356	0.569857	0.449580	0.047802	0.028395	0.727433	0.734725	0.119784	0.795009	0.222321	0.929826	0.386619	0.165447	0.123726	0.947244	0.991114	0.258290	0.514074	0.557481	0.964921	0.077575	0.725590	0.623618	0.808187	0.595479	0.858015	0.839307	
0.739241	0.324426	0.182483	0.579165	0.382269	0.734568	0.545326	0.458219	0.877925	0.202600	0.348094	0.448890	0.244846	0.186789	0.569674	0.347494	0.030849	0.171883	0.943591	0.386928	0.588504	0.222204	0.413546	0.644076	0.216217	0.894987	0.672894	0.720591	0.388246	0.020600	0.933475	0.266836	0.040015	0.177655	0.189767	0.309466	0.686080	0.912100	0.212092	0.391097	0.402851	0.992619	0.629962	0.993485	0.620590	0.976128	0.382179	0.518388	0.681683	0.405800	
0.260626	0.649720	0.246937	0.046332	0.117996	0.887338	0.723513	0.596593	0.593168	0.371683	0.604163	0.767823	0.590776	0.408536	0.982255	0.143908	0.529603	0.189587	0.355449	0.235569	0.673347	0.994292	0.002864	0.750335	0.180963	0.809789	0.469830	0.771468	0.863824	0.333064	0.994341	0.088959	0.270601	0.300484	0.514464	0.099494	0.658959	0.584672	0.684672	0.257854	0.457025	0.650760	0.645255	0.987460	0.602231	0.355157	0.797496	0.120516	0.722662	0.694146	
0.957052	0.424937	0.887427	0.277833	0.344616	0.437733	0.603329	0.728496	0.510720	0.757663	0.036479	0.709524	0.556937	0.902071	0.251039	0.516725	0.389857	0.824102	0.951271	0.849382	0.637621	0.097528	0.375608	0.489535	0.541979	0.999280	0.360019	0.412433	0.538844	0.196554	0.910720	0.997974	0.654942	0.577861	0.924011	0.902100	0.714358	0.802584	0.825651	0.976294	0.539318	0.946087	0.684377	0.816293	0.673023	0.013104	0.726127	0.884321	0.833155	0.987281	
0.889426	0.318799	0.889009	0.693750	0.413502	0.082289	0.645617	0.852157	0.386897	0.553215	0.681297	0.643664	0.577398	0.788493	0.990168	0.167719	0.665156	0.483378	0.607900	0.268824	0.847171	0.974221	0.379490	0.822782	0.494828	0.826307	0.942317	0.583550	0.997956	0.930267	0.147817	0.867718	0.584504	0.367138	0.528223	0.213806	0.987076	0.868182	0.014405	0.132953	0.066961	0.685359	0.429231	0.528993	0.640951	0.415312	0.557246	0.601742	0.634126	0.334154	
0.604842	0.537743	0.735986	0.958485	0.096888	0.259624	0.050698	0.173127	0.213891	0.907117	0.161380	0.643612	0.605459	0.860376	0.214234	0.401935	0.742488	0.410995	0.345603	0.228865	0.460917	0.606341	0.433473	0.991545	0.481588	0.502207	0.221091	0.361594	0.391173	0.066136	0.416498	0.424484	0.407748	0.637461	0.204958	0.195842	0.354816	0.177491	0.581651	0.435653	0.067697	0.706206	0.083679	0.115339	0.289769	0.080260	0.649545	0.865254	0.340222	0.810645	
0.369042	0.211056	0.808670	0.512147	0.557582	0.453559	0.885660	0.914068	0.227566	0.444191	0.210882	0.223602	0.029194	0.917721	0.591572	0.914597	0.734852	0.684471	0.514199	0.933843	0.144418	0.697061	0.547168	0.999416	0.640536	0.292069	0.968058	0.711845	0.604528	0.366668	0.357931	0.156713	0.406917	0.636306	0.037802	0.992898	0.957551	0.212298	0.301087	0.279452	0.655322	0.793040	0.087192	0.620632	0.134451	0.887819	0.268565	0.585165	0.885715	0.596599	
0.791620	0.105738	0.279455	0.253889	0.529750	0.522165	0.104862	0.808451	0.820090	0.883773	0.416384	0.446922	0.816123	0.360432	0.253558	0.625356	0.546528	0.794348	0.049130	0.406526	0.581579	0.763951	0.243896	0.878495	0.001486	0.018527	0.533860	0.102818	0.497537	0.051822	0.420281	0.796274	0.408273	0.792793	0.638860	0.036283	0.128009	0.906880	0.372637	0.435891	0.547644	0.791992	0.919868	0.431488	0.358061	0.168501	0.160490	0.745152	0.555397	0.026166	
0.737263	0.414696	0.862683	0.237177	0.106952	0.609442	0.127487	0.736100	0.296245	0.464761	0.650900	0.432648	0.598037	0.380152	0.715745	0.347691	0.468766	0.318281	0.083964	0.566768	0.228527	0.845511	0.577644	0.403369	0.749200	0.528195	0.501392	0.211489	0.138644	0.252863	0.997958	0.307397	0.362942	0.798173	0.181137	0.637821	0.541151	0.765677	0.064943	0.992684	0.037176	0.214244	0.481723	0.637997	0.017373	0.474756	0.491414	0.482055	0.407832	0.301262	
0.645169	0.998632	0.422414	0.305114	0.933356	0.301501	0.818679	0.509100	0.941478	0.920769	0.037957	0.974182	0.177679	0.383727	0.736466	0.174480	0.624071	0.567954	0.937421	0.533842	0.170867	0.841309	0.351088	0.289948	0.497506	0.251417	0.606242	0.064834	0.681837	0.369432	0.133550	0.799938	0.717024	0.804106	0.240960	0.525221	0.173292	0.401373	0.716939	0.816947	0.902038	0.749908	0.293963	0.292201	0.263303	0.394103	0.205545	0.154474	0.561933	0.577013	
0.296529	0.214721	0.468765	0.994202	0.307416	0.400149	0.879513	0.717734	0.964798	0.149276	0.671568	0.624954	0.737421	0.799682	0.738009	0.102248	0.478929	0.504360	0.933064	0.133398	0.309712	0.449934	0.683604	0.362700	0.177602	0.876503	0.055355	0.726283	0.280886	0.092130	0.902660	0.053434	0.511347	0.329282	0.056357	0.684890	0.996227	0.555293	0.302491	0.328232	0.429969	0.329264	0.706193	0.278100	0.581512	0.005975	0.564608	0.865760	0.617204	0.520365	
0.657722	0.039630	0.340079	0.333779	0.512917	0.122664	0.866747	0.428211	0.507475	0.560020	0.076541	0.573159	0.625404	0.717104	0.633962	0.916169	0.442725	0.945633	0.550723	0.425374	0.941424	0.006526	0.999966	0.381111	0.141048	0.596428	0.507125	0.858739	0.608506	0.375137	0.813312	0.534152	0.247105	0.038841	0.759197	0.861467	0.012254	0.508792	0.302730	0.519660	0.831033	0.661368	0.285675	0.470687	0.095949	0.136649	0.137130	0.165298	0.150586	0.182063	
0.668355	0.610404	0.911524	0.692828	0.009098	0.658032	0.328577	0.178288	0.839507	0.508434	0.494800	0.844718	0.315884	0.016165	0.214156	0.376252	0.241758	0.563118	0.105851	0.367535	0.468435	0.955079	0.344968	0.411263	0.782342	0.119932	0.564780	0.909072	0.974666	0.347133	0.123465	0.071332	0.710040	0.518504	0.890397	0.930840	0.911607	0.155843	0.019286	0.441050	0.486803	0.078770	0.525632	0.932246	0.913079	0.689121	0.002764	0.401767	0.394904	0.528696	
0.806310	0.644132	0.345454	0.974492	0.367082	0.166368	0.976525	0.905468	0.232981	0.002456	0.117093	0.182604	0.452029	0.832661	0.504641	0.132234	0.820892	0.028868	0.576342	0.531086	0.418903	0.797308	0.942593	0.897585	0.540491	0.321634	0.591618	0.777441	0.088608	0.890580	0.971458	0.904200	0.799180	0.958696	0.936429	0.318945	0.187237	0.750760	0.819029	0.305404	0.548387	0.017104	0.131276	0.183651	0.404647	0.813134	0.097045	0.168456	0.650402	0.271746	
0.616934	0.942163	0.706943	0.934002	0.341269	0.885493	0.866444	0.029660	0.697143	0.217605	0.287542	0.477895	0.748072	0.280811	0.773503	0.985305	0.143247	0.194609	0.620391	0.376164	0.368016	0.851315	0.164254	0.232181	0.094287	0.963187	0.480524	0.766416	0.087433	0.627070	0.599784	0.251373	0.539844	0.593223	0.574592	0.121895	0.231043	0.177068	0.854186	0.256695	0.859034	0.330302	0.660964	0.568153	0.143945	0.609334	0.807600	0.486761	0.306688	0.507678	
0.049370	0.823887	0.602784	0.675711	0.410204	0.405443	0.152288	0.608796	0.832463	0.561651	0.372173	0.720138	0.031691	0.527216	0.286883	0.219658	0.664468	0.616668	0.044501	0.724221	0.224785	0.723944	0.865409	0.190327	0.509689	0.674279	0.922961	0.061635	0.601317	0.293030	0.623746	0.224454	0.556233	0.555466	0.133501	0.055440	0.409351	0.735360	0.112123	0.972631	0.677663	0.503675	0.041328	0.555276	0.154162	0.530845	0.360994	0.066123	0.596421	0.517962	
0.901276	0.088208	0.352786	0.585387	0.749253	0.086722	0.204929	0.027541	0.155708	0.888901	0.431123	0.087779	0.175046	0.709345	0.775490	0.501388	0.800710	0.987394	0.413163	0.618404	0.130800	0.589333	0.295523	0.581985	0.199691	0.761101	0.890633	0.422932	0.002781	0.837145	0.359585	0.455038	0.928129	0.313790	0.015214	0.503708	0.637320	0.481742	0.709914	0.384074	0.534614	0.540419	0.994055	0.490924	0.095628	0.775108	0.666602	0.615506	0.672579	0.936023	
0.861490	0.833807	0.532771	0.431653	0.379276	0.152290	0.960902	0.339136	0.656059	0.951793	0.158130	0.206899	0.957046	0.419463	0.751702	0.317418	0.795216	0.112002	0.466774	0.570672	0.359382	0.759940	0.415670	0.275241	0.929137	0.823416	0.953935	0.911999	0.852721	0.540606	0.686948	0.217614	0.009249	0.810151	0.873271	0.322073	0.103784	0.552938	0.181089	0.591183	0.055213	0.197492	0.444913	0.920129	0.440953	0.902056	0.318759	0.610064	0.449286	0.804031	
0.801038	0.555209	0.208116	0.424276	0.936326	0.499430	0.430057	0.000687	0.806412	0.172604	0.381551	0.375265	0.194330	0.028319	0.405545	0.966172	0.958453	0.111406	0.629528	0.555773	0.551140	0.557392	0.752125	0.856167	0.478895	0.805902	0.103432	0.560756	0.166496	0.941378	0.421424	0.778625	0.428931	0.546445	0.425712	0.624312	0.157422	0.958049	0.739783	0.468083	0.842987	0.079123	0.455152	0.244181	0.228953	0.193689	0.093108	0.030253	0.862344	0.580498	
0.678917	0.264908	0.386514	0.745886	0.037172	0.344975	0.487954	0.826578	0.063977	0.564754	0.256317	0.943307	0.730757	0.871465	0.550259	0.881158	0.656773	0.065516	0.369022	0.169585	0.025371	0.286352	0.938658	0.456430	0.183688	0.295566	0.779627	0.789431	0.212434	0.103486	0.112858	0.991870	0.130709	0.812918	0.868787	0.905924	0.497063	0.407482	0.305207	0.438357	0.885096	0.928901	0.972796	0.175108	0.379227	0.947923	0.263239	0.261716	0.997178	0.893679	
0.057138	0.760123	0.991880	0.989922	0.031517	0.785982	0.162202	0.581337	0.433214	0.320228	0.035040	0.304526	0.207943	0.692226	0.640877	0.071086	0.385509	0.252216	0.998814	0.674475	0.670416	0.946944	0.175340	0.967616	0.284727	0.420995	0.555994	0.618045	0.291763	0.969058	0.896177	0.630655	0.871352	0.659074	0.125008	0.900497	0.794006	0.628043	0.375723	0.577900	0.883503	0.980216	0.724416	0.203433	0.908533	0.948819	0.212634	0.086394	0.462345	0.954152	
0.079017	0.382778	0.702090	0.842369	0.606480	0.738263	0.419163	0.929479	0.316740	0.159757	0.305403	0.029982	0.688051	0.602024	0.861844	0.737749	0.410826	0.813883	0.131348	0.190729	0.076520	0.227811	0.647470	0.639262	0.290202	0.189483	0.907596	0.113643	0.335841	0.746043	0.271844	0.138545	0.604319	0.795585	0.608680	0.473495	0.915306	0.180883	0.858596	0.526987	0.619164	0.744404	0.935935	0.122407	0.573714	0.469460	0.352241	0.528227	0.560434	0.692227	
0.310126	0.854314	0.867029	0.788208	0.855342	0.874423	0.031665	0.001266	0.476873	0.239375	0.992121	0.896144	0.316841	0.300923	0.748183	0.046388	0.158873	0.283742	0.935899	0.751526	0.387145	0.265746	0.244775	0.386409	0.390684	0.772235	0.334620	0.727168	0.092751	0.528735	0.021241	0.899244	0.475825	0.206016	0.254935	0.202964	0.583491	0.060890	0.735722	0.549914	0.073084	0.509211	0.990529	0.059164	0.264471	0.924214	0.163023	0.465827	0.006443	0.050572	
0.629385	0.903458	0.722246	0.041142	0.411647	0.584375	0.913206	0.892434	0.329965	0.987014	0.539498	0.880148	0.734685	0.341369	0.017817	0.002506	0.645477	0.860079	0.870313	0.825692	0.492278	0.766692	0.503652	0.309218	0.610725	0.428054	0.207461	0.852744	0.654176	0.683274	0.586054	0.319196	0.591746	0.599255	0.080495	0.744020	0.835013	0.978257	0.169837	0.172283	0.583708	0.930785	0.908538	0.733315	0.977643	0.234707	0.102370	0.795229	0.733177	0.156175	
0.819430	0.386446	0.410906	0.993108	0.652178	0.361305	0.765727	0.027054	0.075620	0.236979	0.176957	0.616961	0.025589	0.973443	0.806674	0.572439	0.029812	0.280548	0.323587	0.021461	0.439047	0.211649	0.674856	0.879039	0.999072	0.803740	0.587704	0.455356	0.832891	0.372059	0.558417	0.265670	0.903381	0.028947	0.819874	0.202732	0.433174	0.463694	0.653085	0.858506	0.458751	0.828185	0.082947	0.659747	0.712341	0.555404	0.976303	0.858988	0.367292	0.106652	
0.938343	0.446086	0.723765	0.479546	0.252513	0.029006	0.000299	0.757718	0.140732	0.999084	0.449271	0.123831	0.375562	0.305258	0.870754	0.930020	0.721293	0.180613	0.285886	0.821908	0.998212	0.249663	0.708105	0.081757	0.424847	0.701910	0.635330	0.299692	0.808560	0.753747	0.016859	0.488410	0.059872	0.183211	0.329183	0.884157	0.856034	0.325906	0.141202	0.412976	0.488504	0.440168	0.940627	0.134726	0.344810	0.428500	0.572239	0.099822	0.585934	0.977870	
0.288153	0.242512	0.995848	0.708325	0.976081	0.703100	0.236187	0.588419	0.883127	0.926000	0.611619	0.589606	0.271411	0.815970	0.972462	0.772462	0.655867	0.404801	0.583391	0.788765	0.234427	0.024057	0.635132	0.647427	0.335623	0.746196	0.927928	0.131100	0.025231	0.056684	0.740909	0.258307	0.844120	0.048492	0.776234	0.986983	0.329122	0.481275	0.623518	0.482513	0.702130	0.906381	0.564512	0.829397	0.984550	0.587436	0.715227	0.122236	0.508851	0.986858	
0.007985	0.295747	0.984882	0.301361	0.905724	0.567540	0.012585	0.237913	0.511402	0.166840	0.953392	0.221412	0.600018	0.227966	0.514376	0.393954	0.188665	0.859468	0.466723	0.781947	0.944704	0.980301	0.823408	0.534386	0.285524	0.830762	0.455502	0.907535	0.395822	0.164389	0.350326	0.432559	0.248044	0.712538	0.452857	0.087214	0.843972	0.354851	0.285730	0.002189	0.590463	0.810170	0.885125	0.101484	0.853207	0.191146	0.824217	0.742523	0.915733	0.787028	
0.949547	0.766152	0.941757	0.460899	0.010240	0.798741	0.296040	0.646666	0.326617	0.462112	0.014024	0.383356	0.276963	0.910502	0.580941	0.561286	0.571772	0.324007	0.448441	0.741017	0.247994	0.059383	0.148669	0.725199	0.454200	0.655109	0.840570	0.306465	0.164344	0.310228	0.914498	0.275772	0.198953	0.999800	0.384685	0.106075	0.280575	0.176713	0.871508	0.904529	0.089224	0.793933	0.598102	0.047327	0.317365	0.507730	0.229070	0.718133	0.383281	0.075416	
0.458750	0.400644	0.346950	0.168568	0.479270	0.544166	0.632734	0.498288	0.438497	0.993282	0.903170	0.987725	0.284513	0.560262	0.423791	0.435760	0.817169	0.621866	0.413762	0.382577	0.863530	0.461525	0.264842	0.727100	0.505428	0.459201	0.221393	0.540837	0.152785	0.173700	0.736777	0.459117	0.445864	0.718065	0.871417	0.752657	0.027385	0.231211	0.173996	0.995566	0.678693	0.088021	0.901694	0.405992	0.729956	0.631054	0.189153	0.020679	0.171155	0.494643	
0.839386	0.777518	0.461482	0.158998	0.967041	0.314901	0.609332	0.545819	0.031779	0.565504	0.531504	0.228469	0.286730	0.355673	0.987892	0.500456	0.097615	0.694050	0.286704	0.194575	0.007613	0.899478	0.912397	0.127971	0.397109	0.705912	0.890034	0.649269	0.183529	0.634649	0.855258	0.998700	0.413080	0.511971	0.545798	0.953530	0.216021	0.170355	0.298305	0.072595	0.991800	0.624026	0.712888	0.058598	0.278238	0.067838	0.828353	0.086369	0.759287	0.941218	
0.304885	0.858495	0.747756	0.649324	0.327175	0.741475	0.500426	0.200809	0.638797	0.109730	0.952655	0.050530	0.244105	0.022442	0.735238	0.308477	0.858408	0.561029	0.195821	0.652224	0.932272	0.841971	0.759201	0.646010	0.302188	0.315032	0.933308	0.035852	0.502460	0.180806	0.021954	0.277821	0.656254	0.486526	0.049203	0.375070	0.532450	0.414172	0.259821	0.689648	0.815922	0.816853	0.370242	0.926644	0.910999	0.110400	0.596732	0.813315	0.227072	0.105060	
0.438592	0.257749	0.697170	0.262692	0.732103	0.519000	0.957020	0.297255	0.188557	0.199964	0.331349	0.032509	0.698586	0.181067	0.145665	0.201933	0.766256	0.555298	0.131603	0.420417	0.770331	0.411731	0.275270	0.054613	0.932886	0.563383	0.564942	0.192316	0.441716	0.189187	0.659509	0.171639	0.850802	0.889191	0.544927	0.846111	0.249026	0.042609	0.966829	0.988123	0.351798	0.163950	0.147398	0.180268	0.729648	0.176496	0.760574	0.814922	0.075071	0.593782	
0.013721	0.935256	0.697736	0.787042	0.075086	0.564280	0.326671	0.343625	0.084496	0.063184	0.893348	0.203302	0.587815	0.265299	0.722337	0.282885	0.298975	0.998805	0.196006	0.661276	0.561013	0.697978	0.953787	0.361754	0.565496	0.852428	0.664618	0.112766	0.073955	0.915320	0.237147	0.532350	0.416346	0.532833	0.317003	0.883445	0.419666	0.765700	0.623025	0.411737	0.552392	0.647365	0.319896	0.469444	0.138196	0.190142	0.582968	0.911465	0.253648	0.611666	
0.638407	0.448667	0.076533	0.431527	0.341821	0.888079	0.107430	0.111224	0.295575	0.821176	0.965431	0.809114	0.733811	0.547713	0.164877	0.558110	0.654490	0.861359	0.221144	0.430581	0.136150	0.457179	0.854105	0.670905	0.149071	0.583450	0.503399	0.662901	0.113144	0.224669	0.369993	0.081306	0.789556	0.755506	0.235551	0.573666	0.504748	0.615281	0.599247	0.508532	0.778267	0.862820	0.484547	0.518876	0.736335	0.875712	0.526324	0.130811	0.899683	0.326580	
0.072404	0.506934	0.931090	0.936005	0.408401	0.278655	0.536519	0.468333	0.667196	0.618756	0.730754	0.509859	0.451487	0.572958	0.526988	0.486403	0.799784	0.176545	0.115553	0.261211	0.557086	0.710621	0.681341	0.114670	0.166164	0.752068	0.227895	0.153995	0.902598	0.030551	0.626491	0.028978	0.510292	0.157148	0.318072	0.149798	0.958226	0.968763	0.039374	0.988103	0.816860	0.102455	0.002098	0.724136	0.983403	0.334282	0.271642	0.036168	0.568783	0.407779	
0.611676	0.762013	0.417997	0.209469	0.814210	0.662908	0.937743	0.675825	0.021812	0.844538	0.154649	0.615109	0.542080	0.208225	0.844593	0.997718	0.173582	0.026171	0.490509	0.048949	0.433212	0.935788	0.477219	0.310797	0.011574	0.504246	0.334155	0.592515	0.770631	0.987099	0.416744	0.071493	0.744550	0.181904	0.333304	0.539777	0.942709	0.137471	0.087178	0.918959	0.603603	0.264976	0.542561	0.813994	0.658231	0.928417	0.785910	0.665301	0.097574	0.765518	

Printing Matrix C
15.597029	12.565811	13.477055	12.747984	12.689942	11.842207	14.177169	12.649554	11.495065	12.580713	12.053641	14.134919	11.816141	12.456708	14.009024	10.118359	12.566723	11.298392	12.329734	11.948957	11.288502	12.716555	12.577152	13.053514	11.432601	14.863394	13.126359	14.008829	11.395818	11.553990	12.912980	11.240403	12.882908	12.758420	11.968740	12.718457	12.842220	13.114158	11.719741	11.465137	13.191583	13.686843	14.549237	11.735944	12.945411	13.083336	10.878332	10.581261	13.852388	13.139109	
16.612857	13.544813	15.674297	14.579307	14.065935	13.722584	14.303618	13.337372	13.118441	13.576345	14.086999	12.596371	13.289243	12.453784	15.522605	12.379395	15.153242	13.125557	11.690154	14.265742	13.815681	15.752756	14.652166	15.495918	12.709226	16.189043	15.675195	14.036655	11.520760	12.409130	14.525758	11.792898	15.286135	14.752905	12.233049	13.319241	13.665348	14.566154	13.296889	14.644386	15.728927	14.147543	15.230994	13.638353	14.808639	13.673125	13.156517	12.601165	14.964058	15.122252	
15.509525	11.911396	13.974083	14.470555	13.527214	11.618961	14.785217	13.477690	12.180783	12.634898	12.600457	12.137550	13.216386	12.348864	14.817965	11.915118	13.277206	11.052565	11.704026	12.901909	12.104363	12.876716	14.730962	14.576441	11.758099	15.369821	13.797929	14.029970	11.173086	11.022169	13.182640	10.851762	12.833742	14.088508	11.896895	11.568478	12.831173	13.784568	12.306667	13.298027	12.824177	13.288663	13.479864	11.687481	12.360012	14.179719	10.989259	11.035509	13.639589	12.621062	
12.659211	11.667214	12.401059	13.286985	11.781345	11.043651	11.945473	11.532726	11.110661	10.952183	11.051447	10.757366	12.418531	11.377112	13.027717	10.896673	12.605677	10.539962	10.616838	11.940921	10.474933	12.147281	12.458846	12.955126	10.233018	14.423504	13.035541	11.925282	10.106765	9.596720	11.827554	9.659435	11.813985	13.078870	10.473412	11.377924	12.266278	13.232833	11.770591	11.846096	12.255969	12.687703	12.195286	10.961138	11.626219	11.534400	10.357693	10.483395	12.609572	13.801270	
16.469866	12.294226	15.675377	14.338215	13.365229	12.322055	14.865195	14.691338	12.193392	13.718402	12.191970	13.184337	14.638434	14.552841	14.618649	12.598363	13.997531	13.623740	13.100097	13.291503	13.274267	14.449779	14.784071	15.622935	12.991554	15.534049	15.298366	14.753761	12.973188	11.834888	14.884032	11.922435	14.639454	15.500138	12.974567	14.297134	15.095649	15.279767	13.353952	15.246382	14.834988	15.552219	14.763675	12.858537	14.236819	13.492969	12.329791	13.848892	14.492145	14.559806	
15.212554	13.072787	14.740746	13.841906	13.109979	11.663980	12.500955	12.455659	11.786627	11.989011	12.204401	11.598240	12.080472	11.308961	15.411094	10.603359	13.086785	10.838436	11.092611	13.368772	11.398640	13.674473	12.280905	12.865124	11.929762	14.495116	15.064032	12.253926	11.916333	12.867269	12.035267	11.138283	13.835285	12.347447	10.435947	12.080428	13.610792	13.132286	11.775325	13.050851	13.276769	12.686306	13.792101	12.537662	13.530808	12.470394	11.409050	11.137682	13.171310	14.487176	
16.341970	12.514313	15.363986	14.172438	12.976691	10.967556	14.068865	12.699205	12.858220	13.541474	12.934802	12.879676	13.527629	12.747633	13.979446	11.161942	14.312555	12.478400	11.892791	13.785138	13.966520	13.512133	13.216277	13.773160	13.276060	15.792006	14.324947	12.975313	12.887052	10.858680	13.603616	10.795925	13.688012	13.737084	12.697253	13.307027	12.933102	14.011215	12.188170	14.055780	12.862442	13.561792	13.782843	13.136432	13.896296	12.007461	11.939213	12.864109	12.574179	13.268180	
13.995017	11.450035	13.329833	11.584809	12.547600	11.899401	12.505777	11.813428	10.532369	11.702252	11.633236	11.435643	12.072512	10.522530	13.493870	10.891527	12.565477	10.433844	10.068579	12.170899	11.546479	11.418202	12.435266	12.508662	10.872126	13.846186	12.195762	11.988643	10.366096	10.594188	12.460599	9.713306	12.248668	13.072539	11.017594	11.363189	11.859788	12.001797	12.048238	12.618080	11.920690	11.330763	13.191473	11.117620	12.679343	11.793704	10.862503	10.800766	12.391796	13.147080	
14.527544	11.941907	14.647418	13.979946	14.174896	11.560269	13.759821	13.522408	12.652326	12.821022	12.972935	11.624807	12.905838	11.662949	14.254350	12.027582	13.790368	11.894446	11.363246	11.633428	12.774639	13.094911	15.356479	13.630367	11.352990	15.596440	12.508314	12.562016	10.776678	11.615005	13.663234	11.151533	13.658863	13.821254	12.362087	12.841413	12.392404	13.491873	12.272138	13.796230	13.590284	12.321269	13.577836	10.229311	14.278632	12.367281	12.038142	10.668968	13.172397	13.702182	
14.307996	12.741683	15.760387	14.260036	13.883245	12.113960	13.718180	12.360315	12.939394	12.763396	13.376350	12.758204	12.831975	12.239677	14.256077	12.300695	13.410764	12.145426	11.929154	13.508207	12.986120	14.215431	13.638806	13.760483	11.655113	15.826579	14.149558	13.222549	11.278259	10.801020	13.276327	10.436208	13.488011	13.871075	11.541141	11.986179	13.019175	12.961345	11.906454	14.239905	13.812533	13.092789	13.853437	11.943055	13.968061	12.422581	12.074327	12.014370	13.148604	13.226140	
14.125807	12.882029	14.974823	15.570892	12.894665	12.620673	14.060288	12.069068	12.061752	12.279403	12.336775	13.443519	12.203075	13.027029	13.861542	10.323703	13.214326	12.661703	11.450104	12.950197	12.315694	13.160964	14.335881	13.322699	12.201453	16.079104	13.167960	12.171658	11.336679	11.709155	14.390259	10.841964	13.960267	14.434142	11.761560	13.446413	12.701493	13.086080	13.686077	13.860172	13.394401	14.308919	12.782600	10.707458	12.527701	13.107796	11.574698	11.639578	13.524636	13.490489	
13.304119	11.901455	14.030510	13.235401	12.201523	12.011246	10.937767	11.565284	11.619273	11.889662	13.355395	11.780812	12.197966	11.481983	14.925625	11.651006	12.891606	10.795452	10.598769	12.058778	11.640983	13.001816	12.918258	14.455004	11.100353	14.599682	14.508234	12.044030	11.713248	10.491545	11.217891	10.866482	12.541230	12.976108	11.067995	11.080804	13.415959	13.413503	11.567598	13.263448	13.063193	13.375879	13.024865	11.902752	13.690985	12.250587	11.632899	11.171387	12.944443	13.470097	
16.518503	14.187004	16.600970	15.600453	14.238523	13.908627	14.587123	13.585904	13.458660	13.761309	13.345886	14.096796	13.936526	14.062104	15.941910	13.098210	14.739593	13.827779	13.999225	14.790986	14.054892	14.854199	15.553943	15.408360	12.591206	17.189257	16.273209	14.558085	12.526389	13.215951	14.275386	12.808697	15.495625	14.565991	12.823916	14.626913	14.835884	15.525534	13.824651	15.211430	16.146355	16.422463	15.909212	13.945956	15.109853	13.927810	12.810051	14.189122	14.962746	15.072763	
16.449357	13.558001	15.347798	13.979361	13.307713	13.006823	14.703073	14.590654	13.300275	12.804898	12.714013	12.774060	14.120746	12.479597	15.776115	12.270653	14.786683	11.989024	12.105858	14.525588	13.024481	14.656786	15.128808	14.248344	12.912763	15.637988	15.399208	13.513674	12.243292	11.887117	14.600886	12.520720	13.263322	15.578394	12.087103	14.140395	13.157095	14.605023	13.304512	15.197795	14.555402	14.304920	14.299565	12.285198	12.980366	12.670643	12.221740	11.684634	15.255441	15.290580	
13.480817	10.932386	13.936599	13.658556	12.112247	10.283765	12.378682	11.882586	10.647864	11.634183	11.229608	11.429565	11.483770	11.588716	13.284464	10.848730	11.629733	10.918993	10.126609	11.665423	9.587698	12.908487	13.176552	11.961521	10.843413	13.515340	13.976865	12.290003	10.446212	11.020344	11.340093	10.192137	12.210034	11.864550	10.850290	11.887050	12.610345	12.010191	9.622647	11.688800	11.990333	12.552037	12.723434	10.819311	11.382267	12.199295	10.191467	10.053199	12.964995	12.762244	
14.171076	11.740123	13.157718	13.649295	12.789311	10.722251	13.320104	12.275952	12.235981	12.558986	12.881122	11.751838	13.217654	11.317200	14.573664	10.382473	13.231744	11.079008	11.041523	12.181097	12.624799	13.152742	13.320126	12.980207	10.708175	15.362741	13.097263	12.557308	11.400194	11.283875	12.500300	11.206318	12.300363	12.958637	11.367952	11.199420	11.842007	12.627132	11.743740	12.238047	12.659569	12.249436	12.891604	10.723835	13.365835	11.467532	11.369875	10.993252	12.912433	13.812753	
13.814756	12.113974	13.660004	13.811074	11.423137	10.338271	13.062408	11.723430	12.325309	11.894430	11.183238	12.504093	11.698130	12.151537	13.850949	10.099746	12.332581	11.035004	11.513923	11.527114	12.121317	12.501422	12.614797	12.321298	11.319988	15.371424	12.987518	11.974144	12.025995	12.157551	14.052433	10.588637	11.857525	12.829320	10.854070	10.942771	11.388634	13.262008	11.519884	12.873237	12.698941	12.347719	12.362480	10.594283	12.857638	11.563116	11.140429	10.735146	12.791013	12.538849	
14.643930	12.127947	14.236553	13.067130	11.426986	10.480185	12.990232	11.565998	11.951197	12.710935	11.333037	12.466093	12.763441	12.119577	13.697063	10.511190	12.029171	11.311286	11.855486	12.086442	11.485962	12.276083	12.619765	11.537794	11.137902	15.679845	14.128437	12.235964	11.993445	11.453462	13.319061	10.558151	12.016869	13.022643	11.305765	12.272079	12.592326	12.613976	11.878331	13.183095	12.011102	13.723824	12.923375	11.193926	12.930452	11.609132	11.960582	11.959890	12.620255	13.830306	
15.157865	13.064797	15.216437	14.558116	12.046254	12.204164	13.276481	13.596770	12.201774	13.176487	11.638147	13.136369	12.589563	12.713132	14.822750	10.272526	13.566912	11.449728	11.838909	13.905976	12.877807	12.608099	13.826059	13.866698	12.056198	15.276897	13.512049	12.771475	12.594442	11.848808	13.195593	11.332416	13.312804	13.107511	11.048253	12.624375	13.586061	13.944852	12.071860	13.980328	12.803089	13.941423	13.236970	11.971494	13.262874	12.520258	10.302426	12.006147	13.330736	13.260550	
13.285675	11.580154	15.660935	14.583699	12.747431	11.788211	13.419879	12.373753	11.878100	10.960026	12.418465	11.184350	11.791875	12.306904	14.267464	10.904722	12.769576	12.232667	11.205498	12.686709	13.300791	13.040748	13.850294	12.939247	12.192760	16.122238	13.706034	12.093704	11.185336	11.215375	14.549111	11.049617	13.359910	12.810420	12.051184	12.328117	13.010267	12.723260	12.398982	14.160727	13.334631	12.722441	12.854866	11.492423	13.159824	11.449141	12.427311	11.586633	12.814931	13.436226	
16.358219	13.189135	15.183960	15.541899	13.372035	12.976578	14.071842	13.106106	12.895267	13.734932	12.887611	13.533546	13.580770	13.242106	16.197344	11.409220	13.791648	11.525131	11.097245	12.538083	11.746787	14.879633	14.708592	14.004178	12.284017	16.208396	15.556861	13.007862	12.306875	11.980950	14.780080	11.672242	14.397766	13.526207	12.529285	13.413791	13.721027	14.801090	12.568617	14.269490	14.452069	15.175667	14.023868	13.159260	14.302282	12.898306	12.256163	11.822504	14.932615	14.636767	
13.888962	11.068737	14.645701	13.827504	12.335667	11.497483	13.815927	11.048487	12.064474	11.688465	11.677873	11.947680	12.084434	11.417923	13.274384	10.699961	13.054121	11.330643	10.452751	12.022777	12.099201	13.243651	12.689522	11.866372	10.957419	14.586014	12.852370	12.570217	11.041741	10.436102	12.890316	9.877678	12.870135	12.009903	11.151553	12.020964	11.623132	11.666855	10.857512	12.741175	13.286814	12.245446	12.252014	11.482537	13.307432	11.478554	10.802806	10.412162	12.918156	12.352161	
15.325254	12.809719	14.812678	13.798023	14.240116	12.288769	14.676137	14.299615	13.478398	13.453496	12.836599	12.934348	13.210593	11.960678	15.257576	11.561854	14.343491	11.984240	11.663127	13.473655	12.807939	14.470397	15.017261	12.969927	11.785602	15.235912	14.959218	11.871600	12.956968	11.770611	14.203349	11.914993	14.203103	13.858958	11.744567	14.156640	13.232667	14.818096	12.805342	15.064302	15.667294	14.657976	13.462734	12.979878	13.953087	13.084003	12.090664	11.458672	14.232195	14.444860	
11.489712	10.442217	13.062840	12.558144	10.579316	9.789504	9.995002	10.853567	10.554937	9.695486	10.391618	9.778550	9.569529	10.144598	11.748854	9.171520	11.714156	10.339118	9.020149	11.030577	10.475379	10.844557	11.543050	11.046239	9.895635	12.081233	12.090284	9.270332	8.741672	9.834599	10.442025	9.333672	11.356823	10.481654	9.217255	10.251805	10.079327	10.799253	9.953681	10.900469	11.291878	11.037716	11.105277	9.808895	11.159879	10.016376	9.732996	9.561178	10.552548	11.208989	
14.275654	12.401592	15.221132	14.441946	13.401582	11.370205	13.163428	11.707790	12.066303	12.417638	13.730186	12.504330	12.517541	11.832387	14.123658	10.505174	13.261750	13.292263	11.061581	12.578997	12.495915	13.672432	13.929028	13.574143	12.676609	15.329525	14.379472	11.977734	11.940723	11.550287	12.036538	10.660075	14.468837	13.357661	11.480532	13.142894	13.251350	13.194015	12.104908	13.262254	12.948112	13.835914	12.738951	11.947317	14.451727	11.727064	12.390180	12.163167	12.803170	13.581275	
15.419423	13.403848	15.343071	15.380770	14.896989	12.757125	13.779567	11.708867	12.481622	12.989763	12.490642	13.337332	11.920792	12.158102	15.603478	11.898925	12.115023	11.977080	11.851407	13.072600	11.960290	14.469896	14.179076	13.152500	11.556253	16.604016	15.087917	12.830279	12.821767	12.447745	13.009434	11.920774	14.825585	12.848782	12.343287	12.821823	14.436415	13.351888	12.438693	13.959147	14.332092	15.190860	13.711215	12.370142	13.698563	13.180689	12.222074	11.044953	14.166548	14.329097	
14.591698	11.613536	14.120137	13.276237	11.244675	11.049203	11.210623	12.010658	12.209139	11.897385	12.477490	12.116494	12.702348	11.448090	13.400069	10.080745	11.880779	10.699405	11.200165	11.775499	11.104750	13.514716	12.417710	12.793772	10.262667	13.970072	13.754319	12.539020	10.668055	10.003181	12.408265	10.594703	12.325195	13.331683	10.982391	11.406275	12.664471	13.716645	10.657606	11.978014	12.337476	13.018674	13.866308	11.124296	13.041784	12.495777	10.756938	10.156884	13.221176	12.965486	
15.275941	12.847552	15.077781	14.931993	13.139888	12.324801	13.691945	12.744964	13.940144	13.523703	14.665376	13.853921	14.373845	12.252967	14.754618	11.181138	13.845058	12.651257	13.045013	13.055128	14.549582	14.338480	15.444831	14.904065	11.799745	17.123579	13.443626	14.220362	13.062955	11.192476	12.916777	12.400119	13.310767	14.409622	12.353934	11.997920	13.635740	15.136794	12.704466	13.312507	13.314332	14.812087	13.928140	12.005427	14.719695	12.933667	12.616529	13.300912	14.113210	13.402035	
14.797055	12.874584	14.852984	15.183514	13.626889	12.454934	14.001417	12.906891	12.984522	13.154562	12.257059	11.649324	12.657915	12.377157	14.864015	11.652365	13.563556	12.355114	11.306452	13.054074	12.222784	13.246774	15.129008	13.676913	12.221179	15.861602	14.990108	12.573353	11.889115	11.867075	14.592344	11.742528	14.286124	13.880428	12.538793	13.043061	13.065722	14.551248	12.846521	15.131631	14.548689	14.020012	12.804037	12.345572	14.178723	13.056389	11.466968	11.599391	13.453485	13.859077	
14.643467	12.815562	14.551692	13.446707	12.875433	11.188166	13.201365	12.275930	11.874451	11.517792	12.844221	10.969199	12.753334	10.629058	14.996087	10.926351	12.193469	10.942746	11.660871	12.960190	12.693000	13.802916	13.352835	12.054499	11.139202	15.704144	13.703833	13.178020	11.569739	11.672884	12.657358	10.952414	12.372183	12.356317	10.714684	12.158794	13.393662	12.790087	10.846233	12.807163	13.143696	12.223474	13.423179	12.015211	13.281268	11.882667	11.712996	11.554509	12.467331	13.640607	
14.053136	10.725980	12.541708	12.011720	12.501824	10.576949	11.002566	12.111912	12.204319	11.602200	11.233430	11.139591	11.772033	9.854235	12.388261	10.571330	12.348769	9.865640	10.043059	12.696918	10.852549	10.576862	12.019660	11.939145	11.487848	13.916844	12.799698	10.100307	11.442922	9.837112	11.809973	10.773829	11.069683	12.355176	10.169830	11.011650	11.283759	13.830539	11.139848	12.862019	11.329643	12.302335	11.935669	11.313976	11.586471	11.407948	10.492335	10.071956	12.827075	13.280482	
15.066190	13.623057	13.564574	13.578496	13.890055	12.001158	14.245452	13.603619	13.281630	14.744933	13.564593	13.571261	12.697992	11.530940	15.220581	11.562590	14.867373	12.004635	12.736160	13.794747	13.922288	14.482911	14.934325	14.027162	11.171515	16.366948	13.514603	12.893597	12.928662	12.217599	13.712565	12.023633	13.031869	14.425458	11.123361	13.642098	12.846234	15.160415	12.170507	13.163257	14.739575	14.254774	13.830518	12.084908	14.201738	13.508782	11.972790	10.041048	15.077361	15.236764	
13.777030	11.858575	13.333579	11.797194	13.068189	11.923716	11.698747	11.528442	11.609748	12.260245	12.605099	12.404287	11.094914	10.666682	13.027643	10.781296	12.962571	10.797357	11.197608	12.679249	10.533368	11.855406	13.335105	12.106385	10.947525	14.552839	13.137793	11.369151	9.850834	10.387853	11.631234	11.295518	11.381350	13.361891	10.793938	12.085772	11.035502	12.764593	11.675774	12.164325	12.416221	13.185738	13.261016	10.305657	11.646032	12.920174	10.611420	9.772509	13.692393	13.045548	
16.286863	14.298955	15.547555	15.096834	13.309231	12.372028	14.239281	14.029879	13.013742	14.483463	12.203262	13.486382	13.924003	13.210825	16.128916	11.324554	12.981970	12.725161	12.608234	13.928620	12.764034	13.975698	14.550589	13.261511	12.398962	17.067209	15.445254	13.080985	13.534222	13.349942	14.675054	11.993601	13.944571	14.438488	12.074089	13.320472	13.994425	14.447634	13.235901	14.650796	13.829027	16.046381	14.336956	11.827509	14.162107	13.098078	12.798834	12.117145	14.350912	15.238293	
15.250726	12.910684	16.018440	15.100140	13.134931	12.960659	13.637031	13.509500	12.960903	14.390548	12.627253	13.232685	12.480086	13.306755	15.435239	11.816723	13.819878	13.185778	11.745152	13.890899	12.020679	13.900632	14.772452	13.264546	11.948361	16.069481	15.284467	12.131770	11.953628	11.974226	15.055616	12.551696	14.891763	13.910731	11.976662	14.665462	13.507025	13.892329	13.042254	16.030467	15.055596	14.840419	13.536721	12.043767	14.330646	12.963138	11.636208	11.537543	14.087865	14.374276	
13.523204	11.711504	12.747757	11.476260	11.444600	11.472432	12.325829	11.314643	11.449169	12.177210	11.718967	12.506417	11.701668	10.084432	13.284810	10.439472	12.227082	9.783372	10.530941	11.164826	11.826717	12.154331	11.919187	11.805522	10.343298	14.643325	12.400610	12.184384	11.743663	10.624838	11.897805	9.984545	10.947298	11.720399	11.373879	10.817256	11.789933	12.804209	10.056865	12.066093	11.404527	11.852521	12.429750	11.753571	12.072732	12.415834	10.151277	9.804805	11.761244	11.895552	
15.525754	12.960540	15.480256	13.298453	13.960626	11.922622	13.848161	13.380154	12.464422	12.641822	13.758166	13.265167	13.462604	12.870223	14.932676	12.247963	13.951146	12.843314	12.316776	14.184409	13.686724	13.789368	14.585953	14.201065	13.220868	16.537339	15.053562	14.143239	12.999125	11.144013	13.771189	11.262041	12.770793	13.724480	11.998734	13.264809	13.890000	15.140166	11.673191	13.868827	14.150124	14.166294	14.085876	13.544421	13.426441	12.254807	12.382932	12.082919	14.362105	14.347276	
14.469788	11.324199	12.898835	12.479350	11.797969	10.408139	11.651579	11.185822	11.810090	12.462378	11.214387	11.290158	11.899840	11.459351	13.234472	11.303144	12.293044	10.541266	10.779997	11.395469	11.601846	12.725466	13.024052	13.111547	9.629077	14.520445	13.634500	11.571850	11.921614	10.327392	12.027081	10.420418	11.981571	12.696401	10.460074	10.273756	12.684391	14.300502	10.515391	12.879672	12.696098	13.390087	11.981727	11.537829	12.805108	11.214252	10.638140	11.148370	12.984091	12.516057	
16.413175	13.154855	14.913326	13.752371	13.989010	12.536059	14.213906	13.745276	13.078659	13.021161	12.226423	12.577138	14.000741	11.954180	14.646165	12.005878	14.883483	12.337040	12.046199	14.192902	13.404825	14.020804	15.009725	13.549491	11.636092	15.600094	14.273402	12.989630	11.549111	11.521624	13.832655	12.522652	13.700681	14.539081	11.780189	13.716808	11.941906	14.963450	13.433023	13.787705	15.312043	14.853546	13.972191	12.426231	13.504068	12.993707	12.326251	11.205863	14.970097	15.031787	
14.615613	12.681044	13.185051	13.583445	11.912904	11.199736	11.391131	10.837417	12.492541	11.836982	12.484000	11.219130	13.129424	10.884490	13.636568	10.234181	13.254767	11.404100	11.459037	12.682748	12.711058	13.531474	13.115129	12.847478	11.047123	15.116600	13.786136	12.661047	11.378619	11.286377	12.535076	10.845456	12.455469	14.159777	11.018065	11.928002	12.614540	13.872563	12.765986	13.130656	12.853643	12.897145	13.843794	10.908691	12.942815	12.267309	11.061606	11.224675	12.881704	14.169040	
14.463422	10.721623	13.648871	11.212103	12.054547	10.173329	11.455709	11.751727	11.424434	12.026713	11.006545	11.310447	11.973551	10.706622	12.864812	10.099485	12.197767	10.395309	10.976734	12.074790	10.550668	11.008681	12.067741	11.357134	11.106937	13.276504	13.238424	11.399973	10.633089	10.734685	11.266549	10.927755	11.655147	12.156815	11.000329	12.055387	11.057497	11.953969	11.300510	11.837666	12.249114	12.276355	12.661347	10.359703	12.501062	11.099180	10.229377	10.238906	12.510532	12.870905	
14.354791	11.962571	13.986259	13.342375	12.588548	11.933392	13.062482	12.325844	12.521652	13.613826	12.564664	12.961841	12.585559	12.198697	14.186728	11.018895	14.156612	11.018918	11.685272	13.398875	11.690316	12.713510	12.825348	13.419409	11.235528	14.721108	13.679079	12.138560	11.553502	10.783994	13.337099	10.568729	13.031744	13.057750	10.527115	12.942699	12.533121	13.022373	11.535118	14.106310	13.333458	13.350211	12.945449	11.977142	14.183061	12.090901	10.745821	10.852902	13.421190	13.902009	
15.604954	12.627718	15.702406	13.673775	14.090997	12.779363	14.775562	15.010905	13.842978	13.690089	12.658555	13.731854	13.707441	12.724104	15.226437	12.077549	13.534315	12.678378	11.871895	13.039958	13.020019	14.433310	14.693879	13.510760	11.647962	15.743978	14.369783	12.968222	12.772338	10.892839	14.606227	11.340636	13.443789	14.167335	13.114869	13.850532	13.940973	14.809021	11.843406	14.226256	13.939238	14.640770	14.730232	12.805848	13.876177	12.145140	11.700345	11.821789	14.499072	14.361464	
14.626098	12.689930	15.509056	14.500352	12.611505	12.998315	15.165803	13.279537	12.090211	12.682169	11.789003	13.737766	12.777557	12.892280	15.067467	11.641861	13.094467	11.319162	12.085216	13.315201	13.631061	13.667810	13.796918	14.094002	11.779307	15.217320	13.628110	13.758576	12.584631	10.508721	14.601038	11.295407	13.052506	14.134696	12.397650	13.232137	13.121477	12.433479	12.705465	14.060522	14.129701	14.490857	13.545711	12.093303	13.747177	12.886094	11.601247	11.605969	13.766142	13.596003	
11.478347	10.652687	11.822801	11.344565	9.643466	10.512640	10.880950	10.814117	10.048467	10.571862	10.735362	10.545585	11.099030	8.970281	12.019143	8.642219	10.673392	10.108574	8.797541	10.360773	10.208537	12.144675	11.617780	10.581590	9.550035	11.422859	11.386815	10.297589	10.046666	9.887172	11.155390	10.018367	10.624079	11.115109	8.963978	11.287319	10.427300	11.337221	9.650820	10.776646	12.827239	11.855240	11.431556	9.954691	11.659669	9.164662	9.166110	9.089110	11.792392	11.488669	
15.467035	12.522478	16.538148	14.485130	13.891402	12.572325	14.257018	14.693005	14.050112	13.881129	13.453160	13.021246	13.425437	12.917097	15.185089	12.401651	14.601971	13.364813	12.598031	13.550292	13.843215	14.541839	14.330266	14.139142	12.054690	16.167166	14.356327	12.976876	12.194512	12.142862	14.700869	11.586934	13.470327	14.872294	11.499908	12.907199	13.891855	14.236001	12.458827	14.747783	14.783697	13.952280	15.329016	12.264300	14.845550	13.391168	12.721742	12.835111	15.002160	14.487784	
14.742860	12.390149	13.809168	13.150143	12.387209	11.033408	13.581708	13.237162	11.380746	13.101354	11.567035	11.857665	12.770347	11.984322	13.643492	10.309420	13.282510	11.330584	11.084337	12.585693	11.508127	13.263206	13.128121	13.431465	11.792636	14.612413	13.352893	12.707169	12.181004	10.523372	13.106716	10.498239	12.881540	12.892274	10.619367	11.944080	13.191267	13.867722	11.860448	13.178080	13.311416	13.593692	12.390253	12.532741	13.476310	12.063129	11.107739	11.094418	13.747391	13.598675	
12.955748	10.580561	11.813815	11.431513	11.330957	10.376245	10.841476	10.413195	11.493005	11.095329	10.955913	10.363588	11.409000	8.819775	10.803716	9.586437	11.109774	10.667340	10.569057	11.158188	11.500230	11.453321	11.530097	11.444907	9.716892	13.798697	10.622604	11.113392	10.350885	9.892431	12.155070	9.714520	11.221507	12.098874	8.887066	11.089455	11.433944	12.453059	10.665749	11.479699	11.891940	11.943075	11.744582	10.167654	12.735737	10.498615	10.818962	10.272984	12.110883	12.579789	
15.079574	12.359371	14.329643	13.326558	10.851827	10.702086	11.987141	11.872059	11.137350	12.155309	11.417950	11.792697	12.201683	11.951209	13.299820	9.795676	13.328278	11.070655	9.956920	12.254370	12.069911	12.973971	12.600409	12.638923	11.694326	14.115884	14.006368	11.500711	12.475015	11.164414	12.574509	10.402680	12.615302	12.949785	10.421130	10.804174	12.881151	14.012785	11.716071	13.079195	12.254197	13.159221	12.606752	11.659049	13.252907	10.660753	11.041255	11.645225	13.381509	12.504699	
15.652086	12.491750	13.309740	12.487982	13.663312	11.122159	13.606602	12.750164	12.155802	14.389369	13.168599	13.041671	12.903773	11.962541	14.183688	11.559444	14.367245	11.976523	11.431348	12.020238	12.226506	13.646197	14.315916	13.305964	11.660531	16.331682	13.509324	12.601180	12.274464	11.395236	13.277025	11.189495	13.556756	14.158859	11.482675	12.525739	12.889797	14.186377	12.053476	14.403599	13.218112	12.676999	13.085125	11.677425	13.442271	12.455874	12.411599	11.276028	13.557455	14.404347	
The results Matches
MPI_Wtime measured for total run by process 1 = 0.005337
MPI_Wtime measured for total run by process 2 = 0.005342
MPI_Wtime measured for total run by process 3 = 0.005341
