MPI_Wtime measured for total run by process 0 = 0.003782
Total time by each process = 0.033853  And Average = 0.003761 , Comm_TIME = 0.000000
Printing Matrix A
0.872691	0.008809	0.423580	0.887268	0.282440	0.148925	0.029172	0.160739	0.437970	0.558719	0.229807	0.355758	0.573290	0.853132	0.358702	0.702218	0.417367	0.189529	0.640242	0.859501	0.354414	0.764951	0.269431	0.174365	0.692047	0.267840	0.383771	0.753501	0.908617	0.125328	0.756582	0.498712	0.538574	0.014897	0.765038	0.101497	0.882823	0.503038	0.792139	0.859656	0.410487	0.406041	0.751094	0.751319	0.766175	0.927030	0.704193	0.696707	
0.113983	0.421582	0.586001	0.998473	0.389528	0.621079	0.178915	0.665853	0.608230	0.383659	0.231436	0.019034	0.011625	0.520369	0.371805	0.958585	0.928680	0.364808	0.903247	0.983505	0.864793	0.474442	0.085318	0.633109	0.212189	0.052871	0.151746	0.441235	0.017969	0.879189	0.178680	0.875562	0.217942	0.622040	0.603651	0.413964	0.210130	0.512151	0.028701	0.988996	0.162028	0.684514	0.113773	0.477146	0.087354	0.521516	0.194110	0.373393	
0.637447	0.533241	0.600979	0.709543	0.835612	0.106556	0.366954	0.105203	0.137418	0.842757	0.915466	0.382933	0.676238	0.268853	0.301526	0.282400	0.637679	0.180072	0.762847	0.049766	0.111309	0.462772	0.251873	0.007245	0.357691	0.640483	0.169905	0.275978	0.927864	0.716491	0.187077	0.168364	0.814532	0.063414	0.238050	0.175838	0.269501	0.827622	0.206584	0.910666	0.684870	0.837432	0.574564	0.700919	0.658241	0.731819	0.416301	0.670073	
0.248618	0.808213	0.846666	0.836027	0.622660	0.637542	0.498517	0.393518	0.099357	0.038162	0.344361	0.176350	0.156491	0.847919	0.808351	0.803627	0.251479	0.543637	0.595890	0.214313	0.043314	0.047793	0.400064	0.725218	0.672262	0.173342	0.502461	0.019224	0.257861	0.231746	0.385135	0.123180	0.647211	0.734760	0.046481	0.461651	0.800929	0.631626	0.950756	0.700413	0.120223	0.639642	0.223448	0.281637	0.526010	0.547520	0.548755	0.547760	
0.337517	0.439067	0.231593	0.473793	0.410163	0.233514	0.462262	0.983938	0.807683	0.205169	0.282446	0.512439	0.000189	0.719600	0.730659	0.744910	0.549880	0.452175	0.084695	0.813995	0.031387	0.855777	0.981437	0.076134	0.463295	0.820250	0.768110	0.554196	0.392648	0.317242	0.541156	0.191483	0.246129	0.872509	0.569626	0.825682	0.734014	0.094662	0.521175	0.504571	0.452099	0.730209	0.657511	0.988507	0.558201	0.173465	0.367900	0.190392	
0.008607	0.944853	0.749405	0.179246	0.451994	0.198871	0.444703	0.957638	0.028264	0.117010	0.972252	0.735933	0.411265	0.629809	0.274347	0.393194	0.883102	0.861187	0.108582	0.115927	0.314341	0.533745	0.018239	0.655846	0.179230	0.732278	0.878372	0.681935	0.377609	0.068803	0.131945	0.934911	0.800044	0.647555	0.836531	0.469202	0.078279	0.909916	0.494330	0.143021	0.338617	0.825042	0.343509	0.506627	0.818721	0.373075	0.037427	0.965713	
0.104084	0.746097	0.376750	0.091487	0.218246	0.551546	0.567165	0.386135	0.569865	0.122772	0.718154	0.634493	0.204829	0.487541	0.315554	0.079727	0.066522	0.360253	0.041123	0.898300	0.453144	0.971944	0.144413	0.926091	0.569256	0.627652	0.678262	0.824285	0.269712	0.125346	0.765080	0.004904	0.030897	0.274875	0.816897	0.331389	0.623021	0.290350	0.661411	0.481711	0.265305	0.518077	0.371508	0.826657	0.654188	0.226486	0.157076	0.250871	
0.596547	0.259994	0.698920	0.683486	0.894715	0.089375	0.190278	0.786793	0.680450	0.399149	0.647233	0.693178	0.177809	0.720689	0.151053	0.522859	0.497306	0.161044	0.374235	0.518168	0.818366	0.825075	0.178629	0.464226	0.916738	0.911036	0.089181	0.865392	0.523877	0.601875	0.557642	0.422531	0.907587	0.251175	0.428105	0.550771	0.376885	0.255114	0.987714	0.414593	0.582716	0.468424	0.929843	0.938887	0.919898	0.128651	0.665495	0.532488	
0.134757	0.854904	0.553006	0.809332	0.781521	0.485405	0.783787	0.673688	0.225627	0.038400	0.475929	0.609190	0.518048	0.873368	0.289022	0.756625	0.189519	0.986640	0.017204	0.672416	0.860419	0.567961	0.057819	0.010710	0.383762	0.438916	0.026397	0.255518	0.785945	0.727988	0.534742	0.498745	0.096143	0.466785	0.281358	0.912071	0.297022	0.785984	0.721681	0.638286	0.845805	0.965133	0.125307	0.416646	0.349537	0.986219	0.629248	0.608539	
0.970350	0.838737	0.214525	0.393486	0.230840	0.866387	0.976164	0.057964	0.581875	0.694170	0.243748	0.618434	0.255450	0.477563	0.089618	0.610088	0.161426	0.311676	0.199633	0.887498	0.884631	0.382994	0.258558	0.682765	0.464054	0.547615	0.487752	0.301087	0.770702	0.627900	0.864751	0.920287	0.686813	0.402129	0.937125	0.316919	0.043512	0.682552	0.140870	0.142503	0.742252	0.312727	0.856166	0.973206	0.392464	0.487187	0.839094	0.283393	
0.639438	0.412352	0.975148	0.398319	0.429184	0.320729	0.446188	0.174979	0.153349	0.418444	0.101520	0.636382	0.992756	0.751199	0.531044	0.357756	0.720113	0.747044	0.499380	0.713920	0.226235	0.498619	0.497881	0.860864	0.161304	0.660745	0.670958	0.756808	0.420697	0.495564	0.542599	0.122223	0.623429	0.957972	0.014631	0.051373	0.706542	0.913288	0.223590	0.855654	0.053460	0.647719	0.813527	0.388133	0.912534	0.185965	0.737017	0.717845	
0.177455	0.483255	0.347710	0.432951	0.084620	0.258675	0.120391	0.693104	0.630728	0.898270	0.745349	0.678479	0.170100	0.113017	0.172632	0.267564	0.506679	0.542172	0.285447	0.908640	0.321362	0.678276	0.281643	0.615604	0.712201	0.356626	0.800278	0.115435	0.899548	0.877496	0.059313	0.422266	0.895878	0.420381	0.939560	0.551391	0.496335	0.702675	0.601046	0.690350	0.832153	0.770798	0.082080	0.602809	0.114684	0.053808	0.625364	0.739989	
0.440511	0.702566	0.489390	0.640994	0.483624	0.763704	0.661947	0.397916	0.501029	0.126531	0.054946	0.564737	0.209645	0.343627	0.094619	0.356250	0.243986	0.915202	0.312774	0.719102	0.899864	0.881067	0.936860	0.055912	0.447696	0.020999	0.911783	0.672272	0.204281	0.956437	0.099515	0.834030	0.371504	0.076877	0.305428	0.480675	0.278785	0.767103	0.640725	0.653535	0.005458	0.591063	0.260270	0.038669	0.279233	0.763452	0.307793	0.722249	
0.346714	0.363575	0.595106	0.857433	0.205992	0.089537	0.447551	0.935138	0.417606	0.370251	0.789535	0.142428	0.404026	0.447516	0.503361	0.391116	0.968891	0.502217	0.598941	0.437887	0.984187	0.651650	0.270496	0.884747	0.112989	0.365977	0.663918	0.971292	0.414284	0.779762	0.588573	0.767720	0.925569	0.121460	0.629587	0.329443	0.086772	0.045511	0.567881	0.045368	0.185256	0.583393	0.919750	0.917117	0.973493	0.251680	0.867757	0.119530	
0.289338	0.317836	0.800338	0.532698	0.628371	0.244376	0.508468	0.877121	0.701090	0.542898	0.015200	0.954876	0.156895	0.550759	0.225956	0.817979	0.911279	0.434218	0.783092	0.598726	0.545127	0.607715	0.132847	0.747320	0.945351	0.454778	0.750234	0.949243	0.616209	0.931781	0.170291	0.357459	0.885574	0.793186	0.758594	0.080129	0.235013	0.357316	0.172681	0.201797	0.394853	0.078582	0.066229	0.052216	0.527827	0.524603	0.733757	0.779687	
0.673740	0.287997	0.964784	0.736055	0.055971	0.567658	0.198006	0.346683	0.426030	0.737946	0.453089	0.174696	0.774159	0.679034	0.581362	0.127247	0.031594	0.687436	0.783371	0.196176	0.516862	0.067994	0.533288	0.307726	0.839941	0.451576	0.835834	0.273946	0.325572	0.117910	0.411700	0.162036	0.660402	0.439672	0.272964	0.283115	0.399682	0.504693	0.765785	0.892287	0.858091	0.898757	0.970135	0.303919	0.125683	0.202641	0.666986	0.980677	
0.214150	0.771160	0.056198	0.276939	0.405384	0.388850	0.594050	0.776896	0.625000	0.146068	0.848356	0.890842	0.871816	0.511421	0.458160	0.866190	0.912449	0.159424	0.691625	0.424527	0.217994	0.268179	0.094513	0.264186	0.720728	0.314649	0.860241	0.543122	0.298974	0.270859	0.546642	0.429445	0.774399	0.427738	0.025231	0.563034	0.665641	0.055270	0.876288	0.479668	0.729710	0.166099	0.999807	0.322007	0.763764	0.055916	0.729915	0.769497	
0.074230	0.970338	0.049498	0.342687	0.364585	0.475293	0.717413	0.837888	0.749277	0.037073	0.713207	0.047866	0.951945	0.787377	0.589143	0.186174	0.754107	0.762834	0.689884	0.518745	0.503477	0.295341	0.948999	0.668012	0.137216	0.447361	0.064164	0.327394	0.599009	0.697970	0.671644	0.851525	0.040656	0.229357	0.719880	0.785009	0.742140	0.444247	0.213579	0.389415	0.817344	0.201217	0.332002	0.897618	0.643381	0.119162	0.479732	0.740776	
0.585046	0.250928	0.718235	0.528283	0.116286	0.151513	0.084790	0.680659	0.377703	0.783643	0.410487	0.640715	0.276850	0.368894	0.730564	0.276970	0.079803	0.620536	0.563834	0.258412	0.121350	0.009985	0.950853	0.108274	0.572522	0.038262	0.573179	0.036878	0.438855	0.606611	0.515441	0.485029	0.411479	0.393282	0.254384	0.655433	0.061619	0.581874	0.356064	0.341029	0.582065	0.911594	0.058268	0.005273	0.354244	0.666542	0.495464	0.464929	
0.257137	0.882256	0.509905	0.887255	0.203108	0.583997	0.159278	0.487757	0.304318	0.896587	0.347824	0.859709	0.513743	0.571753	0.677823	0.916149	0.894894	0.446481	0.336094	0.976324	0.802866	0.098373	0.485348	0.703487	0.985482	0.152252	0.501933	0.035374	0.538212	0.024883	0.643809	0.150995	0.739437	0.943501	0.931212	0.614732	0.480147	0.696222	0.299236	0.755160	0.999782	0.618024	0.919372	0.517392	0.260525	0.673619	0.483307	0.443036	
0.422090	0.298275	0.306363	0.087380	0.626112	0.752004	0.183310	0.210067	0.414575	0.684807	0.481489	0.791531	0.744474	0.646348	0.289765	0.450525	0.475921	0.065156	0.661806	0.568793	0.936138	0.213267	0.827960	0.302540	0.251425	0.576482	0.189546	0.474929	0.833164	0.161801	0.210660	0.834784	0.361125	0.468865	0.052476	0.310849	0.358454	0.108061	0.947450	0.428949	0.397948	0.931790	0.373445	0.521514	0.527996	0.329539	0.295641	0.425237	
0.064262	0.679697	0.931759	0.105352	0.514663	0.476627	0.624014	0.660989	0.911007	0.609456	0.999498	0.491061	0.814286	0.266150	0.984922	0.766693	0.585489	0.165922	0.436936	0.807461	0.484686	0.413712	0.189664	0.130662	0.667479	0.385123	0.871088	0.194471	0.696784	0.795301	0.152008	0.730890	0.008383	0.254744	0.168085	0.396917	0.346293	0.761471	0.885329	0.636628	0.632251	0.219785	0.897935	0.188713	0.874877	0.276425	0.546008	0.764381	
0.904127	0.999710	0.081330	0.724983	0.207256	0.963579	0.378587	0.645393	0.621958	0.514177	0.279435	0.114612	0.686905	0.181197	0.398352	0.787304	0.964703	0.374690	0.183642	0.473655	0.586126	0.483484	0.037442	0.975550	0.994056	0.179293	0.192617	0.427803	0.684941	0.112434	0.554577	0.385772	0.686753	0.565312	0.860135	0.261293	0.476202	0.410974	0.873654	0.173044	0.876251	0.141201	0.646241	0.948389	0.178004	0.414475	0.960561	0.251861	
0.560709	0.517709	0.856140	0.867105	0.523779	0.845986	0.664602	0.265144	0.371366	0.609721	0.975349	0.348788	0.618932	0.885934	0.563511	0.226807	0.954967	0.545063	0.523518	0.143450	0.690246	0.444730	0.008466	0.895702	0.116219	0.397438	0.063532	0.244922	0.509490	0.261957	0.268649	0.197220	0.233281	0.034724	0.154452	0.804096	0.167609	0.199546	0.958701	0.555907	0.600670	0.166489	0.699571	0.346666	0.542266	0.282062	0.097388	0.034532	
0.221567	0.087468	0.247429	0.220716	0.140391	0.591113	0.515511	0.174012	0.100364	0.780382	0.751912	0.008997	0.735671	0.105093	0.770342	0.163728	0.208880	0.367927	0.142760	0.871347	0.008906	0.382243	0.609479	0.640597	0.896756	0.509778	0.548028	0.942846	0.809835	0.116757	0.187564	0.572086	0.531681	0.852753	0.528656	0.957592	0.186560	0.061979	0.896090	0.505881	0.123556	0.441513	0.534434	0.955282	0.432298	0.924446	0.352525	0.016306	
0.436544	0.558647	0.593160	0.502763	0.856075	0.575758	0.267317	0.545010	0.097299	0.062456	0.370882	0.976002	0.089778	0.423043	0.396979	0.326508	0.308408	0.798724	0.401396	0.681287	0.866228	0.009634	0.338685	0.524419	0.541167	0.067716	0.604613	0.715230	0.944166	0.136694	0.577621	0.174669	0.348358	0.787597	0.274879	0.007224	0.725929	0.274653	0.571502	0.500597	0.385947	0.024718	0.612032	0.684951	0.878221	0.897343	0.284847	0.341871	
0.045404	0.382959	0.598353	0.461391	0.407040	0.388896	0.535116	0.091211	0.457807	0.911622	0.855877	0.626037	0.418219	0.189940	0.595391	0.336271	0.661280	0.961080	0.109413	0.583915	0.158515	0.494995	0.862304	0.614693	0.702135	0.389949	0.122889	0.292110	0.539365	0.244174	0.013862	0.775552	0.299676	0.934775	0.159103	0.925541	0.491500	0.011248	0.006742	0.673914	0.152257	0.266889	0.079848	0.816254	0.041050	0.753969	0.640873	0.730055	
0.266153	0.349637	0.183519	0.742874	0.695715	0.028823	0.380064	0.411335	0.766599	0.807467	0.237224	0.465660	0.684149	0.333187	0.749151	0.265571	0.728071	0.440561	0.890387	0.586609	0.937557	0.288561	0.318168	0.849941	0.378121	0.931214	0.281128	0.893619	0.616504	0.290299	0.290047	0.380960	0.171079	0.929708	0.004956	0.647569	0.131748	0.260133	0.636025	0.534683	0.767482	0.629491	0.862772	0.013888	0.749916	0.844932	0.860057	0.058082	
0.047413	0.092602	0.504106	0.994881	0.676300	0.085770	0.365089	0.326470	0.086351	0.181182	0.479071	0.428400	0.499257	0.268951	0.499223	0.390449	0.314822	0.599004	0.223222	0.454782	0.848899	0.211846	0.161006	0.346559	0.494278	0.196480	0.722810	0.202336	0.898211	0.581381	0.798319	0.944069	0.454881	0.932069	0.136959	0.577625	0.927403	0.199846	0.327788	0.335766	0.074146	0.795414	0.157126	0.019023	0.469038	0.452770	0.572234	0.380499	
0.939913	0.705218	0.699419	0.062729	0.072314	0.715231	0.808980	0.222167	0.583244	0.680082	0.015332	0.795706	0.299509	0.751727	0.645315	0.898858	0.444793	0.662100	0.886919	0.771035	0.987404	0.359334	0.537264	0.679510	0.599082	0.860876	0.058698	0.098784	0.905058	0.229951	0.982737	0.135601	0.732885	0.571743	0.522530	0.579037	0.829044	0.306318	0.519872	0.486815	0.345421	0.733369	0.004273	0.762327	0.682664	0.459703	0.121086	0.092932	
0.393005	0.473776	0.007452	0.425468	0.991184	0.202804	0.717615	0.630011	0.037309	0.467156	0.195533	0.950913	0.221760	0.543598	0.005921	0.196818	0.301205	0.314460	0.723407	0.145153	0.471715	0.225648	0.037574	0.252366	0.219039	0.116466	0.949004	0.292769	0.477995	0.513611	0.472897	0.882841	0.381024	0.082759	0.937230	0.819022	0.575868	0.598274	0.900328	0.688326	0.570161	0.533939	0.872170	0.689930	0.663075	0.834080	0.913971	0.910074	
0.914222	0.399426	0.220743	0.260397	0.263117	0.410053	0.709311	0.282812	0.903170	0.798638	0.643458	0.125505	0.692110	0.442505	0.676505	0.901077	0.345410	0.442179	0.518951	0.362765	0.561247	0.945513	0.871196	0.550030	0.045077	0.549706	0.837237	0.995068	0.634795	0.135429	0.790151	0.902028	0.337009	0.701715	0.046783	0.638027	0.837297	0.878588	0.811867	0.482860	0.777287	0.545479	0.707777	0.143872	0.978120	0.653873	0.315807	0.903832	
0.900108	0.508775	0.670026	0.554920	0.730343	0.215817	0.862127	0.399153	0.731243	0.253938	0.485179	0.781593	0.677110	0.231569	0.991366	0.645732	0.740947	0.838364	0.301309	0.918296	0.826793	0.573862	0.832790	0.328333	0.917648	0.003053	0.980081	0.866126	0.220111	0.650108	0.233096	0.102950	0.450347	0.385016	0.334599	0.783309	0.437426	0.850311	0.330188	0.834248	0.760916	0.650663	0.621947	0.398189	0.614485	0.053535	0.344136	0.821624	
0.097800	0.546140	0.509953	0.593791	0.686621	0.217594	0.622747	0.264645	0.889143	0.124661	0.432097	0.353149	0.571146	0.894163	0.563170	0.709766	0.922427	0.093369	0.585356	0.379758	0.131262	0.288787	0.649194	0.137673	0.468740	0.049428	0.785183	0.947419	0.809261	0.271611	0.557370	0.033400	0.237284	0.912177	0.813929	0.094618	0.889286	0.699200	0.936836	0.076817	0.099207	0.306413	0.528822	0.240719	0.095415	0.710513	0.493708	0.132582	
0.870683	0.553632	0.336693	0.629803	0.031654	0.764460	0.165877	0.374066	0.967522	0.149474	0.934311	0.834426	0.902524	0.682511	0.288852	0.127224	0.859851	0.844146	0.329105	0.422524	0.802953	0.329249	0.028260	0.233913	0.383793	0.492125	0.773580	0.347832	0.871489	0.072335	0.845436	0.319875	0.880414	0.901831	0.637971	0.570278	0.511338	0.409753	0.602841	0.535380	0.027053	0.304739	0.354056	0.476737	0.682914	0.385885	0.748630	0.233636	
0.869783	0.838563	0.459823	0.948678	0.308367	0.510760	0.002097	0.897842	0.073645	0.829784	0.855152	0.653245	0.855592	0.066415	0.744891	0.233267	0.435519	0.122427	0.480671	0.866503	0.429536	0.700246	0.423402	0.460784	0.800669	0.924747	0.597087	0.193886	0.617122	0.056902	0.560352	0.976686	0.361998	0.891212	0.170218	0.631706	0.134977	0.031387	0.930039	0.055425	0.782738	0.386529	0.558164	0.832505	0.840716	0.537298	0.179575	0.396939	
0.613097	0.384241	0.045866	0.383069	0.347899	0.739222	0.906627	0.008647	0.774820	0.069191	0.975591	0.508268	0.791102	0.217375	0.559550	0.512250	0.902466	0.955963	0.912438	0.129176	0.753489	0.538276	0.663046	0.349482	0.942098	0.770850	0.320369	0.733996	0.324684	0.082148	0.565686	0.056882	0.490889	0.416485	0.351877	0.663664	0.414060	0.765483	0.748862	0.514972	0.533637	0.608649	0.564940	0.965476	0.294015	0.773859	0.642023	0.327853	
0.843586	0.536239	0.289999	0.300830	0.401843	0.781165	0.181276	0.841665	0.581960	0.568919	0.792958	0.036524	0.582020	0.946675	0.641124	0.356954	0.018867	0.680174	0.093096	0.012925	0.047316	0.645644	0.090227	0.943506	0.937624	0.819086	0.046820	0.817556	0.665994	0.852882	0.038760	0.791829	0.103028	0.366492	0.453007	0.691062	0.173507	0.728915	0.824017	0.935921	0.184846	0.492223	0.610618	0.860505	0.074010	0.583731	0.923222	0.170396	
0.847563	0.222373	0.916306	0.800892	0.250143	0.353547	0.202229	0.835800	0.044476	0.618741	0.637801	0.931706	0.192632	0.824581	0.890997	0.142104	0.531866	0.039129	0.277913	0.537985	0.369829	0.602215	0.181001	0.959133	0.766038	0.880571	0.057119	0.115650	0.327714	0.365605	0.935208	0.957270	0.872187	0.915247	0.836421	0.678156	0.344764	0.778308	0.718386	0.751242	0.315315	0.888262	0.444089	0.622186	0.944144	0.990514	0.495501	0.346426	
0.944184	0.517788	0.714905	0.986854	0.476315	0.585434	0.502604	0.679124	0.968488	0.190354	0.571299	0.184381	0.800333	0.394795	0.122680	0.663522	0.002894	0.847468	0.377253	0.777468	0.599484	0.048269	0.699578	0.920008	0.294779	0.080645	0.922903	0.381521	0.439921	0.019069	0.517537	0.629464	0.863901	0.238230	0.311253	0.094723	0.378601	0.012826	0.870384	0.746246	0.043195	0.031242	0.091916	0.689334	0.189079	0.094438	0.390995	0.227047	
0.200833	0.496050	0.480976	0.422823	0.733764	0.937756	0.368482	0.769311	0.510893	0.377776	0.213316	0.134646	0.775514	0.109010	0.952986	0.421404	0.801334	0.665905	0.508227	0.141886	0.524377	0.846139	0.763644	0.304537	0.416004	0.877346	0.749423	0.031713	0.241077	0.691445	0.476779	0.347882	0.030304	0.560422	0.102515	0.780523	0.781951	0.519752	0.242113	0.820132	0.506602	0.287436	0.709471	0.780962	0.459872	0.144612	0.585257	0.214764	
0.506280	0.154093	0.477495	0.235688	0.561278	0.805041	0.579729	0.461507	0.322652	0.342356	0.068091	0.982672	0.595725	0.464614	0.619777	0.796544	0.454564	0.734853	0.885252	0.191504	0.725981	0.249920	0.621718	0.392040	0.460370	0.976493	0.857713	0.056424	0.086448	0.634421	0.200416	0.832282	0.381601	0.587038	0.537676	0.713382	0.775086	0.569367	0.674730	0.341173	0.695802	0.663561	0.276830	0.006955	0.241024	0.069502	0.072341	0.096419	
0.468920	0.720795	0.461999	0.270254	0.397480	0.633888	0.801027	0.207310	0.292727	0.050345	0.590857	0.932835	0.698676	0.273320	0.904122	0.224958	0.053197	0.379638	0.379930	0.752280	0.489512	0.849619	0.361230	0.787369	0.927800	0.223514	0.895014	0.350537	0.158685	0.364706	0.993597	0.435849	0.535417	0.561989	0.465378	0.692756	0.700437	0.245429	0.599304	0.715623	0.870512	0.045760	0.095485	0.359216	0.020154	0.316978	0.313587	0.060545	
0.568314	0.764351	0.936802	0.988582	0.999482	0.698906	0.266809	0.125890	0.353666	0.902847	0.567947	0.703322	0.985985	0.601853	0.773126	0.148575	0.284932	0.375132	0.370033	0.858974	0.597725	0.968302	0.972409	0.001854	0.265842	0.775226	0.166764	0.421891	0.498847	0.452320	0.686142	0.613414	0.513821	0.192809	0.352259	0.253369	0.609662	0.814518	0.315863	0.908146	0.721073	0.415494	0.161919	0.040586	0.861130	0.932740	0.093802	0.518346	
0.534700	0.491477	0.762937	0.836944	0.966516	0.954670	0.467834	0.864084	0.546187	0.076744	0.116964	0.368873	0.610237	0.525366	0.847767	0.311661	0.754867	0.269426	0.547983	0.890404	0.757831	0.796879	0.707890	0.414572	0.940541	0.962183	0.608647	0.035599	0.632669	0.922922	0.604677	0.862903	0.037721	0.877349	0.238699	0.100204	0.612826	0.222195	0.558045	0.574793	0.128083	0.556091	0.868033	0.955614	0.152656	0.981138	0.113119	0.116877	
0.976370	0.736544	0.761978	0.211599	0.733830	0.695520	0.070560	0.790461	0.807289	0.935374	0.938243	0.176024	0.769523	0.848231	0.001203	0.033482	0.959334	0.192641	0.606774	0.096115	0.838034	0.632479	0.061948	0.107237	0.769493	0.544560	0.933598	0.798635	0.877745	0.585764	0.611974	0.856520	0.389272	0.292619	0.453402	0.336650	0.180370	0.200029	0.392070	0.111556	0.349878	0.869299	0.376699	0.986597	0.314799	0.133392	0.191607	0.498081	
0.039074	0.576925	0.179435	0.783911	0.882705	0.602122	0.291207	0.436338	0.369794	0.924561	0.973569	0.000937	0.483519	0.215142	0.124242	0.256005	0.503923	0.655792	0.746505	0.043162	0.423644	0.903985	0.358962	0.355936	0.645959	0.475249	0.191655	0.907897	0.610515	0.350300	0.836261	0.898072	0.439234	0.023541	0.993567	0.814949	0.711988	0.132062	0.059257	0.799706	0.768494	0.324745	0.751141	0.635323	0.355680	0.096412	0.591926	0.532124	
0.548349	0.216899	0.622369	0.959127	0.750783	0.405307	0.579186	0.515257	0.479969	0.307829	0.072643	0.592765	0.928774	0.620264	0.683662	0.551860	0.708054	0.773927	0.800608	0.664781	0.824242	0.361432	0.275102	0.751108	0.716691	0.986180	0.002089	0.217658	0.268122	0.451562	0.990310	0.183795	0.772183	0.028787	0.690775	0.124183	0.763656	0.918445	0.362305	0.793828	0.728490	0.868330	0.358953	0.661441	0.923910	0.578860	0.116427	0.612584	

Printing Matrix B
0.267418	0.958136	0.929215	0.018554	0.277617	0.842270	0.261005	0.790779	0.766357	0.560439	0.650687	0.831647	0.285019	0.168268	0.149949	0.231393	0.711027	0.840947	0.076797	0.922682	0.008426	0.383586	0.925691	0.707401	0.733084	0.921854	0.623598	0.957061	0.606633	0.267319	0.827546	0.173950	0.688241	0.178815	0.874397	0.119452	0.866448	0.152254	0.677403	0.484186	0.127496	0.794258	0.159542	0.659710	0.876647	0.522758	0.425741	0.242767	
0.711604	0.879021	0.523079	0.468824	0.501511	0.181667	0.480734	0.589402	0.071894	0.359324	0.134978	0.997611	0.946064	0.715818	0.217076	0.485788	0.380168	0.514681	0.363281	0.292775	0.604584	0.043707	0.140295	0.693548	0.016768	0.443624	0.071906	0.163371	0.961604	0.389774	0.837775	0.107359	0.240370	0.121189	0.605546	0.468444	0.888406	0.295448	0.145260	0.240890	0.041867	0.313775	0.125750	0.131742	0.356335	0.266033	0.397077	0.412052	
0.995433	0.241099	0.947206	0.811108	0.221694	0.864313	0.095551	0.528983	0.789717	0.251191	0.319903	0.002820	0.904449	0.870348	0.642246	0.938973	0.815641	0.238658	0.889615	0.598459	0.156322	0.478263	0.567974	0.389292	0.850003	0.273158	0.023416	0.846144	0.544831	0.229390	0.998891	0.824756	0.348436	0.577379	0.113179	0.349359	0.638609	0.521374	0.834867	0.564275	0.551149	0.854775	0.113410	0.502429	0.417410	0.845318	0.900182	0.230834	
0.733487	0.486668	0.984051	0.116168	0.663650	0.829244	0.548208	0.183387	0.230951	0.673922	0.739081	0.002601	0.908169	0.572793	0.517992	0.056969	0.611839	0.098146	0.379664	0.218550	0.851855	0.541831	0.441312	0.499421	0.763380	0.016623	0.349692	0.658953	0.867143	0.066212	0.035372	0.636615	0.666817	0.243101	0.949073	0.089795	0.509444	0.200992	0.356843	0.623019	0.873755	0.622684	0.658866	0.481308	0.513383	0.911145	0.670700	0.195966	
0.282520	0.383998	0.900718	0.032522	0.105419	0.360919	0.933928	0.582485	0.623579	0.031130	0.486806	0.808455	0.059959	0.548944	0.267360	0.068176	0.183977	0.781473	0.925968	0.494858	0.047510	0.493649	0.839715	0.789120	0.281303	0.745740	0.332689	0.768298	0.273796	0.123307	0.062152	0.091036	0.643658	0.330824	0.686504	0.601013	0.681460	0.715451	0.170795	0.984469	0.324822	0.220208	0.284405	0.050159	0.305749	0.099356	0.364949	0.614029	
0.062901	0.578233	0.770535	0.483419	0.273908	0.973169	0.703442	0.896802	0.687847	0.685775	0.105517	0.530453	0.909399	0.779165	0.820201	0.282954	0.338047	0.632507	0.040433	0.560576	0.314797	0.759044	0.491383	0.046503	0.772856	0.151482	0.468211	0.289638	0.311744	0.651957	0.461997	0.015047	0.796098	0.908626	0.763481	0.150872	0.002947	0.096518	0.565762	0.673560	0.875298	0.216989	0.506977	0.721118	0.575430	0.950666	0.307986	0.837471	
0.613268	0.940615	0.215299	0.455028	0.001403	0.712575	0.694567	0.905782	0.211177	0.913374	0.629399	0.536875	0.007568	0.242256	0.453254	0.419638	0.825824	0.443272	0.451741	0.259368	0.449846	0.020309	0.358079	0.714278	0.048863	0.287410	0.262145	0.883090	0.311826	0.585266	0.205073	0.831603	0.365157	0.072020	0.173175	0.270041	0.303332	0.767434	0.216442	0.230667	0.109363	0.943566	0.342362	0.641220	0.952003	0.419268	0.231390	0.187974	
0.525746	0.413444	0.591382	0.321941	0.973836	0.556126	0.571086	0.455583	0.304870	0.051957	0.225806	0.301421	0.919664	0.334885	0.971560	0.747600	0.782853	0.196226	0.844530	0.268950	0.607543	0.008644	0.611868	0.859079	0.863375	0.563971	0.604214	0.266990	0.586082	0.674931	0.124734	0.054948	0.583575	0.281822	0.769342	0.246471	0.375846	0.555514	0.719341	0.904453	0.325629	0.671897	0.333816	0.453720	0.540762	0.477540	0.551182	0.573082	
0.783663	0.562862	0.405675	0.929891	0.064447	0.769236	0.899998	0.366503	0.142113	0.155470	0.977286	0.395827	0.737840	0.183543	0.405856	0.423778	0.611529	0.742525	0.795973	0.798725	0.157821	0.644207	0.241649	0.283446	0.049110	0.859691	0.048105	0.544445	0.128886	0.074967	0.484614	0.724261	0.485385	0.113346	0.139201	0.141777	0.480032	0.354840	0.796695	0.105443	0.077202	0.872201	0.220651	0.911252	0.144634	0.884278	0.484965	0.725390	
0.075324	0.251708	0.750808	0.511547	0.179470	0.952521	0.504673	0.821969	0.023097	0.707182	0.110816	0.593285	0.604653	0.884698	0.086102	0.059968	0.448825	0.375951	0.705162	0.430473	0.753885	0.860796	0.440958	0.840433	0.376935	0.707802	0.166049	0.743202	0.778650	0.860319	0.237988	0.026177	0.231963	0.886446	0.289627	0.821756	0.699913	0.302070	0.365317	0.604925	0.690117	0.230004	0.613814	0.626868	0.601106	0.257215	0.407474	0.525907	
0.685521	0.576563	0.729271	0.018660	0.080871	0.570055	0.463232	0.188441	0.487706	0.009515	0.391650	0.493984	0.123569	0.831850	0.034591	0.170482	0.770109	0.695261	0.145363	0.928564	0.034649	0.672423	0.673598	0.651230	0.279308	0.262825	0.297128	0.663714	0.508007	0.951741	0.853320	0.262712	0.869267	0.122809	0.671893	0.240865	0.549992	0.204423	0.774152	0.384894	0.516399	0.724419	0.404527	0.234224	0.883697	0.455133	0.308188	0.360446	
0.675817	0.192085	0.534628	0.054252	0.346239	0.308209	0.114329	0.173851	0.340822	0.444255	0.286403	0.657884	0.864444	0.907118	0.830862	0.350086	0.750819	0.854388	0.975123	0.370066	0.167315	0.441753	0.371379	0.912371	0.513874	0.457551	0.035104	0.970378	0.228452	0.072180	0.145059	0.565992	0.964438	0.181325	0.329020	0.260922	0.229666	0.777979	0.318279	0.313247	0.046976	0.632431	0.886232	0.981628	0.480305	0.173997	0.476074	0.521242	
0.160370	0.380072	0.253957	0.985726	0.343668	0.084669	0.454054	0.494100	0.168714	0.583109	0.729340	0.169630	0.618545	0.835009	0.083616	0.535130	0.058817	0.733376	0.556196	0.796398	0.482806	0.561811	0.278983	0.437890	0.182443	0.502642	0.585736	0.121428	0.015899	0.298900	0.312687	0.343501	0.749232	0.684278	0.795979	0.205292	0.361742	0.215646	0.823015	0.088421	0.674534	0.917241	0.263335	0.464552	0.995106	0.378748	0.597482	0.679297	
0.799126	0.652142	0.844250	0.873891	0.624536	0.846717	0.743072	0.453009	0.526201	0.677876	0.408920	0.068768	0.905879	0.711819	0.169765	0.850075	0.754691	0.563996	0.359650	0.804933	0.527424	0.431738	0.586788	0.688101	0.254998	0.902524	0.508405	0.067943	0.418808	0.917645	0.170878	0.557464	0.269937	0.524509	0.559348	0.613774	0.981093	0.357267	0.930259	0.680869	0.411346	0.849174	0.554685	0.334035	0.696879	0.562066	0.019400	0.793326	
0.240990	0.918925	0.647278	0.887109	0.578210	0.196252	0.289745	0.693725	0.460514	0.620841	0.460016	0.988693	0.206556	0.024653	0.670289	0.515294	0.135814	0.711616	0.966917	0.411463	0.843102	0.053595	0.484836	0.833937	0.290218	0.960550	0.409654	0.907129	0.500002	0.842165	0.749760	0.081570	0.791677	0.668666	0.391911	0.303721	0.687844	0.367860	0.104635	0.118031	0.656575	0.145087	0.027825	0.682438	0.983997	0.698118	0.882063	0.619331	
0.572873	0.432334	0.368127	0.199798	0.093370	0.228652	0.769455	0.592859	0.425264	0.492258	0.790162	0.980916	0.699300	0.507916	0.458721	0.255102	0.415244	0.996378	0.423491	0.839342	0.763833	0.714867	0.414677	0.959318	0.045672	0.293030	0.626272	0.609994	0.952980	0.906934	0.245157	0.443294	0.849473	0.443773	0.635848	0.789825	0.351109	0.932970	0.812419	0.605727	0.343863	0.693926	0.172703	0.295707	0.421829	0.537383	0.364677	0.327388	
0.420350	0.487114	0.054275	0.455880	0.781631	0.171169	0.281137	0.452142	0.675653	0.595135	0.449987	0.974038	0.093483	0.538802	0.492099	0.672310	0.637350	0.968647	0.436363	0.097009	0.813376	0.812044	0.045075	0.719513	0.410254	0.569083	0.205491	0.732057	0.054543	0.757135	0.137049	0.459091	0.588869	0.466024	0.852264	0.243225	0.831213	0.760154	0.319456	0.597015	0.794316	0.589950	0.709221	0.298781	0.592866	0.310406	0.485361	0.504314	
0.197234	0.099461	0.533372	0.715139	0.397957	0.240872	0.954961	0.447122	0.003987	0.749084	0.359080	0.476971	0.103782	0.681860	0.556873	0.663373	0.156512	0.803606	0.105521	0.054469	0.994038	0.220890	0.133229	0.698276	0.705085	0.850423	0.495226	0.016110	0.114770	0.188152	0.884144	0.425751	0.614359	0.730540	0.748102	0.223357	0.080350	0.691139	0.112260	0.350794	0.836775	0.881509	0.528611	0.931010	0.595588	0.315025	0.970687	0.520388	
0.970133	0.304926	0.035936	0.460374	0.972531	0.329865	0.540928	0.902134	0.881877	0.709705	0.681261	0.053869	0.759878	0.756582	0.109670	0.315610	0.527898	0.798038	0.148819	0.680120	0.409925	0.206140	0.690645	0.328557	0.891917	0.983009	0.678977	0.850029	0.405771	0.169419	0.883581	0.595244	0.105565	0.975313	0.651694	0.375734	0.665419	0.012473	0.690148	0.928585	0.379291	0.155244	0.948472	0.497123	0.611883	0.869685	0.151572	0.906943	
0.858211	0.511521	0.537689	0.571525	0.469129	0.559172	0.925027	0.741343	0.399352	0.362586	0.901860	0.702068	0.526251	0.009207	0.036682	0.934960	0.798405	0.404799	0.333736	0.539202	0.560321	0.962144	0.586131	0.789666	0.600074	0.333306	0.011961	0.015676	0.607127	0.216035	0.941032	0.538702	0.597476	0.075531	0.919825	0.734078	0.713106	0.965494	0.399708	0.284718	0.907411	0.501716	0.653398	0.457584	0.542275	0.904333	0.824614	0.222744	
0.386537	0.353302	0.913007	0.786509	0.783602	0.925349	0.507164	0.183092	0.828091	0.333947	0.202199	0.742014	0.465151	0.227781	0.089384	0.711854	0.748799	0.782284	0.152536	0.287918	0.320796	0.119448	0.423334	0.242535	0.987347	0.732915	0.368014	0.934020	0.121277	0.122929	0.612326	0.686581	0.899940	0.022931	0.037657	0.988614	0.524116	0.186414	0.410601	0.198876	0.005431	0.587494	0.406719	0.206609	0.683315	0.738656	0.164322	0.656766	
0.894102	0.116738	0.990546	0.290213	0.213413	0.462113	0.905576	0.021962	0.592779	0.284452	0.130970	0.527494	0.820600	0.109927	0.691387	0.049184	0.446389	0.517248	0.271273	0.951598	0.284088	0.108700	0.074700	0.100671	0.740118	0.666977	0.876184	0.685374	0.460621	0.681706	0.561994	0.737496	0.896812	0.445319	0.062205	0.652771	0.810629	0.535957	0.892133	0.552808	0.021751	0.503339	0.414256	0.594719	0.984014	0.026885	0.007315	0.554391	
0.019125	0.072211	0.396628	0.427623	0.486454	0.092585	0.600207	0.010837	0.865179	0.519893	0.702890	0.154312	0.391037	0.232913	0.945578	0.302479	0.787014	0.046032	0.099673	0.390898	0.437235	0.964713	0.128877	0.659400	0.489727	0.273491	0.293904	0.879521	0.609000	0.083293	0.899738	0.519280	0.760462	0.870395	0.038967	0.446261	0.744777	0.513644	0.386524	0.867710	0.352336	0.068868	0.569004	0.331182	0.060823	0.732581	0.800247	0.647314	
0.817173	0.420844	0.779002	0.332342	0.278078	0.397433	0.019030	0.540853	0.406345	0.017607	0.558109	0.153353	0.763264	0.579494	0.137794	0.124220	0.744516	0.811107	0.412168	0.047297	0.989436	0.354849	0.709874	0.379832	0.505422	0.091569	0.746227	0.682464	0.130855	0.073001	0.488765	0.223616	0.742284	0.756799	0.178173	0.844698	0.248827	0.176075	0.095248	0.074920	0.953345	0.664202	0.411411	0.209062	0.608623	0.810915	0.479283	0.330669	
0.069255	0.376018	0.891564	0.415038	0.420263	0.099092	0.147019	0.116181	0.340501	0.799935	0.127048	0.294178	0.291059	0.833059	0.139625	0.991909	0.251196	0.456309	0.588643	0.283151	0.462460	0.524417	0.556255	0.709843	0.420980	0.648668	0.518775	0.283699	0.047939	0.580177	0.280485	0.396444	0.940013	0.674441	0.724100	0.537562	0.339835	0.796039	0.702576	0.792846	0.015659	0.671583	0.384359	0.344269	0.072039	0.619862	0.496531	0.884206	
0.869059	0.965201	0.516240	0.779719	0.564741	0.752164	0.081639	0.390873	0.986523	0.631733	0.017738	0.803181	0.900448	0.442302	0.439349	0.833523	0.885156	0.901568	0.301487	0.257470	0.257045	0.133545	0.554644	0.435983	0.586875	0.912049	0.043718	0.694391	0.138273	0.341145	0.463202	0.886029	0.973393	0.749754	0.468884	0.141107	0.016858	0.064614	0.799072	0.112669	0.568314	0.990560	0.739948	0.556198	0.821645	0.455842	0.072012	0.633205	
0.129468	0.320284	0.390183	0.324282	0.736044	0.978542	0.889493	0.921062	0.115929	0.069839	0.596574	0.734098	0.523380	0.703066	0.531812	0.640796	0.719230	0.259633	0.422471	0.516453	0.972810	0.693631	0.586206	0.320110	0.526315	0.558012	0.015985	0.541108	0.482050	0.134756	0.580445	0.675142	0.736632	0.409088	0.518690	0.317618	0.420537	0.353804	0.625941	0.708877	0.063863	0.275146	0.559000	0.619213	0.060428	0.054912	0.529522	0.940549	
0.664829	0.425256	0.275179	0.675019	0.754122	0.702458	0.702737	0.532321	0.678225	0.846447	0.623721	0.278274	0.219630	0.325022	0.063241	0.015305	0.615208	0.911590	0.183435	0.586103	0.615431	0.317621	0.699896	0.084767	0.657408	0.615345	0.396875	0.965277	0.226806	0.365655	0.555870	0.018118	0.821521	0.061466	0.516317	0.942513	0.936129	0.449916	0.110074	0.014146	0.465898	0.048611	0.523110	0.479276	0.304187	0.039964	0.225892	0.031136	
0.987789	0.052368	0.740170	0.635854	0.255014	0.312325	0.620454	0.132571	0.955961	0.949123	0.195070	0.228987	0.273331	0.359314	0.327032	0.546636	0.483051	0.818928	0.593885	0.899521	0.540552	0.213988	0.538317	0.247357	0.527741	0.973349	0.624880	0.222067	0.471287	0.397434	0.971830	0.113141	0.543073	0.678103	0.386851	0.985858	0.789471	0.088409	0.546405	0.822066	0.532246	0.796956	0.997751	0.055336	0.600404	0.267357	0.396839	0.027115	
0.312568	0.076871	0.282843	0.626822	0.262575	0.400101	0.050997	0.883126	0.017581	0.740369	0.699105	0.484370	0.248476	0.871743	0.132226	0.585228	0.604076	0.144212	0.724829	0.959233	0.486266	0.796384	0.581501	0.120507	0.359593	0.614414	0.656582	0.358208	0.850511	0.550373	0.128809	0.427530	0.797701	0.619804	0.342778	0.509934	0.938371	0.366308	0.985828	0.118955	0.347691	0.404120	0.832153	0.909331	0.992278	0.665401	0.595304	0.853971	
0.664675	0.915535	0.052813	0.836496	0.731786	0.511057	0.689618	0.063036	0.363380	0.041582	0.229483	0.878197	0.410616	0.342847	0.636530	0.398926	0.670594	0.308657	0.739929	0.714591	0.347956	0.189330	0.855659	0.074884	0.719521	0.414572	0.067378	0.170765	0.836367	0.483915	0.710430	0.774102	0.197301	0.104431	0.227911	0.408945	0.044670	0.613442	0.850640	0.119367	0.804791	0.519166	0.826707	0.350165	0.203542	0.135972	0.716921	0.294995	
0.992832	0.851452	0.218448	0.796611	0.858671	0.163446	0.098379	0.279473	0.816751	0.775340	0.488568	0.306533	0.959584	0.606082	0.352578	0.590727	0.300503	0.566154	0.702576	0.782068	0.772818	0.270558	0.228326	0.774366	0.348669	0.688535	0.675211	0.529347	0.437573	0.311300	0.036506	0.135561	0.344207	0.855959	0.064480	0.608030	0.583541	0.708494	0.428618	0.856944	0.032566	0.614524	0.540547	0.342572	0.279301	0.768270	0.555901	0.652815	
0.605546	0.946891	0.146802	0.507323	0.433508	0.542210	0.698677	0.639414	0.944632	0.439020	0.397810	0.463299	0.435465	0.992917	0.135401	0.891473	0.154507	0.410973	0.393284	0.031653	0.134113	0.688920	0.973016	0.564033	0.582271	0.402827	0.784646	0.657191	0.097695	0.211477	0.295840	0.974043	0.941314	0.751657	0.303312	0.161392	0.357172	0.270215	0.178645	0.247836	0.837301	0.740997	0.516789	0.842058	0.048296	0.847581	0.156486	0.794484	
0.206640	0.432399	0.329450	0.947378	0.444102	0.016809	0.051842	0.383664	0.915308	0.511091	0.522849	0.046582	0.406684	0.915282	0.715787	0.660970	0.255906	0.432380	0.687160	0.271978	0.597352	0.754009	0.553432	0.538337	0.262334	0.900837	0.402577	0.356329	0.841583	0.372431	0.981377	0.479797	0.126769	0.822640	0.291935	0.945191	0.383404	0.538480	0.836873	0.405576	0.126245	0.884390	0.253833	0.338082	0.512331	0.652785	0.743913	0.730992	
0.044758	0.684612	0.648249	0.225979	0.329003	0.968490	0.841277	0.265084	0.680479	0.496343	0.390193	0.029727	0.544939	0.396232	0.815093	0.159535	0.680855	0.196544	0.473949	0.360759	0.186983	0.968829	0.703315	0.995782	0.383387	0.318105	0.326551	0.676103	0.030343	0.160341	0.199559	0.705287	0.164022	0.209519	0.324355	0.440924	0.899526	0.539598	0.643666	0.986634	0.027505	0.800633	0.652571	0.225545	0.549072	0.528349	0.705761	0.629044	
0.135468	0.507754	0.408841	0.971161	0.358431	0.911208	0.046140	0.029151	0.202581	0.427700	0.306520	0.538065	0.039130	0.604222	0.300051	0.614674	0.071830	0.895341	0.071105	0.789038	0.377262	0.431633	0.598088	0.497046	0.290567	0.655821	0.577991	0.452679	0.260301	0.362013	0.290168	0.995871	0.099113	0.842669	0.757715	0.599754	0.331952	0.558379	0.492171	0.730708	0.980172	0.379826	0.580415	0.175285	0.889407	0.401068	0.513984	0.541573	
0.288152	0.783315	0.015947	0.180844	0.414457	0.277938	0.794648	0.689365	0.395176	0.332983	0.901696	0.816307	0.045566	0.970677	0.614315	0.172647	0.896491	0.948333	0.339032	0.260337	0.868399	0.660116	0.546922	0.437866	0.418673	0.917689	0.279118	0.111471	0.951371	0.884235	0.594398	0.468152	0.012845	0.403327	0.545661	0.105366	0.201940	0.077106	0.114964	0.690960	0.285822	0.854005	0.342644	0.889625	0.047625	0.859701	0.830741	0.132911	
0.744338	0.195463	0.199903	0.704059	0.066312	0.150705	0.296137	0.714913	0.450314	0.146900	0.534395	0.086974	0.810383	0.224042	0.274529	0.484711	0.893192	0.308866	0.981004	0.494939	0.794090	0.228593	0.487310	0.672187	0.512425	0.730582	0.855611	0.628839	0.764231	0.307118	0.209835	0.057627	0.472003	0.196124	0.379417	0.500323	0.336707	0.263734	0.672421	0.761641	0.755007	0.231666	0.309779	0.276612	0.713387	0.112770	0.375560	0.026250	
0.536889	0.300570	0.913436	0.089813	0.529808	0.074159	0.289468	0.387075	0.328023	0.655094	0.479245	0.711811	0.515437	0.115854	0.994977	0.738560	0.364477	0.448172	0.840021	0.528056	0.891533	0.572058	0.438015	0.225477	0.577874	0.403839	0.812277	0.249751	0.940231	0.218711	0.507709	0.467074	0.996399	0.150100	0.453232	0.206250	0.280371	0.525765	0.737442	0.484424	0.631812	0.372435	0.003913	0.771803	0.987792	0.879352	0.947784	0.367688	
0.261673	0.780604	0.195944	0.059669	0.765162	0.194701	0.336676	0.817920	0.567387	0.412578	0.812541	0.515443	0.174895	0.295834	0.741221	0.066863	0.181310	0.717799	0.834322	0.853568	0.362902	0.102088	0.727393	0.668067	0.110362	0.866078	0.265026	0.723236	0.776316	0.562601	0.682591	0.520431	0.476931	0.241154	0.015699	0.910737	0.142991	0.078179	0.932833	0.165163	0.826891	0.966098	0.412763	0.531837	0.708403	0.706616	0.723902	0.254896	
0.465277	0.512086	0.590773	0.859577	0.435649	0.604148	0.684002	0.411678	0.800553	0.602809	0.067110	0.402394	0.229084	0.166508	0.336056	0.153819	0.917455	0.282309	0.088728	0.241991	0.079642	0.892859	0.615451	0.274537	0.682313	0.629319	0.011993	0.524937	0.140723	0.194063	0.112850	0.278113	0.013787	0.538531	0.702309	0.626892	0.626662	0.545595	0.824289	0.658116	0.697479	0.256025	0.319149	0.950549	0.472408	0.936651	0.492494	0.615561	
0.775186	0.608796	0.934615	0.259445	0.755440	0.803391	0.625173	0.086330	0.748943	0.032123	0.123318	0.527963	0.127283	0.180982	0.679378	0.126057	0.950636	0.932058	0.970541	0.446530	0.996545	0.305710	0.711427	0.944369	0.734396	0.528461	0.959164	0.453439	0.521038	0.706225	0.430965	0.654979	0.567135	0.266853	0.778542	0.263657	0.963303	0.396804	0.961407	0.135100	0.317666	0.553516	0.719986	0.363278	0.641376	0.441440	0.901785	0.453942	
0.683457	0.006596	0.434177	0.237085	0.839620	0.072210	0.975061	0.496830	0.870871	0.569557	0.057300	0.831881	0.002337	0.771016	0.369740	0.373042	0.945753	0.515195	0.649891	0.777409	0.386168	0.290539	0.056929	0.653957	0.837714	0.518656	0.156348	0.593690	0.623857	0.062807	0.589664	0.046794	0.815487	0.915347	0.314269	0.954890	0.542375	0.061667	0.032798	0.527104	0.939137	0.765526	0.396297	0.254171	0.723922	0.013751	0.752827	0.849004	
0.622534	0.033692	0.457107	0.637239	0.234011	0.598787	0.414529	0.137321	0.171650	0.449151	0.262063	0.588102	0.020300	0.299571	0.662398	0.341440	0.912926	0.221734	0.363714	0.369515	0.557880	0.864534	0.094192	0.326075	0.904701	0.833789	0.478548	0.152749	0.023744	0.271974	0.600895	0.971074	0.988546	0.883854	0.051782	0.949984	0.221671	0.582071	0.816372	0.581705	0.683371	0.887837	0.837386	0.660766	0.492906	0.547272	0.546154	0.607623	
0.711155	0.886959	0.744846	0.372599	0.651461	0.282379	0.862816	0.188907	0.279579	0.708106	0.117330	0.978094	0.301613	0.704038	0.043712	0.382467	0.803138	0.517804	0.106370	0.514500	0.845074	0.225665	0.660963	0.254077	0.491316	0.057505	0.331056	0.218884	0.560965	0.480436	0.234583	0.359544	0.132329	0.585704	0.767752	0.996530	0.897082	0.320716	0.636767	0.498586	0.536976	0.736730	0.591691	0.500702	0.878536	0.757333	0.844041	0.150840	
0.994225	0.215069	0.836748	0.374804	0.433794	0.291875	0.270313	0.198643	0.346552	0.675322	0.890987	0.090899	0.157162	0.882642	0.965108	0.977573	0.770026	0.721311	0.404240	0.340604	0.791635	0.908594	0.422940	0.869238	0.042611	0.707736	0.720584	0.703121	0.646866	0.878948	0.619246	0.571308	0.049162	0.996046	0.388734	0.291435	0.969130	0.242318	0.307267	0.161563	0.656116	0.283476	0.667933	0.254444	0.572361	0.926773	0.989912	0.580879	
0.790700	0.492476	0.913575	0.359804	0.983941	0.274775	0.713678	0.641085	0.305636	0.746493	0.911158	0.288368	0.134329	0.675126	0.713223	0.163316	0.832930	0.683358	0.439703	0.629210	0.645284	0.714851	0.340323	0.728756	0.280497	0.619528	0.476186	0.675174	0.123038	0.734757	0.606304	0.340184	0.553864	0.185739	0.066703	0.417211	0.718935	0.070950	0.487998	0.705216	0.274955	0.960149	0.232642	0.361656	0.985622	0.191941	0.994485	0.031160	
0.555666	0.541916	0.031849	0.334357	0.091188	0.810041	0.205014	0.347680	0.840002	0.231109	0.943152	0.428323	0.689177	0.520700	0.152388	0.232011	0.768760	0.330423	0.733053	0.551392	0.070088	0.403428	0.876689	0.755070	0.058937	0.789335	0.578945	0.930862	0.837922	0.951784	0.003423	0.698364	0.957722	0.572791	0.693568	0.515017	0.485615	0.038758	0.669553	0.078996	0.780008	0.730579	0.085988	0.627076	0.113004	0.914220	0.762655	0.888609	

Printing Matrix C
14.409096	11.844409	13.705453	11.129636	11.971582	11.864810	13.743985	10.801388	12.848724	12.632784	12.363132	11.907426	11.124316	12.654624	10.774573	10.605922	15.246648	14.263923	12.102658	13.698508	12.927008	12.386944	12.825211	13.578724	12.228017	14.995938	10.849477	13.236573	12.096776	11.171033	11.918157	11.539603	14.069946	11.757349	11.627274	12.768661	14.078157	9.367652	14.050726	12.195168	12.458521	15.193558	12.128560	12.016761	13.776899	13.692214	14.077043	11.539688	
12.084931	10.128769	11.144791	10.536343	10.464918	10.834630	10.564194	10.331044	10.747434	9.860953	10.925135	9.683392	10.912243	10.914969	9.202652	9.416965	12.303973	12.235768	10.731843	10.971706	11.728218	10.484802	10.613691	12.191556	10.309886	12.376915	9.488000	11.849258	10.458195	9.536837	9.721505	9.963650	11.701844	10.173469	10.036773	11.141933	11.991877	9.096927	12.214900	10.209516	10.487808	12.306064	10.477635	9.789472	11.934333	12.872652	11.442636	10.939888	
12.857498	10.501269	12.116657	9.967875	9.723664	10.605930	11.161711	10.305900	11.789520	10.989536	9.989454	10.855351	9.393585	12.434201	8.826287	9.095106	13.487340	12.864923	11.492421	12.026134	10.669544	10.670337	11.725791	12.653423	10.539003	13.648532	9.822471	12.989677	10.692339	10.279603	10.276294	10.045213	12.849723	11.354720	10.802251	10.967613	12.974498	7.711560	12.893429	10.622119	11.632071	13.302097	11.192471	10.714559	13.328711	11.621033	11.835181	10.866157	
11.774847	11.093976	12.068220	9.913591	10.041661	9.635527	10.695973	10.547495	10.544713	10.135269	10.682225	10.466574	10.262815	12.323682	10.304539	10.187957	12.216588	12.417219	11.314935	10.425494	12.467827	10.028247	11.503447	12.444443	9.765308	12.306511	9.854588	11.190776	11.623720	10.152306	10.769569	10.032483	12.056079	10.826414	10.704403	9.936119	10.956248	8.439603	11.767483	10.593917	11.161088	12.902848	9.108480	10.360720	11.974986	12.867229	12.805109	10.575082	
12.455123	11.574225	12.778122	11.719763	11.441720	11.630740	13.290373	9.944562	11.728242	11.099910	10.728550	12.696841	10.423584	11.484222	12.055357	10.738833	14.620414	13.367880	11.683873	12.174629	12.671912	11.766741	11.347261	13.403665	11.613535	14.363557	9.247315	12.118971	11.360679	10.479517	11.826284	11.890735	13.835668	11.425420	11.161431	11.932822	12.679069	10.807897	13.651069	11.887736	10.954775	14.472867	11.496383	11.944950	13.089237	12.349602	13.423486	12.192009	
13.619768	11.683326	12.323278	11.469133	10.830503	11.573369	11.535334	9.902909	12.213605	10.242836	9.547732	11.401218	11.909972	13.065800	10.203755	11.219266	14.168709	13.448648	12.056634	10.971223	12.617615	10.248298	11.874278	13.825086	11.158143	13.242797	10.320569	12.748870	10.322969	10.333693	10.210603	10.856144	13.833666	11.249648	11.491647	11.439898	12.661299	9.996560	12.801105	11.126882	11.120360	14.364858	10.931237	10.830787	13.033908	11.664225	12.409850	12.030134	
11.603807	10.243684	11.759472	9.746789	9.160573	10.760799	11.388441	8.712194	9.569446	8.854214	8.690324	10.799926	9.707995	10.034251	9.328080	8.867818	13.102052	11.789656	9.779441	10.392649	10.636130	9.384383	10.358743	10.402945	10.349590	11.381350	7.885796	10.317916	9.100178	8.665377	10.669933	10.051817	12.306530	8.646860	9.175219	10.683462	10.479766	8.688067	11.502555	8.873572	9.538122	12.509047	9.904455	10.133406	11.712643	10.542838	11.011039	9.828046	
15.260369	12.476317	15.202166	12.203902	12.442252	13.049911	13.622583	10.752601	13.748833	12.465300	11.049670	13.444710	11.990457	13.618130	10.763778	11.780371	16.111255	15.000339	13.020889	13.707297	12.306484	12.213279	13.580230	13.752875	13.721660	15.286664	11.037765	14.390454	11.439150	10.782532	11.660196	12.567688	16.421370	12.083330	12.067295	13.691457	14.203730	10.723169	14.915857	12.608710	12.524059	16.312149	12.461743	12.805493	14.949427	13.903740	13.547976	13.070302	
14.297999	11.754042	14.513395	12.622312	11.107263	12.112508	12.737681	10.420991	11.768166	12.126094	11.302812	11.985131	11.371038	12.679345	11.498446	11.785376	14.596061	14.512774	12.695142	12.957330	13.056912	11.205287	12.340007	14.226654	11.415085	14.796127	11.135885	12.466149	12.173960	11.514674	11.289139	11.762584	13.757162	11.117316	12.290815	12.270513	13.428447	10.764112	14.421779	11.567487	12.144925	15.061276	11.628728	11.702990	15.160977	13.448385	14.035028	11.788112	
14.124249	12.473553	13.799282	12.712385	11.004888	13.129810	13.341694	11.650890	12.610129	12.697633	10.893988	12.592632	11.874937	12.908421	10.236277	11.100085	15.707221	13.747799	11.612036	12.973961	12.143687	12.473597	12.301456	13.690488	12.332296	14.245824	10.067192	13.501327	10.878495	9.867944	11.850002	11.492237	14.333590	11.930632	10.653619	13.222839	13.425607	10.221820	13.517715	11.877704	11.530853	15.330802	12.487708	11.985428	14.236033	13.129247	12.890545	12.493631	
13.949989	12.052921	12.683336	12.491605	11.922012	11.240902	12.817740	12.487439	12.945362	11.917463	12.203766	12.303241	11.595626	13.990666	10.453196	11.151893	15.209133	14.748547	12.886835	12.716776	13.703585	11.379348	12.771913	13.637895	12.193173	14.864735	10.379755	13.633361	12.066658	10.714333	12.840463	11.327174	14.627539	12.419816	11.608092	12.793714	13.270553	9.337445	13.572823	10.799702	13.077224	15.748903	11.635497	12.427935	14.509751	12.785575	14.263290	11.857206	
12.526468	10.733068	12.800092	11.135267	10.341323	12.102032	11.940781	10.749423	11.492999	10.770550	10.789565	11.033651	11.217911	12.447510	10.296822	10.478618	14.174921	12.721399	12.258108	11.817351	12.148669	12.487175	12.223658	13.395089	11.454964	14.015059	10.189944	12.454239	10.755349	10.180658	10.920986	11.283607	14.071143	11.156826	10.940581	11.680912	12.642111	9.660934	13.816039	11.713419	11.365915	14.309889	11.728052	12.275083	12.992125	13.010057	13.075588	12.112141	
11.894486	9.949566	12.200507	10.450597	10.350118	11.154310	11.910386	10.472767	10.698599	10.888284	11.312881	10.680317	11.031854	11.464059	10.324809	10.430521	12.995966	12.269211	10.914504	11.797482	11.965199	10.449954	10.667781	12.275184	10.744804	12.836376	10.079755	12.618128	11.140656	9.173874	10.533654	10.499881	13.619250	10.195343	10.215104	10.577406	12.498234	9.446729	11.973671	10.585360	9.833967	12.176057	10.500660	11.302450	12.205650	12.200988	12.447828	11.606033	
14.648574	11.785582	13.795539	12.057754	13.069489	12.532535	13.427388	10.795518	12.289299	11.955254	10.874357	12.420850	11.132301	13.044872	10.217625	11.080027	15.460726	13.888985	11.482956	12.472491	13.594053	11.504270	12.044366	12.875425	13.400587	13.446842	10.755735	13.704859	10.421453	10.152325	11.649515	11.606819	15.156988	11.744890	11.122174	12.724719	14.282473	9.867625	13.066551	11.544148	12.137493	15.044493	12.400152	11.689438	14.761876	12.896069	13.317800	12.265889	
13.814621	11.380176	13.144530	11.970706	11.395656	12.261247	12.466586	11.875858	12.555665	12.284313	12.062318	11.147587	12.590958	14.060337	10.267985	11.727399	14.609779	14.017728	12.608703	11.873433	12.501415	12.272525	12.974366	13.776640	11.622552	14.454684	10.295656	14.422447	10.668699	10.566318	10.739512	11.497185	14.490839	11.758800	11.512182	12.381445	13.959120	10.683481	13.408226	11.974386	10.616222	14.748375	11.967095	12.326284	12.916202	13.354595	12.701168	12.866063	
12.060020	11.176586	13.028418	11.552128	11.543540	12.006706	12.006739	11.245865	12.469254	11.270429	10.730940	10.583570	10.978838	12.800291	10.251174	10.501449	13.996064	12.811429	11.941082	12.027746	11.814673	11.163906	12.389014	12.945836	12.047667	14.251194	9.772133	13.030053	11.130395	9.897050	11.849790	10.871511	13.803599	11.996621	11.206151	10.925945	11.984914	7.931203	13.629511	11.059127	12.258415	14.248262	10.241933	12.134925	12.967967	13.395922	13.631231	12.644515	
12.993117	12.249099	11.605182	11.143748	11.907830	10.545315	12.921181	11.331459	11.643354	11.549717	11.250307	13.373625	10.798532	13.632057	9.972170	10.848298	13.937360	14.407132	11.832960	12.576546	12.148702	11.361725	11.941899	13.201522	10.813120	13.780085	9.407549	12.615486	11.081778	10.874843	10.665790	10.755757	14.428345	11.216442	12.219127	11.500110	12.180881	9.834880	13.027120	11.340910	11.557509	14.674126	10.682769	12.189124	13.324075	12.558738	12.876423	12.689308	
13.157298	12.309433	11.777666	13.373522	11.505914	11.421873	12.945525	10.653726	11.777434	11.887250	11.589114	11.845925	11.192288	12.419840	10.336439	10.656641	14.716370	13.783604	11.069732	12.586209	12.638439	11.435920	11.495470	13.149308	11.227473	14.597137	10.067577	12.055770	10.688385	10.711242	11.461565	11.122789	13.132775	12.189580	11.598193	12.108504	13.135032	9.796819	13.484106	11.949673	12.175512	14.827622	11.831061	11.671927	14.118072	13.743094	13.394354	12.592340	
10.086312	8.989200	10.972467	9.801825	9.281780	9.542535	9.202723	8.522480	9.434396	9.302183	9.121496	8.555866	9.193445	10.568302	9.185544	9.147210	11.422852	10.358140	10.418151	10.097992	10.416244	9.701271	10.284830	11.718271	9.357633	11.584668	8.556680	10.950946	9.835362	8.624132	9.512202	8.828423	10.446058	10.079016	9.373100	8.720503	11.080913	7.949124	11.333677	9.748935	9.386811	10.650236	9.392893	9.831538	10.745469	11.002628	11.920259	10.113550	
13.833628	12.858555	14.800976	13.275354	12.795561	12.816545	13.877480	12.052877	13.685489	12.816133	11.996169	13.287986	12.658848	14.871259	12.186249	12.515895	15.976279	15.182249	13.652906	12.589517	14.347228	14.177485	13.432879	16.303139	12.968603	15.380203	10.542371	14.412980	12.724072	11.592400	12.962492	12.325560	14.932195	13.445429	13.115317	14.004289	14.211662	11.371824	14.419478	13.278519	14.011850	16.086473	12.832975	12.578668	14.538271	15.055012	15.493993	13.939427	
12.031504	10.231843	12.183401	10.695359	10.439233	10.360592	10.911160	9.333726	12.171135	10.858343	9.583866	11.012565	10.350411	11.313896	9.375109	9.708417	12.776357	13.465395	10.738890	11.628185	11.031189	10.644238	10.789541	11.817867	10.790118	13.068728	9.416751	11.921100	9.854730	9.244892	10.635805	9.592643	13.114518	11.048802	10.046906	11.242309	11.920102	8.537315	12.266407	10.406589	10.214540	12.507894	10.720617	10.359982	12.409709	12.284387	11.517357	11.292105	
14.034519	11.910754	13.531303	12.614671	11.306821	11.487465	12.990038	12.364231	12.037677	12.090457	11.850078	13.463102	12.010086	13.410634	10.507712	11.968107	14.955540	14.349060	13.809074	14.295143	13.032699	11.861906	12.172678	14.037242	11.198954	14.792681	9.848473	13.682316	12.531019	11.629677	11.956963	10.558862	14.960348	11.973409	11.953454	12.759605	13.770313	10.320953	14.535600	12.110121	12.056778	14.912162	10.811507	12.469286	15.125165	13.701255	14.339689	12.938532	
12.923265	12.173616	14.052582	11.867793	11.356775	11.596285	12.950488	11.316794	12.070407	12.459689	11.029401	12.472566	11.455072	12.802488	10.963848	10.804786	14.310885	14.226847	11.444835	11.802202	13.050204	12.733548	11.805663	13.425798	12.141069	14.019505	10.742068	12.616557	10.616097	10.534030	11.666114	10.401486	14.644606	11.797811	11.942588	12.200820	12.836405	9.997179	13.085951	12.228682	12.154951	15.146445	10.898238	11.800863	13.995412	13.590487	13.408799	12.165336	
12.075523	10.580634	13.063339	10.579129	9.772921	11.190688	10.802815	10.065299	10.677890	10.827808	9.019168	11.058964	10.165193	11.726990	8.938734	9.598587	12.481850	13.251309	9.965482	11.337953	11.003520	9.783816	10.590853	11.226198	10.947946	12.029876	8.924446	12.002296	9.602794	9.307492	10.348662	9.585797	12.556898	10.699456	10.795284	10.439907	11.485279	8.217768	11.621295	10.246383	12.087904	13.033410	10.000672	10.418919	14.193166	12.100942	11.120668	10.629109	
11.052512	10.003934	12.223938	11.101763	9.868768	10.050989	10.539602	9.260767	10.686058	11.560661	9.738423	10.060304	8.462994	11.511385	9.784986	10.340489	11.759516	12.495949	10.093508	11.077873	12.133311	11.429670	10.680319	11.788880	10.188129	12.551599	9.637563	11.128123	9.380148	9.512045	11.614387	9.825465	12.838770	12.146125	9.876388	11.606830	11.432663	9.019369	11.434840	10.092404	11.565435	12.534518	10.632820	9.984497	12.868783	11.803170	12.560720	10.816372	
12.268336	10.064657	12.592283	10.222432	10.678338	10.033230	11.973787	9.915563	11.359818	10.908254	10.160380	11.288988	9.626530	12.451636	10.198416	10.508242	13.486639	12.992946	10.788925	10.557197	11.817515	10.592323	11.461333	11.991253	11.435118	13.067251	8.663253	11.642324	10.611195	8.890896	11.820560	9.546895	12.722197	10.663645	10.575116	11.939485	11.687181	9.120147	11.019084	10.786100	10.797707	13.178329	10.855262	10.656419	11.733471	12.204922	12.917638	10.651907	
11.178643	9.816276	11.619046	11.102936	9.033129	9.997202	9.920131	9.096396	10.435110	10.950977	10.659418	9.933725	9.198642	12.503395	9.930239	9.761894	11.844746	12.874774	10.504768	10.618832	11.416312	11.434069	9.940241	13.011165	9.166756	13.195471	8.883149	12.087345	9.548302	10.236184	11.095265	10.401780	12.509376	12.125079	9.492255	10.998623	11.160087	9.360372	11.159616	10.157729	10.982589	13.428926	10.411857	10.481664	11.944618	12.110711	12.626847	11.068740	
13.986401	11.535291	13.863388	12.769005	12.735416	11.119078	12.323826	10.988412	12.615997	12.595808	11.282023	11.978390	10.701497	12.782449	10.117226	10.946809	14.344588	15.383050	12.024807	12.081843	13.485170	11.191148	12.018766	13.279174	11.814148	14.999976	9.959963	14.078905	10.725922	9.870141	12.028135	10.521200	13.503867	12.301446	11.517703	12.999639	13.755343	9.279844	12.623490	10.832044	12.330510	14.085626	11.769008	11.323543	15.000751	13.074818	13.545549	12.101831	
11.321667	10.153116	11.177412	10.349765	10.275207	9.607382	10.360505	8.678292	10.386742	9.785383	10.011006	9.943045	8.954449	11.842903	9.113487	9.724761	11.641551	12.190280	10.915431	10.436017	11.830949	9.553266	10.877305	11.372336	9.888471	12.228527	9.004898	10.638231	10.304115	9.093850	9.969859	9.848774	11.363142	9.901832	9.762191	10.185899	10.800225	8.470273	11.083158	9.886143	9.602123	12.789991	10.215112	9.509529	11.230486	11.291016	12.279179	9.953196	
14.108135	13.422649	13.962743	13.375821	11.437904	12.975320	13.046165	11.683354	13.271664	12.838658	11.146374	13.603000	12.206859	13.250389	11.343732	12.360376	15.290200	15.825099	12.000216	12.645134	13.210377	11.844294	13.267454	13.977782	12.904448	15.590607	10.672631	13.477151	11.767085	11.134462	13.680759	13.017088	14.111734	12.746723	11.710646	12.706162	13.095270	10.655108	14.405026	11.729120	12.142556	15.923772	12.906505	12.944269	14.586998	14.834878	13.509256	12.552362	
13.023996	11.232514	12.497570	10.132156	11.757995	11.654137	12.546645	10.890379	11.477839	11.494950	11.137259	11.837821	10.168248	13.071592	10.933755	9.950264	14.621949	13.355497	12.367216	12.342604	12.335284	11.216485	12.324869	13.830609	11.138624	14.268585	10.385797	13.200161	11.187003	10.034705	9.636435	11.010117	12.829590	11.289787	10.905462	12.003276	12.948760	9.277151	12.659739	12.539478	11.057983	13.932376	11.758184	11.361897	13.549268	12.013106	13.490795	12.191968	
15.328037	13.949835	14.112796	14.032256	12.563607	13.245779	14.900944	12.639814	14.412690	13.321926	13.445205	14.369021	12.738549	13.787680	11.681728	11.457605	16.676218	16.564409	13.074574	15.269327	14.840494	12.706562	13.940028	14.559077	12.806189	16.779864	12.011134	15.679313	14.146175	12.554616	13.685722	12.117098	15.423254	13.570376	12.717263	14.184635	15.045387	10.575943	15.308368	12.652899	13.401023	15.802836	12.248365	13.724058	15.744118	14.806565	15.040160	13.418507	
13.489656	13.036061	14.483193	13.303148	12.195874	13.362373	14.580590	13.027936	13.287404	12.807270	13.438583	14.410313	11.528259	13.538700	11.339172	12.008871	16.115099	15.778449	13.682423	14.097890	13.870200	12.965222	13.848835	15.581554	13.093964	16.163982	10.969559	15.957692	12.488308	11.284696	13.156361	12.647168	16.794564	12.140826	13.510498	13.650119	14.971155	11.988718	14.703660	12.598851	13.024234	15.843202	12.052673	14.031695	15.380250	14.386453	15.404080	13.769458	
12.219324	10.240883	11.555237	10.898838	10.260982	9.947427	12.496311	10.344163	11.166835	10.961833	11.664440	10.304244	10.036329	11.978992	10.675280	10.264697	13.405492	12.941101	11.777478	11.564320	12.314893	11.685952	10.797471	12.339295	9.808084	13.318103	9.102645	11.980622	10.998300	9.848861	11.234470	10.054898	12.235053	9.978784	10.445049	10.530227	12.856581	9.410724	11.996615	11.339317	9.861211	12.844305	10.272707	10.227295	11.888888	11.453699	12.451730	10.854329	
13.260813	12.649090	13.359690	12.493485	11.853885	12.281844	13.006409	10.733769	12.244734	11.853502	11.355648	12.316143	11.540568	13.874690	10.907366	11.857737	14.131258	15.022281	11.581822	12.834928	12.455288	11.873646	12.429788	13.034789	12.059714	14.753288	10.015578	12.527666	10.578738	10.294841	12.846894	11.939902	14.365408	11.249225	11.918475	11.242642	12.507357	9.271285	13.928667	11.309374	11.819472	16.212416	12.036335	12.241929	14.240907	13.025484	13.453459	12.286181	
13.986401	12.506160	14.947224	12.484292	12.344435	12.050723	11.911744	10.386656	12.944801	12.396652	10.207916	13.139726	12.738104	13.513788	11.048778	12.014420	14.675111	14.027789	12.098786	12.835363	13.151557	12.231272	12.542643	13.854816	13.179894	14.507595	10.368536	13.216228	12.116414	10.545793	12.574070	11.129347	15.068477	13.311683	12.938065	12.543133	13.506114	10.421238	14.284953	12.448129	12.473079	14.738115	12.066691	12.160051	14.850400	14.155522	14.063889	13.226681	
13.591590	12.262416	13.534712	12.718184	11.664939	11.917243	13.337373	11.205271	12.962097	12.957107	11.949177	12.938587	10.384638	13.255561	11.542181	11.408017	15.153883	16.056651	11.499794	12.833933	13.057631	12.315715	12.203552	13.834357	12.511481	15.637169	11.224542	14.513152	10.390610	11.085177	13.069433	12.522804	15.769798	12.602409	12.198424	11.853663	12.809971	10.209347	14.067001	11.717951	12.727274	15.392327	12.292170	12.776514	15.225990	13.603605	13.652261	13.148427	
13.193534	11.400149	14.545800	11.972181	10.996707	11.461068	11.305714	11.189560	11.514052	12.346787	10.852197	10.926033	11.271328	12.744078	10.761821	10.669081	13.631153	14.478440	12.306247	13.614774	12.875460	10.966829	11.993607	13.378296	11.276596	15.257954	11.808715	12.537195	10.830798	11.372066	11.600779	9.642466	14.877781	12.424904	10.905001	12.269630	12.870004	8.914282	14.136223	11.552656	11.957207	15.011512	10.882410	11.474183	15.424732	12.588940	12.963707	12.059307	
15.893138	14.407161	16.016673	13.194455	13.321565	13.329833	12.075182	11.349798	14.519859	12.843761	11.667178	12.894270	13.453926	14.847825	12.876296	13.111730	16.633617	15.367448	14.687632	13.626455	14.321727	12.772735	14.827103	16.003122	13.725203	15.778901	12.307839	15.190356	13.076041	12.347193	12.705374	13.075176	15.266211	13.830943	12.411310	13.427184	14.755467	11.014212	15.801373	12.966713	13.813580	16.989264	13.391992	12.938021	16.365516	15.596192	15.627960	13.445524	
11.731200	11.034840	12.225801	10.233685	10.046201	11.254386	12.133455	10.688908	10.334090	10.008583	11.584888	10.401676	11.199959	11.396728	9.694245	10.007505	12.372082	12.218249	10.302707	11.230216	11.426673	10.823749	11.314700	11.736128	10.957063	12.001359	9.037531	11.482366	10.101380	7.901625	11.615077	10.451279	13.712034	9.854139	10.185491	10.033179	10.557112	8.910903	11.882917	10.393066	10.700433	13.989774	9.663986	11.188528	11.420060	13.065729	12.236228	10.744401	
11.456345	11.074439	12.276179	12.252498	11.365461	10.844805	12.273543	11.238293	11.472256	11.172627	10.496108	12.696773	10.533300	12.471342	11.432413	10.373505	13.444624	13.660251	11.605739	12.177796	12.555896	10.927183	10.798232	12.352945	11.737438	14.600676	9.498553	12.534225	10.826933	10.379533	11.593864	10.756220	13.859385	12.655680	10.857440	11.426526	11.543585	9.233843	13.279806	11.859244	11.839392	13.904947	10.943557	11.874376	14.009271	12.344928	13.160806	12.714793	
11.185024	11.336317	11.834533	11.589943	10.808441	11.184006	11.208513	11.201239	11.983041	11.229654	10.204244	11.682480	11.456486	12.511854	10.667520	10.759959	13.068416	13.873435	11.346615	11.281653	12.030430	10.819460	11.535800	12.844311	11.436778	13.865134	9.642842	12.839717	10.220680	9.146725	10.274917	10.822411	13.175465	11.833241	11.036967	10.139596	11.097859	9.745571	12.844933	11.693283	10.141387	13.215101	10.932814	12.125755	13.024723	12.798241	12.067318	12.732218	
11.465675	11.780025	12.173318	11.428927	10.194233	10.822993	11.423985	10.652457	10.750012	10.508151	10.492448	11.639374	10.558325	11.936392	10.409954	10.396977	12.593652	12.930048	11.027193	11.533046	11.154877	10.769697	11.763977	11.909761	10.824783	13.105803	8.873927	12.188590	10.160507	9.287957	11.682797	10.986369	13.162565	10.439008	10.191016	10.704491	10.924652	10.000322	12.392955	10.360552	10.429648	13.147288	10.320022	11.848977	12.730301	12.418493	12.277145	11.722163	
14.415969	13.157496	14.889565	12.977414	11.585822	12.801692	13.686188	11.749770	13.561696	12.691153	12.091104	12.886163	13.183688	13.865226	11.329114	11.463605	15.201387	14.683796	13.055917	13.889127	12.682603	12.495337	13.390131	14.447022	12.445020	15.252624	10.369299	14.809480	13.134705	11.440842	12.663994	11.725728	14.530607	12.737346	12.479353	12.474933	14.834189	10.178636	14.495183	12.225840	13.186337	14.615066	12.470888	12.945352	15.010056	14.691934	14.356346	12.773297	
14.741641	12.374447	15.259847	13.413241	13.040309	12.348704	13.297294	12.109932	13.994752	13.080072	12.263882	13.434838	12.870157	14.077553	13.154462	13.458188	15.922300	15.084488	14.074943	13.817146	14.154876	12.895860	12.637051	14.563776	13.744817	16.401930	11.183099	14.033387	12.806063	11.319080	13.560197	12.406479	16.230988	14.144052	12.347616	13.013711	14.238272	11.226267	15.188659	13.178284	12.483457	16.020911	13.194724	12.798863	15.237952	15.231475	15.025056	14.754365	
13.566806	11.824990	14.127523	12.702532	11.739752	13.821022	12.813068	10.969256	12.902816	11.547351	10.039719	12.400256	12.068340	13.545087	9.695274	11.337921	14.874693	14.444925	12.224001	13.820335	11.909033	11.870422	12.655538	12.849513	12.972300	15.544647	10.460491	13.231529	10.546814	10.996138	11.780179	11.060697	14.870916	12.034240	12.107617	12.253777	14.399228	9.686764	15.051087	12.486311	10.774539	14.801212	12.377404	11.690544	13.688905	12.406629	12.076004	13.591615	
12.542676	11.671006	12.534665	11.455589	11.435527	12.178225	13.429844	10.209669	12.251733	11.720863	10.176418	11.592399	10.402319	13.161466	9.826575	8.713290	13.561695	13.818156	10.854816	12.767080	11.512156	11.311006	12.012909	12.669428	11.850243	14.187968	9.813186	13.092778	10.337502	10.587033	10.809742	10.612685	13.208694	12.056374	11.087865	12.477513	12.766078	9.179812	12.851744	12.517080	11.987452	14.049693	12.089207	11.093936	13.121313	12.034446	12.332563	12.201313	
14.980996	13.888444	14.347050	13.303379	12.538831	13.166533	14.058019	12.183014	13.756947	12.703352	12.350579	13.488743	12.725075	13.824368	11.479030	12.174513	16.470765	15.733029	13.670066	12.747340	13.906832	12.225544	14.298615	14.999231	13.756794	15.782990	11.475550	14.584952	11.924267	11.318019	11.968380	13.243508	15.491842	12.915446	13.326910	12.636762	13.725806	10.742613	15.120193	12.131993	14.189830	16.688769	13.267524	13.646198	15.349900	15.526850	14.821257	13.375385	
The results Matches
MPI_Wtime measured for total run by process 5 = 0.003758
MPI_Wtime measured for total run by process 1 = 0.003758
MPI_Wtime measured for total run by process 2 = 0.003758
MPI_Wtime measured for total run by process 3 = 0.003769
MPI_Wtime measured for total run by process 4 = 0.003764
MPI_Wtime measured for total run by process 6 = 0.003750
MPI_Wtime measured for total run by process 7 = 0.003751
MPI_Wtime measured for total run by process 8 = 0.003763
