MPI_Wtime measured for total run by process 0 = 0.000804
Total time by each process = 0.035137  And Average = 0.000717 , Comm_TIME = 0.000000
Printing Matrix A
0.492251	0.942684	0.766516	0.435701	0.295887	0.564828	0.994752	0.547219	0.031281	0.661010	0.580599	0.467050	0.797660	0.520720	0.502915	0.068149	0.609531	0.134999	0.643036	0.764859	0.164267	0.975647	0.395124	0.999670	0.725290	0.667063	0.986515	0.588476	0.890996	0.814828	0.404581	0.389078	0.893809	0.390159	0.094776	0.475769	0.484706	0.418061	0.974282	0.306236	0.078411	0.005461	0.107412	0.849101	0.703133	0.392320	0.546906	0.121826	0.305474	0.977561	0.667004	0.659292	0.904745	0.031540	0.495084	0.578599	
0.311074	0.638422	0.177997	0.416895	0.151453	0.988844	0.590612	0.139075	0.622655	0.296335	0.569965	0.441370	0.032980	0.353738	0.810685	0.101560	0.516397	0.540246	0.227505	0.575523	0.766355	0.077317	0.675037	0.253052	0.333028	0.587351	0.505014	0.377704	0.501630	0.066058	0.663779	0.434075	0.907601	0.874569	0.931463	0.514064	0.014460	0.054785	0.807773	0.987188	0.857225	0.043794	0.603261	0.900233	0.152941	0.417207	0.133910	0.996896	0.825604	0.176616	0.321558	0.454885	0.282061	0.025514	0.817508	0.230635	
0.587242	0.036971	0.695928	0.295394	0.903495	0.665589	0.563883	0.078915	0.533950	0.146553	0.946210	0.191525	0.111108	0.318105	0.229742	0.603349	0.823170	0.007487	0.577524	0.367968	0.015482	0.518423	0.696042	0.968850	0.852868	0.085500	0.716841	0.027350	0.494065	0.756565	0.894196	0.540791	0.000233	0.236465	0.851160	0.058776	0.637990	0.446006	0.174537	0.564024	0.530260	0.826484	0.926549	0.075049	0.199290	0.144420	0.191527	0.810852	0.233491	0.769517	0.651750	0.951292	0.405492	0.623773	0.812154	0.607435	
0.837320	0.589514	0.287753	0.184482	0.496178	0.580529	0.014114	0.879465	0.438698	0.332255	0.477276	0.380189	0.680845	0.462797	0.191758	0.835413	0.504150	0.792948	0.089491	0.278947	0.306333	0.273374	0.250856	0.568052	0.801822	0.780003	0.183854	0.161865	0.164154	0.357698	0.694894	0.384991	0.618038	0.990948	0.155369	0.293197	0.129370	0.782149	0.719410	0.069781	0.250508	0.800329	0.009976	0.299062	0.586857	0.530042	0.849871	0.480796	0.092973	0.175438	0.741639	0.710044	0.035205	0.251236	0.842395	0.275846	
0.170801	0.527265	0.038370	0.354907	0.483087	0.906978	0.799983	0.800867	0.859517	0.141298	0.444939	0.472165	0.343536	0.234759	0.044417	0.278833	0.586781	0.395996	0.632425	0.250377	0.635853	0.448470	0.545128	0.328793	0.225642	0.005801	0.321433	0.150725	0.201366	0.850900	0.896090	0.461002	0.935832	0.108022	0.607901	0.683770	0.515754	0.679590	0.381577	0.465527	0.478474	0.277800	0.949294	0.464876	0.814009	0.396444	0.445509	0.192971	0.714444	0.949598	0.659392	0.566099	0.765608	0.236029	0.254072	0.754404	
0.172884	0.532453	0.460728	0.272838	0.313105	0.984837	0.526728	0.139955	0.478802	0.563517	0.722921	0.313341	0.375305	0.635714	0.250925	0.361924	0.422321	0.545986	0.891706	0.157788	0.488106	0.963424	0.320434	0.256006	0.192932	0.937429	0.949139	0.404382	0.800140	0.953823	0.430214	0.474873	0.210123	0.735585	0.839684	0.306639	0.035998	0.342624	0.373442	0.155667	0.418153	0.482228	0.343867	0.691737	0.926706	0.195071	0.961305	0.209456	0.690804	0.273257	0.838414	0.858277	0.849959	0.230844	0.799530	0.789776	
0.479607	0.584975	0.158615	0.967480	0.922270	0.442242	0.832495	0.055004	0.596738	0.053786	0.908156	0.309564	0.112963	0.981516	0.926918	0.130175	0.043296	0.229999	0.991861	0.287232	0.360029	0.797707	0.381171	0.715823	0.180972	0.413061	0.681670	0.847243	0.263032	0.707125	0.600051	0.596475	0.552449	0.845258	0.023953	0.458441	0.861965	0.576506	0.108859	0.221045	0.061937	0.378959	0.356731	0.538240	0.054962	0.809713	0.082665	0.298360	0.232662	0.179425	0.276109	0.640597	0.894014	0.381210	0.509432	0.292705	
0.236361	0.314976	0.897867	0.212855	0.098581	0.607841	0.428757	0.816361	0.049820	0.918034	0.633651	0.464003	0.775734	0.530539	0.447467	0.856534	0.494908	0.276919	0.024726	0.345603	0.512343	0.304553	0.859646	0.602519	0.116699	0.235395	0.079184	0.278016	0.544610	0.140084	0.631798	0.675905	0.168129	0.519481	0.442599	0.316161	0.818529	0.896041	0.741628	0.587641	0.019113	0.608677	0.522434	0.953215	0.695247	0.059122	0.089918	0.453752	0.687851	0.450901	0.838318	0.085391	0.387777	0.335022	0.479991	0.987731	
0.745698	0.597401	0.483099	0.335176	0.643916	0.505392	0.129325	0.991880	0.932377	0.947625	0.209844	0.427542	0.014447	0.727025	0.685226	0.993543	0.311163	0.699057	0.141561	0.972609	0.428531	0.519310	0.437145	0.375031	0.953972	0.140217	0.355671	0.761437	0.330322	0.864556	0.203218	0.446473	0.449043	0.308644	0.179762	0.376079	0.759254	0.166149	0.406580	0.565922	0.863835	0.524368	0.273898	0.589624	0.774267	0.619768	0.312279	0.491867	0.211770	0.351925	0.081764	0.999826	0.623394	0.037418	0.707155	0.390525	
0.309479	0.790497	0.200698	0.187596	0.834301	0.952450	0.873605	0.907901	0.244828	0.476908	0.987830	0.167611	0.642709	0.641197	0.808368	0.920854	0.946615	0.701223	0.091472	0.122278	0.696183	0.072353	0.519046	0.655163	0.240080	0.090466	0.608805	0.839133	0.463105	0.601378	0.512052	0.389320	0.233583	0.605981	0.979362	0.250827	0.802988	0.245333	0.303434	0.085908	0.032567	0.771424	0.434450	0.892886	0.090887	0.169029	0.016496	0.061607	0.648892	0.575133	0.395847	0.303799	0.149140	0.520869	0.449628	0.996087	
0.783151	0.123567	0.378068	0.115156	0.510718	0.071894	0.842533	0.777293	0.801089	0.119679	0.178386	0.395772	0.972609	0.780099	0.523418	0.904431	0.543697	0.524169	0.044452	0.390719	0.923510	0.082384	0.596115	0.257468	0.212103	0.594140	0.800624	0.718015	0.906553	0.195470	0.274300	0.736539	0.127899	0.739762	0.900033	0.727521	0.593094	0.589587	0.669582	0.586412	0.224202	0.272173	0.170465	0.798060	0.488302	0.506988	0.093431	0.580600	0.504236	0.393682	0.450842	0.227812	0.931108	0.233145	0.664454	0.482373	
0.000110	0.913483	0.744735	0.247593	0.705073	0.995640	0.998108	0.019834	0.896601	0.906613	0.534718	0.391379	0.951825	0.066515	0.444081	0.504935	0.303435	0.614766	0.129962	0.281207	0.616939	0.633539	0.853086	0.117392	0.066888	0.097131	0.158431	0.067432	0.113035	0.726535	0.682836	0.001307	0.649889	0.034440	0.478431	0.614886	0.592494	0.710419	0.901797	0.195268	0.851816	0.570292	0.780909	0.120503	0.771672	0.451059	0.078509	0.440778	0.068439	0.508249	0.790866	0.642242	0.371559	0.828940	0.180472	0.242043	
0.316606	0.042535	0.450059	0.991459	0.010077	0.676239	0.894884	0.816983	0.592235	0.510194	0.448366	0.766460	0.505096	0.093282	0.619608	0.717856	0.147660	0.033729	0.923430	0.819450	0.467706	0.022092	0.612706	0.325914	0.164307	0.588042	0.988544	0.432599	0.949903	0.179208	0.861206	0.505725	0.657455	0.606585	0.564642	0.514392	0.921725	0.394938	0.375560	0.739372	0.556960	0.152540	0.681917	0.039144	0.111020	0.201330	0.115415	0.981092	0.246509	0.353755	0.013712	0.843499	0.404631	0.469867	0.959290	0.320057	
0.536654	0.061753	0.057736	0.850390	0.319249	0.140983	0.758775	0.207534	0.709752	0.816435	0.429435	0.658901	0.898371	0.614257	0.338008	0.373911	0.406911	0.093232	0.536561	0.633404	0.995341	0.290474	0.896462	0.759400	0.059296	0.329679	0.235768	0.322797	0.117349	0.991800	0.871368	0.330018	0.801375	0.742927	0.366872	0.193746	0.150718	0.116329	0.982227	0.653395	0.451563	0.530254	0.971653	0.821470	0.790104	0.544359	0.178980	0.939751	0.297628	0.318291	0.059008	0.026713	0.996257	0.256907	0.018771	0.020007	
0.893375	0.157665	0.403312	0.954030	0.792404	0.854888	0.372766	0.951740	0.477317	0.334893	0.782068	0.746052	0.504648	0.756810	0.913260	0.993753	0.327078	0.671662	0.130552	0.923806	0.124081	0.894341	0.573334	0.167241	0.116113	0.586976	0.863740	0.676506	0.335986	0.891807	0.210133	0.055880	0.036978	0.267600	0.353234	0.090487	0.970101	0.974162	0.830910	0.594086	0.643536	0.845204	0.514089	0.875665	0.955026	0.099321	0.653033	0.702369	0.882743	0.857541	0.161376	0.713292	0.932857	0.674912	0.828856	0.710790	
0.450059	0.979668	0.077704	0.814224	0.622805	0.197889	0.068746	0.965848	0.870227	0.187466	0.771418	0.163079	0.588211	0.468042	0.106989	0.889458	0.734826	0.521197	0.724459	0.845260	0.248966	0.623100	0.943406	0.269201	0.412338	0.845236	0.357425	0.888030	0.846306	0.362703	0.534905	0.510343	0.121287	0.082260	0.366961	0.193010	0.970669	0.933639	0.405058	0.727708	0.659507	0.001151	0.581260	0.962568	0.245255	0.380861	0.577432	0.049890	0.922744	0.544466	0.059671	0.905631	0.553585	0.944414	0.042110	0.776039	
0.245067	0.718549	0.666373	0.253893	0.006388	0.691787	0.525958	0.282539	0.873827	0.738406	0.564479	0.963838	0.483307	0.076708	0.580375	0.227034	0.629938	0.651769	0.626699	0.207938	0.540416	0.216906	0.641401	0.515075	0.326449	0.448727	0.897517	0.008993	0.320817	0.906240	0.938447	0.726634	0.078857	0.864695	0.284065	0.338643	0.972358	0.890854	0.054995	0.128988	0.659409	0.272373	0.990280	0.937750	0.367066	0.212288	0.977264	0.873898	0.317324	0.761677	0.811227	0.425869	0.655869	0.397344	0.722651	0.092308	
0.104048	0.938986	0.646046	0.405424	0.720726	0.318625	0.556634	0.754111	0.931117	0.475347	0.616108	0.525929	0.217939	0.982841	0.449605	0.322650	0.439829	0.647980	0.138372	0.098987	0.671116	0.557089	0.610136	0.101708	0.826988	0.283597	0.478270	0.715073	0.732798	0.636799	0.773062	0.736056	0.221085	0.298767	0.437441	0.218555	0.815366	0.336306	0.086843	0.966755	0.015068	0.356927	0.059877	0.189547	0.769913	0.975079	0.785795	0.755867	0.095171	0.366336	0.452387	0.641169	0.360535	0.693255	0.415489	0.361209	
0.910361	0.923895	0.790136	0.762913	0.939788	0.103025	0.449127	0.732462	0.913526	0.076910	0.683689	0.633667	0.695553	0.491601	0.986931	0.541599	0.570947	0.867530	0.578936	0.921133	0.368434	0.244306	0.883051	0.361859	0.075566	0.162491	0.156848	0.803478	0.123079	0.963444	0.147890	0.007302	0.970536	0.079920	0.505275	0.068195	0.025212	0.691270	0.289269	0.704841	0.491899	0.124089	0.663489	0.501150	0.222646	0.896578	0.969636	0.089373	0.778712	0.489644	0.170347	0.157696	0.870340	0.103823	0.902096	0.524443	
0.675995	0.042743	0.576099	0.126051	0.008487	0.169281	0.926509	0.918295	0.427948	0.989208	0.965778	0.793855	0.995869	0.995727	0.706341	0.291960	0.168702	0.721819	0.878595	0.543546	0.870499	0.865205	0.971481	0.502229	0.191439	0.997725	0.638340	0.993336	0.689257	0.532173	0.509233	0.777933	0.158835	0.422735	0.347621	0.924512	0.679108	0.015128	0.573217	0.050019	0.008794	0.921874	0.839324	0.281342	0.904272	0.924178	0.637648	0.091440	0.201862	0.833914	0.480456	0.767603	0.548143	0.810153	0.300088	0.886016	
0.907916	0.956015	0.723099	0.275820	0.050872	0.040877	0.902109	0.485004	0.646491	0.653453	0.077344	0.286511	0.203786	0.746847	0.956837	0.812755	0.440753	0.611993	0.006127	0.791224	0.087811	0.745519	0.964417	0.093890	0.549441	0.737855	0.168398	0.252272	0.121030	0.876058	0.631982	0.942620	0.457583	0.236588	0.442425	0.520709	0.859913	0.520155	0.496752	0.435238	0.361388	0.672978	0.197459	0.901970	0.924369	0.396355	0.466843	0.629087	0.893587	0.388136	0.893486	0.866248	0.175074	0.577729	0.000448	0.718019	
0.186059	0.891622	0.316248	0.702007	0.571621	0.796969	0.437338	0.962890	0.291730	0.666937	0.259872	0.938616	0.919589	0.106772	0.529312	0.281873	0.215789	0.098889	0.967087	0.772655	0.899259	0.577173	0.995679	0.667521	0.891090	0.472626	0.867643	0.585908	0.927587	0.707268	0.517472	0.172270	0.162636	0.265298	0.072055	0.668433	0.607577	0.307910	0.785669	0.890666	0.309889	0.827720	0.774534	0.964763	0.106308	0.159020	0.661173	0.357041	0.602449	0.953534	0.660292	0.645818	0.867573	0.871125	0.929159	0.330000	
0.125082	0.416581	0.571349	0.601738	0.053376	0.301437	0.092048	0.538359	0.280817	0.369001	0.113860	0.208977	0.968548	0.634674	0.841892	0.136756	0.122395	0.866592	0.934680	0.371401	0.229088	0.702606	0.331315	0.015634	0.732858	0.553241	0.399455	0.828151	0.842320	0.265709	0.427499	0.651187	0.955801	0.243638	0.986108	0.878538	0.287878	0.536333	0.822110	0.231325	0.936603	0.401686	0.546784	0.704060	0.692661	0.073315	0.372235	0.670055	0.242280	0.218518	0.528733	0.443585	0.678201	0.435803	0.531886	0.055278	
0.451694	0.804547	0.686801	0.387581	0.478377	0.499623	0.185398	0.178649	0.083372	0.656067	0.494223	0.428715	0.079570	0.672735	0.531647	0.079945	0.184978	0.981819	0.393100	0.251242	0.830296	0.722089	0.920544	0.443372	0.297905	0.616020	0.199091	0.964552	0.909253	0.890116	0.365300	0.424240	0.854553	0.422057	0.775458	0.119130	0.424165	0.621448	0.741957	0.348624	0.164259	0.831990	0.009378	0.642011	0.433828	0.359530	0.502188	0.349406	0.189829	0.604394	0.444762	0.571041	0.564743	0.213634	0.257309	0.346562	
0.526901	0.784919	0.975093	0.454909	0.959056	0.208050	0.598209	0.817985	0.328918	0.753325	0.145903	0.642606	0.516856	0.017347	0.418498	0.195734	0.542460	0.481679	0.407582	0.926474	0.751027	0.827882	0.691979	0.137274	0.068247	0.794577	0.214966	0.924797	0.293423	0.505987	0.306052	0.657321	0.682374	0.366064	0.075587	0.456593	0.427063	0.175850	0.930343	0.139939	0.203724	0.212741	0.371698	0.150512	0.079680	0.377042	0.358220	0.234243	0.173362	0.130549	0.892847	0.075563	0.871619	0.438952	0.564537	0.800552	
0.513407	0.186951	0.150830	0.550226	0.993963	0.616242	0.961632	0.392777	0.450793	0.383943	0.110469	0.663549	0.710919	0.784050	0.681391	0.043718	0.597894	0.079903	0.568133	0.979234	0.557398	0.914279	0.445961	0.654023	0.830383	0.240394	0.497473	0.922940	0.006444	0.483849	0.291592	0.882633	0.758236	0.638210	0.592665	0.888465	0.212920	0.669093	0.109801	0.555635	0.361083	0.881036	0.699972	0.066948	0.510966	0.394250	0.078363	0.692043	0.239419	0.162969	0.947697	0.982148	0.854179	0.819498	0.974358	0.904164	
0.171162	0.193996	0.589175	0.577549	0.811740	0.902698	0.248683	0.726703	0.924995	0.320187	0.941107	0.033310	0.953576	0.759266	0.227942	0.263374	0.448629	0.270238	0.718314	0.137945	0.819587	0.420159	0.635385	0.556372	0.036534	0.433072	0.178893	0.772928	0.319190	0.060402	0.195624	0.946237	0.781146	0.682057	0.064262	0.029516	0.860645	0.952119	0.596536	0.056410	0.385049	0.610712	0.955865	0.696410	0.915834	0.822187	0.080588	0.755710	0.984898	0.361195	0.257769	0.933010	0.840385	0.614445	0.393619	0.069992	
0.160337	0.342609	0.064345	0.391257	0.795831	0.091637	0.981868	0.738152	0.285114	0.015927	0.490058	0.661297	0.834066	0.767364	0.946597	0.006353	0.518062	0.223137	0.387981	0.562586	0.827838	0.060229	0.501569	0.776472	0.897729	0.329566	0.741335	0.718229	0.266606	0.803086	0.322951	0.320138	0.158400	0.423420	0.157668	0.730192	0.640229	0.795211	0.588803	0.928481	0.364081	0.874318	0.248911	0.680817	0.078142	0.728721	0.293342	0.242106	0.592133	0.998123	0.651532	0.735308	0.518737	0.433558	0.102202	0.594072	
0.620088	0.571699	0.060938	0.384516	0.736420	0.540173	0.162095	0.481504	0.447804	0.504030	0.207943	0.391096	0.769857	0.834220	0.186695	0.338341	0.896683	0.675781	0.162557	0.096702	0.173535	0.928739	0.419154	0.089859	0.889871	0.966294	0.833227	0.824495	0.182045	0.475142	0.087008	0.175522	0.723524	0.941312	0.911601	0.785058	0.674889	0.420765	0.124042	0.961000	0.104513	0.111728	0.284685	0.540824	0.594938	0.835469	0.829449	0.665637	0.862294	0.439054	0.644963	0.859030	0.937910	0.413894	0.790419	0.075865	
0.302189	0.832673	0.123816	0.053603	0.389463	0.400700	0.900063	0.771884	0.673286	0.536251	0.435050	0.638100	0.675076	0.434912	0.426888	0.360428	0.698370	0.315950	0.566598	0.540940	0.258625	0.174972	0.007977	0.921044	0.157794	0.999511	0.852577	0.965804	0.689605	0.993148	0.911493	0.845570	0.546678	0.432049	0.531073	0.069336	0.914630	0.948386	0.191164	0.603869	0.326726	0.941802	0.240991	0.706956	0.308321	0.047089	0.053681	0.829677	0.054179	0.713634	0.234716	0.374950	0.027279	0.071953	0.192767	0.567401	
0.279203	0.698795	0.416808	0.450790	0.105855	0.944943	0.390537	0.759894	0.036347	0.029968	0.256499	0.420409	0.728254	0.502220	0.168185	0.440513	0.578823	0.967582	0.545059	0.720760	0.916250	0.810450	0.440324	0.751503	0.043873	0.747734	0.186388	0.584149	0.660506	0.835662	0.155990	0.276080	0.415483	0.730445	0.662034	0.611456	0.116909	0.885071	0.992250	0.033904	0.418046	0.336494	0.949781	0.519076	0.007013	0.438979	0.630913	0.897816	0.958720	0.006939	0.079466	0.199038	0.040301	0.753607	0.720684	0.068674	
0.569148	0.743164	0.325812	0.129217	0.616979	0.495827	0.283254	0.294288	0.021904	0.862728	0.919621	0.297743	0.145875	0.992474	0.838861	0.005289	0.466317	0.926938	0.010693	0.124954	0.624351	0.875563	0.014424	0.149580	0.471078	0.137697	0.074074	0.350622	0.486790	0.086508	0.404244	0.733660	0.840249	0.662690	0.716753	0.478614	0.408425	0.248709	0.524028	0.459177	0.410596	0.385805	0.032314	0.704619	0.079522	0.844755	0.882923	0.354328	0.239013	0.574115	0.804662	0.296870	0.406906	0.635936	0.943867	0.926040	
0.691986	0.839133	0.048271	0.243404	0.334878	0.611560	0.666575	0.940974	0.982905	0.861355	0.567818	0.000654	0.703804	0.905658	0.731702	0.002134	0.143543	0.147989	0.385017	0.319607	0.479553	0.937697	0.897054	0.051717	0.393760	0.667527	0.071298	0.936303	0.304771	0.422772	0.673660	0.460162	0.266172	0.009016	0.999544	0.371085	0.259790	0.625225	0.187452	0.036805	0.590015	0.542791	0.372512	0.436414	0.321056	0.713756	0.284092	0.811918	0.782069	0.201453	0.149558	0.260709	0.881319	0.566193	0.562877	0.649983	
0.307329	0.814204	0.671869	0.357125	0.109804	0.987640	0.244799	0.944160	0.620492	0.808480	0.718151	0.179398	0.955124	0.668241	0.348589	0.670893	0.510999	0.335759	0.735715	0.175792	0.763765	0.239416	0.962990	0.035433	0.329190	0.353532	0.913103	0.646812	0.278521	0.386228	0.633278	0.283027	0.542218	0.327145	0.311671	0.123453	0.666369	0.084000	0.546446	0.212841	0.963346	0.922977	0.099302	0.744676	0.884842	0.004932	0.188025	0.662397	0.906746	0.008175	0.492479	0.293852	0.494497	0.788206	0.497286	0.916578	
0.567419	0.337081	0.409344	0.044544	0.212661	0.812306	0.337436	0.130927	0.464246	0.462597	0.270731	0.115572	0.134302	0.806171	0.904826	0.092220	0.562305	0.138967	0.511058	0.265835	0.232987	0.124403	0.552845	0.814604	0.394434	0.973815	0.033651	0.430393	0.993166	0.799541	0.959313	0.370236	0.321062	0.493266	0.692714	0.555838	0.837243	0.496125	0.935572	0.407179	0.587931	0.995170	0.470381	0.789535	0.662127	0.361538	0.480838	0.143057	0.240978	0.634019	0.395425	0.859393	0.870098	0.622756	0.666247	0.135676	
0.410928	0.875759	0.556409	0.344856	0.254371	0.839975	0.438169	0.537109	0.619357	0.612838	0.360986	0.247450	0.827749	0.036754	0.900140	0.748173	0.303276	0.192378	0.289226	0.078220	0.243628	0.278806	0.901228	0.360943	0.987044	0.535367	0.446012	0.579114	0.653022	0.767757	0.788298	0.864231	0.139861	0.951258	0.593843	0.972685	0.947674	0.519268	0.067407	0.369487	0.853992	0.402481	0.687670	0.573765	0.597464	0.893855	0.857452	0.477337	0.814695	0.426401	0.458073	0.246009	0.650577	0.254649	0.645487	0.772435	
0.528990	0.799482	0.156512	0.557353	0.714770	0.139739	0.209295	0.569536	0.045671	0.432528	0.395023	0.909491	0.443813	0.763584	0.788277	0.588779	0.710936	0.533927	0.761509	0.621425	0.542489	0.048501	0.378240	0.775773	0.613974	0.927654	0.886838	0.054597	0.001286	0.419951	0.354201	0.106830	0.396991	0.932586	0.732038	0.634780	0.315175	0.026310	0.301318	0.117325	0.010383	0.924289	0.882125	0.227872	0.797067	0.672975	0.656553	0.216405	0.420562	0.212045	0.703002	0.427126	0.530106	0.711592	0.255518	0.746716	
0.873898	0.163123	0.649891	0.639435	0.038818	0.598225	0.092214	0.748915	0.963620	0.665375	0.807785	0.684800	0.545937	0.169315	0.225310	0.067357	0.587036	0.855231	0.621475	0.683885	0.807075	0.355663	0.096739	0.412064	0.065539	0.726982	0.169941	0.211215	0.808174	0.517334	0.296561	0.132692	0.815172	0.120525	0.482588	0.096939	0.086519	0.188951	0.557181	0.243617	0.678455	0.496045	0.382380	0.564274	0.087790	0.224038	0.666300	0.267949	0.344652	0.918119	0.192884	0.116902	0.467661	0.462661	0.906868	0.647562	
0.676878	0.433719	0.850867	0.249812	0.079602	0.323009	0.830579	0.227375	0.979433	0.002471	0.160552	0.451721	0.425227	0.653055	0.620661	0.917418	0.444224	0.356796	0.349130	0.233749	0.080458	0.174635	0.147717	0.086269	0.547503	0.299467	0.208113	0.336268	0.665569	0.965435	0.289940	0.583768	0.233990	0.029256	0.547173	0.011853	0.819763	0.538670	0.588497	0.094629	0.713679	0.844055	0.145283	0.555132	0.169646	0.097083	0.403421	0.193750	0.621416	0.220532	0.486011	0.796222	0.418872	0.273254	0.959830	0.143368	
0.761979	0.595302	0.167747	0.718116	0.671002	0.796978	0.496050	0.711834	0.213735	0.286056	0.164750	0.005521	0.417169	0.590990	0.646658	0.050509	0.721782	0.315900	0.796245	0.226921	0.849214	0.541670	0.014628	0.462731	0.185870	0.928109	0.831064	0.934242	0.212405	0.625234	0.259591	0.267701	0.321553	0.870902	0.617617	0.585045	0.121722	0.812096	0.380219	0.364714	0.023613	0.916708	0.226453	0.102911	0.376183	0.297922	0.403887	0.617148	0.149224	0.843239	0.585873	0.233672	0.554999	0.843946	0.320594	0.501305	
0.501482	0.198884	0.268965	0.166794	0.029940	0.280923	0.030339	0.159267	0.386120	0.946404	0.430790	0.679588	0.225844	0.921006	0.732193	0.890644	0.840325	0.961611	0.391323	0.754438	0.593121	0.855090	0.933431	0.803022	0.016863	0.291544	0.929502	0.433442	0.494666	0.701783	0.776760	0.460534	0.681955	0.726375	0.550550	0.494541	0.516173	0.767130	0.363988	0.769155	0.319578	0.828504	0.031832	0.404425	0.616395	0.753358	0.698635	0.010240	0.636037	0.453869	0.217429	0.330258	0.298041	0.183206	0.667540	0.042879	
0.013061	0.236198	0.133330	0.571392	0.746830	0.142881	0.538641	0.826055	0.889737	0.361265	0.228333	0.840767	0.788910	0.188402	0.976334	0.443568	0.102665	0.034289	0.320389	0.985721	0.930429	0.512684	0.281723	0.643748	0.618662	0.278625	0.696536	0.373369	0.143365	0.941896	0.793053	0.109094	0.065230	0.131714	0.749063	0.452838	0.246038	0.148563	0.304260	0.699220	0.797325	0.769917	0.097237	0.979307	0.705058	0.360300	0.306668	0.393829	0.612778	0.757517	0.642979	0.041334	0.175876	0.416777	0.982208	0.403058	
0.093842	0.273394	0.316261	0.431680	0.173904	0.519430	0.261375	0.852471	0.438803	0.235994	0.820343	0.970799	0.467224	0.476356	0.503574	0.228965	0.052388	0.788495	0.755059	0.389968	0.012155	0.409536	0.822657	0.147683	0.871995	0.343242	0.661003	0.688558	0.701618	0.577659	0.044327	0.802608	0.308982	0.465364	0.811277	0.993005	0.764729	0.096962	0.664549	0.848846	0.628321	0.228883	0.506130	0.417552	0.082354	0.412939	0.801834	0.223396	0.806649	0.174858	0.544091	0.441359	0.570405	0.896206	0.782966	0.771498	
0.937141	0.700611	0.917821	0.651018	0.113373	0.126857	0.279503	0.026024	0.039012	0.704079	0.368745	0.891924	0.683759	0.174103	0.533182	0.878011	0.945981	0.913593	0.696785	0.863978	0.628568	0.725366	0.341087	0.994224	0.952271	0.963203	0.843740	0.260165	0.643256	0.994223	0.379869	0.646762	0.450856	0.189652	0.124966	0.957800	0.044465	0.661605	0.434555	0.765651	0.354131	0.707841	0.583980	0.725370	0.402274	0.403675	0.591827	0.107993	0.610792	0.190325	0.351275	0.489292	0.831290	0.781292	0.806725	0.652671	
0.275797	0.358728	0.328518	0.087014	0.803691	0.512935	0.541125	0.438201	0.918572	0.887674	0.776650	0.665587	0.527863	0.873785	0.993822	0.495445	0.886968	0.129396	0.938270	0.946279	0.707098	0.137478	0.080141	0.400140	0.204205	0.268561	0.664780	0.588795	0.381027	0.527231	0.989035	0.644468	0.876848	0.091490	0.990273	0.557079	0.496982	0.945595	0.270237	0.575836	0.633549	0.455296	0.778545	0.490973	0.506670	0.534421	0.040879	0.371709	0.952753	0.732845	0.500967	0.640397	0.984482	0.575072	0.931726	0.729160	
0.995305	0.863605	0.228547	0.933422	0.372782	0.230923	0.646731	0.331388	0.065831	0.542509	0.354158	0.564748	0.768898	0.593358	0.290729	0.265900	0.506974	0.059885	0.484083	0.470739	0.461149	0.270526	0.304295	0.707363	0.666148	0.936925	0.432779	0.358946	0.641495	0.902302	0.274822	0.218259	0.297708	0.517317	0.271450	0.638655	0.689719	0.840478	0.511096	0.364141	0.797714	0.197550	0.802740	0.432170	0.508800	0.376459	0.502674	0.565417	0.872861	0.582173	0.070791	0.876910	0.130009	0.754524	0.265230	0.818348	
0.419731	0.293436	0.572394	0.666706	0.060079	0.864815	0.637882	0.363135	0.512967	0.655055	0.166135	0.344267	0.249354	0.937249	0.217456	0.577527	0.771496	0.859658	0.596569	0.425084	0.569528	0.219401	0.720131	0.718153	0.527843	0.816855	0.905174	0.990123	0.259914	0.669110	0.682970	0.114556	0.117600	0.798356	0.500578	0.370818	0.513339	0.277515	0.172754	0.466568	0.368877	0.394576	0.444546	0.428578	0.312071	0.181829	0.344326	0.449507	0.270599	0.176096	0.471303	0.841283	0.137132	0.218113	0.114467	0.010484	
0.968104	0.757395	0.789759	0.117109	0.283663	0.096871	0.595323	0.089915	0.794242	0.637100	0.812924	0.250188	0.597180	0.259942	0.152981	0.194991	0.675485	0.533736	0.138360	0.567073	0.949783	0.050011	0.210323	0.411029	0.405936	0.270110	0.526511	0.168915	0.988598	0.835338	0.699282	0.262665	0.982715	0.840011	0.447246	0.543097	0.071029	0.942136	0.733033	0.285917	0.401294	0.357829	0.076323	0.051495	0.955601	0.206500	0.917161	0.029650	0.265566	0.020951	0.276745	0.109843	0.157155	0.629126	0.405144	0.029158	
0.471069	0.734243	0.913731	0.612313	0.672571	0.524215	0.287979	0.489608	0.423526	0.266358	0.074607	0.048046	0.428179	0.121951	0.592215	0.639762	0.538096	0.610676	0.159743	0.321159	0.041803	0.422046	0.399240	0.883327	0.422213	0.523038	0.525885	0.728582	0.248256	0.787388	0.001642	0.903755	0.801154	0.991565	0.737420	0.793211	0.158099	0.109005	0.126911	0.380105	0.142017	0.045944	0.474226	0.621967	0.625059	0.562953	0.836505	0.166439	0.981139	0.598557	0.470729	0.497783	0.607024	0.186167	0.599120	0.283059	
0.469414	0.409040	0.103530	0.666123	0.440363	0.355289	0.695784	0.914528	0.679732	0.395482	0.904851	0.779289	0.500052	0.245810	0.531727	0.840310	0.857872	0.944782	0.280358	0.689990	0.839981	0.997589	0.567007	0.212688	0.425201	0.397200	0.501434	0.841927	0.141944	0.100659	0.616605	0.674812	0.190320	0.435879	0.230500	0.191398	0.171149	0.606247	0.101104	0.984895	0.427105	0.856356	0.558583	0.930025	0.786020	0.374198	0.971653	0.877102	0.668604	0.632650	0.438851	0.969585	0.013036	0.348155	0.394767	0.640444	
0.715145	0.750411	0.195084	0.974254	0.711120	0.383729	0.397462	0.844746	0.573812	0.965170	0.301444	0.622662	0.510588	0.428619	0.303867	0.727227	0.565864	0.292739	0.158075	0.742051	0.615446	0.551968	0.386610	0.078974	0.874109	0.973086	0.978900	0.490033	0.566566	0.394844	0.987716	0.889445	0.599709	0.314528	0.449178	0.626979	0.182358	0.077531	0.575661	0.529391	0.200649	0.625324	0.098226	0.669038	0.034010	0.535224	0.185952	0.575307	0.606854	0.543446	0.946413	0.120655	0.349373	0.697739	0.354692	0.374805	
0.729608	0.734891	0.115487	0.492625	0.467810	0.171224	0.452519	0.439424	0.636365	0.115404	0.153296	0.711549	0.434247	0.427703	0.636419	0.344280	0.802638	0.193861	0.483099	0.067623	0.714336	0.604672	0.985378	0.226228	0.026967	0.204521	0.577692	0.682932	0.325358	0.800877	0.913144	0.327804	0.224327	0.633907	0.208151	0.658335	0.940376	0.089341	0.307103	0.547497	0.657201	0.514332	0.668087	0.246831	0.307899	0.955222	0.192864	0.936825	0.804690	0.124616	0.272261	0.935327	0.045958	0.138392	0.340237	0.687130	
0.437907	0.232329	0.398726	0.099439	0.526867	0.927668	0.337687	0.136921	0.435224	0.155217	0.044488	0.920124	0.115212	0.443506	0.744404	0.452885	0.332097	0.288305	0.164375	0.437448	0.442406	0.410974	0.229609	0.922469	0.809432	0.372319	0.168230	0.944366	0.350958	0.738890	0.518508	0.277673	0.876991	0.581428	0.953724	0.732608	0.383992	0.176222	0.691477	0.278433	0.176377	0.354829	0.943194	0.628049	0.687066	0.389514	0.558716	0.056179	0.233167	0.477072	0.656483	0.583020	0.353262	0.654076	0.857933	0.545647	
0.583261	0.378918	0.199671	0.820608	0.373907	0.092311	0.877310	0.368329	0.786098	0.297367	0.055081	0.483056	0.639629	0.453082	0.069641	0.531872	0.899206	0.179358	0.917757	0.985613	0.210088	0.224286	0.226415	0.197874	0.438016	0.455093	0.375628	0.901440	0.075281	0.512818	0.353252	0.797825	0.955480	0.351334	0.977150	0.164900	0.414871	0.274636	0.981801	0.653798	0.967751	0.912914	0.047041	0.358635	0.168876	0.267245	0.916143	0.774586	0.042253	0.744859	0.462866	0.206641	0.298945	0.519024	0.953786	0.700563	
0.281713	0.264917	0.427830	0.451076	0.495005	0.118835	0.783390	0.282770	0.019339	0.845046	0.937388	0.359943	0.532963	0.517079	0.051789	0.408287	0.831119	0.662256	0.296755	0.855655	0.831652	0.202907	0.867910	0.440685	0.513306	0.369455	0.337418	0.687027	0.608365	0.357130	0.421748	0.993656	0.438620	0.511815	0.769243	0.527134	0.341961	0.215938	0.215719	0.097121	0.942354	0.179719	0.195974	0.150153	0.070851	0.464494	0.272699	0.745465	0.114061	0.446693	0.624750	0.484200	0.703869	0.176582	0.356761	0.648614	
0.740278	0.578888	0.695078	0.740592	0.236323	0.258528	0.663235	0.220341	0.261273	0.660602	0.640862	0.852734	0.844940	0.264320	0.303018	0.500817	0.741266	0.979549	0.808746	0.202273	0.925227	0.554091	0.464793	0.365759	0.441466	0.612089	0.171163	0.427059	0.494139	0.217804	0.604312	0.840454	0.798326	0.781922	0.540145	0.652141	0.444995	0.053835	0.980664	0.635854	0.445955	0.504458	0.712765	0.633221	0.622896	0.004062	0.569646	0.572786	0.664519	0.975043	0.338902	0.670035	0.833416	0.693685	0.143464	0.236209	

Printing Matrix B
0.314146	0.139832	0.632204	0.388812	0.593567	0.036724	0.065437	0.840651	0.202424	0.240658	0.325835	0.282586	0.756883	0.030653	0.295385	0.995166	0.010832	0.376047	0.570699	0.938923	0.329687	0.159019	0.522866	0.426406	0.660680	0.305890	0.134113	0.784175	0.109196	0.393911	0.882977	0.014112	0.524076	0.536845	0.155019	0.259043	0.451416	0.879830	0.417731	0.699572	0.973299	0.064926	0.593937	0.998408	0.663930	0.107714	0.781397	0.440716	0.511986	0.400249	0.453330	0.151710	0.077353	0.879027	0.337776	0.573496	
0.584060	0.418487	0.487523	0.881130	0.809214	0.698359	0.110670	0.896085	0.116636	0.289659	0.955627	0.474711	0.472910	0.528065	0.932337	0.121760	0.739982	0.694394	0.957141	0.378958	0.564367	0.356967	0.216392	0.297692	0.549387	0.902993	0.028721	0.537994	0.731442	0.312316	0.167619	0.180176	0.974322	0.135106	0.450093	0.697818	0.591381	0.689496	0.307838	0.140801	0.574540	0.362239	0.421499	0.104891	0.966291	0.816720	0.851282	0.041510	0.871465	0.757067	0.690680	0.336018	0.509670	0.089834	0.012703	0.674733	
0.274430	0.190503	0.937204	0.848869	0.712600	0.037404	0.662485	0.389486	0.255531	0.855508	0.601438	0.228271	0.217040	0.928616	0.548741	0.816985	0.640320	0.519099	0.302881	0.481019	0.033557	0.579364	0.597338	0.229992	0.115403	0.799079	0.277025	0.827949	0.345455	0.723807	0.359913	0.717366	0.548279	0.577757	0.604433	0.866642	0.577199	0.334032	0.414856	0.027405	0.649524	0.247101	0.853834	0.420613	0.831614	0.093486	0.685212	0.191760	0.047317	0.084650	0.828293	0.289741	0.397298	0.580029	0.187797	0.342414	
0.433919	0.763869	0.664564	0.487043	0.328903	0.687705	0.391381	0.247605	0.648983	0.090448	0.283547	0.882768	0.003962	0.492999	0.070232	0.029079	0.424927	0.791904	0.977430	0.585668	0.859475	0.320447	0.152839	0.689555	0.900307	0.279098	0.160192	0.864699	0.624663	0.355912	0.193111	0.199045	0.177939	0.707529	0.269895	0.461702	0.566571	0.380227	0.350201	0.521231	0.849784	0.434362	0.962194	0.174130	0.656760	0.281751	0.915034	0.467909	0.471744	0.248342	0.468635	0.871009	0.492194	0.754615	0.321017	0.092903	
0.076175	0.180777	0.826327	0.625227	0.884950	0.332958	0.387773	0.892956	0.976304	0.601156	0.851342	0.480144	0.723401	0.185931	0.510606	0.215218	0.806099	0.625151	0.750903	0.115512	0.157355	0.435836	0.249337	0.404645	0.470091	0.670581	0.477966	0.664969	0.385485	0.245784	0.129733	0.482871	0.856998	0.568257	0.358399	0.243754	0.132240	0.060882	0.008383	0.607219	0.471328	0.799907	0.428525	0.150660	0.315776	0.710100	0.857446	0.381341	0.300993	0.322345	0.633368	0.175147	0.245689	0.147185	0.701556	0.732546	
0.032204	0.122178	0.997329	0.274738	0.669282	0.758614	0.177809	0.241172	0.089553	0.138194	0.129616	0.488529	0.549369	0.629378	0.390118	0.423809	0.894377	0.883050	0.818824	0.204810	0.142625	0.014834	0.103379	0.799235	0.819523	0.915853	0.250770	0.324445	0.040096	0.051065	0.315746	0.852535	0.020860	0.101828	0.893373	0.327790	0.270063	0.356432	0.598630	0.566375	0.093096	0.367292	0.886610	0.144006	0.645559	0.356920	0.669944	0.171428	0.945041	0.530487	0.579895	0.874412	0.200900	0.223401	0.386511	0.217683	
0.272004	0.823474	0.276711	0.085321	0.162551	0.883576	0.651697	0.523298	0.328261	0.435152	0.912062	0.758115	0.540407	0.912492	0.771292	0.406525	0.715149	0.201911	0.197479	0.914131	0.729474	0.192524	0.852711	0.977909	0.769608	0.089128	0.722625	0.794633	0.828759	0.189950	0.837300	0.643347	0.826474	0.544310	0.132491	0.383982	0.256148	0.243136	0.292329	0.289831	0.634106	0.743607	0.226203	0.619763	0.245365	0.655013	0.406189	0.635115	0.143619	0.256615	0.637866	0.138074	0.217103	0.002873	0.602254	0.571369	
0.671664	0.593092	0.853216	0.952828	0.022568	0.181246	0.906201	0.661419	0.995785	0.325929	0.558631	0.527666	0.845212	0.285166	0.823244	0.683828	0.171510	0.392775	0.489774	0.123307	0.953445	0.941100	0.120913	0.909466	0.520553	0.750350	0.699398	0.854918	0.808555	0.992077	0.996619	0.126706	0.952824	0.192855	0.865085	0.954941	0.620714	0.678175	0.498560	0.858326	0.823036	0.098297	0.886692	0.067044	0.093299	0.327045	0.735027	0.258047	0.973233	0.130449	0.767063	0.656847	0.981432	0.129404	0.922663	0.499104	
0.596407	0.268132	0.550617	0.178346	0.394298	0.733834	0.959144	0.817175	0.442782	0.770695	0.033015	0.597621	0.762563	0.494438	0.714756	0.430924	0.590944	0.794263	0.034233	0.785476	0.478001	0.557856	0.511190	0.369522	0.322656	0.163816	0.567759	0.370118	0.488462	0.015548	0.858099	0.514381	0.145529	0.590603	0.281253	0.608293	0.895390	0.196399	0.541180	0.360552	0.706139	0.219506	0.285805	0.604220	0.454180	0.977485	0.066241	0.761321	0.800511	0.391533	0.728004	0.841018	0.165975	0.029973	0.603340	0.570990	
0.914893	0.583376	0.380121	0.974965	0.807364	0.146580	0.444317	0.085375	0.259826	0.326592	0.476734	0.611223	0.205029	0.349864	0.031722	0.117847	0.711351	0.147313	0.888819	0.925773	0.074729	0.569788	0.980254	0.763874	0.132071	0.227910	0.258077	0.251514	0.480330	0.271473	0.522232	0.458668	0.090543	0.325054	0.728259	0.675545	0.323180	0.322034	0.900496	0.543514	0.176374	0.641372	0.610557	0.897555	0.494264	0.602939	0.558349	0.250079	0.667588	0.628254	0.825960	0.198835	0.549131	0.452573	0.606777	0.482195	
0.767511	0.217601	0.016454	0.468955	0.284185	0.527214	0.133501	0.491425	0.352426	0.196937	0.423477	0.327526	0.916641	0.422236	0.776186	0.306568	0.027998	0.921764	0.639325	0.555170	0.462613	0.766043	0.859677	0.397204	0.377147	0.390489	0.989912	0.773233	0.498114	0.429971	0.099901	0.817997	0.260708	0.172351	0.130481	0.823543	0.809905	0.189209	0.847055	0.881684	0.180553	0.024827	0.990188	0.077018	0.993530	0.762603	0.243527	0.221330	0.320361	0.404269	0.121203	0.043936	0.817399	0.600689	0.819557	0.888656	
0.754547	0.170575	0.711543	0.233037	0.754581	0.798504	0.576240	0.502344	0.413516	0.347443	0.134426	0.465826	0.624524	0.616279	0.548888	0.444191	0.418419	0.048170	0.862358	0.835035	0.276847	0.615048	0.653373	0.749688	0.024005	0.601607	0.488510	0.110256	0.133947	0.557116	0.231470	0.986271	0.616073	0.779851	0.315647	0.095371	0.248425	0.445580	0.827811	0.968686	0.292399	0.010247	0.637725	0.893943	0.847038	0.454508	0.452366	0.728398	0.475218	0.546871	0.123135	0.383360	0.352661	0.273357	0.024208	0.032288	
0.812335	0.097515	0.163039	0.221731	0.442518	0.088585	0.117017	0.963323	0.325232	0.383101	0.152436	0.819926	0.595400	0.685568	0.335325	0.936214	0.760391	0.597719	0.025188	0.933507	0.495689	0.362590	0.839075	0.204941	0.836108	0.612673	0.354503	0.493640	0.525881	0.569511	0.897064	0.008866	0.539454	0.580885	0.426035	0.032348	0.536484	0.534431	0.720852	0.539867	0.327414	0.545504	0.585139	0.631819	0.218351	0.972226	0.707055	0.772870	0.587677	0.811151	0.868147	0.935437	0.238438	0.780191	0.209239	0.516250	
0.472597	0.218570	0.100897	0.168757	0.051720	0.434664	0.122075	0.005284	0.561288	0.723464	0.659934	0.834066	0.128769	0.857661	0.934314	0.874662	0.435664	0.464648	0.943622	0.855810	0.774387	0.754116	0.498007	0.606214	0.575834	0.488731	0.988580	0.134139	0.937054	0.455357	0.365711	0.278279	0.423250	0.337936	0.376331	0.362213	0.484220	0.047180	0.875729	0.041523	0.983073	0.687331	0.853051	0.089002	0.813270	0.661472	0.874377	0.980355	0.682677	0.664500	0.512037	0.209726	0.143042	0.978484	0.910301	0.470334	
0.550261	0.865028	0.979135	0.193416	0.498389	0.971385	0.794639	0.670394	0.270031	0.536325	0.361606	0.778325	0.002958	0.523419	0.776817	0.806634	0.151418	0.730390	0.625692	0.922957	0.778695	0.496847	0.846081	0.050651	0.502134	0.898181	0.333028	0.368388	0.433316	0.249246	0.885561	0.537210	0.727542	0.167531	0.191406	0.477315	0.984829	0.543435	0.141402	0.947023	0.181062	0.507276	0.521710	0.850075	0.767472	0.165159	0.155201	0.690011	0.969969	0.235977	0.948029	0.131477	0.687453	0.763767	0.268998	0.472392	
0.555994	0.964149	0.855332	0.032730	0.913545	0.275837	0.900258	0.951489	0.823389	0.031603	0.900758	0.704275	0.837991	0.417067	0.178832	0.557048	0.869126	0.812530	0.335421	0.347263	0.043148	0.317712	0.588948	0.813633	0.456667	0.183755	0.008315	0.945636	0.356073	0.953295	0.252161	0.269731	0.031540	0.845746	0.927520	0.615927	0.816110	0.914075	0.202840	0.817396	0.572944	0.016932	0.889182	0.427566	0.325271	0.780159	0.891204	0.698719	0.132151	0.289704	0.737475	0.030339	0.839270	0.958643	0.672123	0.701617	
0.777191	0.826327	0.681117	0.911627	0.634754	0.583819	0.741677	0.448701	0.827004	0.933498	0.644037	0.118064	0.908252	0.525417	0.852747	0.825442	0.945583	0.296310	0.905662	0.633087	0.899725	0.066373	0.499445	0.515229	0.253480	0.890929	0.412565	0.380824	0.085700	0.901192	0.133274	0.568385	0.378403	0.705556	0.072633	0.824480	0.555549	0.613759	0.405928	0.381444	0.577715	0.556926	0.281366	0.311097	0.843990	0.305513	0.938922	0.056121	0.738594	0.601389	0.100320	0.783585	0.316723	0.710864	0.526332	0.382060	
0.364680	0.094327	0.876736	0.013112	0.617712	0.697990	0.192523	0.873958	0.515788	0.742344	0.901216	0.271977	0.923273	0.940590	0.075149	0.553653	0.261636	0.085875	0.053404	0.859098	0.417612	0.227750	0.311200	0.541253	0.577054	0.443096	0.809526	0.696209	0.697914	0.182404	0.959449	0.212891	0.384036	0.359457	0.397754	0.108557	0.775644	0.425502	0.438014	0.913831	0.250351	0.493338	0.072000	0.792675	0.826346	0.542976	0.711135	0.006879	0.054634	0.532612	0.584891	0.267753	0.977475	0.447378	0.660010	0.430557	
0.718136	0.970238	0.113442	0.560050	0.737992	0.725582	0.858893	0.544298	0.098798	0.365913	0.718079	0.044223	0.326922	0.111042	0.852811	0.897292	0.465494	0.361083	0.630443	0.518723	0.024159	0.817561	0.976768	0.796577	0.438770	0.759255	0.796157	0.852402	0.295079	0.110010	0.505043	0.718837	0.874832	0.549472	0.001054	0.873709	0.312501	0.908263	0.053130	0.364834	0.867331	0.648748	0.927567	0.786568	0.464594	0.370536	0.903880	0.940172	0.169294	0.283987	0.557839	0.195559	0.848966	0.159609	0.808663	0.393995	
0.648532	0.339483	0.543893	0.798745	0.022629	0.978123	0.258654	0.705221	0.407939	0.598295	0.146903	0.836118	0.897677	0.897965	0.520170	0.382335	0.334702	0.744801	0.847870	0.887082	0.712827	0.797008	0.783500	0.399430	0.491437	0.157218	0.791580	0.634209	0.989063	0.395597	0.824133	0.677935	0.499751	0.037430	0.966281	0.218120	0.789717	0.650589	0.517357	0.764656	0.047744	0.647133	0.915210	0.528580	0.813515	0.413505	0.702110	0.796483	0.514175	0.549483	0.758426	0.159564	0.782731	0.121360	0.860172	0.308881	
0.807890	0.747240	0.237357	0.627372	0.199998	0.688520	0.132316	0.103970	0.318918	0.126947	0.421056	0.625487	0.096664	0.503874	0.632863	0.864753	0.768770	0.163852	0.887813	0.056999	0.832101	0.989919	0.230523	0.610908	0.747343	0.626785	0.024366	0.372185	0.999119	0.077867	0.688814	0.072735	0.554612	0.463710	0.027812	0.530236	0.266229	0.824330	0.614045	0.046193	0.173093	0.529786	0.925250	0.318489	0.778029	0.556352	0.338975	0.924426	0.865675	0.336012	0.908845	0.753399	0.386403	0.671826	0.012967	0.361836	
0.390998	0.383518	0.793592	0.240617	0.098363	0.038464	0.426056	0.330925	0.351026	0.185217	0.533185	0.434946	0.516345	0.920037	0.824792	0.715371	0.173495	0.532037	0.800896	0.538709	0.569624	0.336596	0.540063	0.287410	0.334458	0.150962	0.411242	0.787231	0.692680	0.456899	0.989141	0.733261	0.271159	0.129724	0.037953	0.971314	0.245606	0.603256	0.975431	0.676759	0.363292	0.177532	0.413628	0.702122	0.672032	0.623780	0.331290	0.823810	0.622339	0.674504	0.621967	0.267869	0.953728	0.653242	0.761790	0.239049	
0.157721	0.899617	0.381344	0.677657	0.760759	0.714549	0.658478	0.694497	0.491893	0.941109	0.014819	0.981432	0.080102	0.897707	0.964674	0.966975	0.553336	0.693744	0.468330	0.988057	0.672838	0.321137	0.240965	0.612132	0.384636	0.846718	0.762218	0.368002	0.462825	0.684212	0.402465	0.549894	0.517778	0.890482	0.615040	0.215197	0.581144	0.619193	0.551968	0.554968	0.784566	0.336058	0.229837	0.389103	0.969770	0.120161	0.724502	0.328036	0.913693	0.228388	0.097057	0.816610	0.979918	0.500311	0.667128	0.468489	
0.456965	0.998478	0.508608	0.379463	0.460896	0.850612	0.169678	0.427678	0.397167	0.612104	0.099652	0.172424	0.864518	0.611456	0.728013	0.983341	0.884492	0.871779	0.369399	0.871477	0.750866	0.015694	0.900738	0.003915	0.099439	0.792128	0.044734	0.278661	0.637287	0.440899	0.970061	0.550278	0.406059	0.247653	0.673299	0.605754	0.841219	0.344708	0.064820	0.039862	0.964643	0.363350	0.796542	0.918630	0.532127	0.799128	0.783770	0.356741	0.771463	0.965287	0.723524	0.868926	0.192489	0.306700	0.562258	0.421569	
0.178551	0.536279	0.426929	0.408921	0.814439	0.461244	0.557455	0.788038	0.422379	0.773680	0.324367	0.710646	0.856240	0.774165	0.363908	0.945400	0.980653	0.517553	0.936588	0.366638	0.134524	0.349236	0.645868	0.020897	0.890600	0.214150	0.437183	0.731822	0.942143	0.711921	0.701721	0.848511	0.138999	0.089955	0.292539	0.826614	0.284476	0.119042	0.313124	0.998590	0.934516	0.418690	0.137537	0.665121	0.656499	0.385732	0.034363	0.040594	0.600308	0.248949	0.587143	0.319910	0.251413	0.801962	0.578891	0.768261	
0.013293	0.885105	0.337464	0.230510	0.927269	0.352183	0.850485	0.134994	0.523327	0.343640	0.459506	0.982088	0.102501	0.275457	0.584602	0.194798	0.230670	0.748724	0.630129	0.562096	0.595476	0.519030	0.307056	0.896754	0.037967	0.940852	0.903943	0.208392	0.706990	0.687835	0.527567	0.889486	0.962536	0.326369	0.617444	0.150063	0.802745	0.658881	0.323117	0.940184	0.796029	0.858556	0.803976	0.706415	0.550796	0.802557	0.276883	0.836600	0.330253	0.832085	0.051435	0.160617	0.651241	0.963980	0.375134	0.335441	
0.785199	0.871134	0.260944	0.100141	0.971799	0.890104	0.594742	0.488102	0.889672	0.872692	0.302335	0.795286	0.852808	0.927933	0.663430	0.399104	0.457370	0.037804	0.847788	0.530055	0.040643	0.068270	0.146862	0.560380	0.876558	0.977642	0.466382	0.132469	0.532194	0.547132	0.323776	0.644253	0.216475	0.499461	0.820002	0.883849	0.449674	0.496030	0.508490	0.633071	0.489482	0.563941	0.383640	0.275055	0.756812	0.111458	0.768424	0.861734	0.437767	0.049161	0.390711	0.118414	0.885129	0.436922	0.670855	0.778668	
0.680705	0.116202	0.039019	0.980179	0.213444	0.876418	0.847347	0.966766	0.099347	0.542883	0.948937	0.330443	0.275742	0.227685	0.837357	0.106935	0.348962	0.582407	0.614394	0.183811	0.654223	0.809705	0.798382	0.786683	0.792398	0.387787	0.990864	0.575401	0.485594	0.213203	0.809439	0.841013	0.543275	0.546381	0.986006	0.985506	0.790422	0.141798	0.571683	0.486532	0.258048	0.105416	0.592548	0.515517	0.483903	0.401093	0.048859	0.451742	0.665526	0.749802	0.728315	0.291760	0.530519	0.107540	0.362040	0.466283	
0.468391	0.868999	0.252517	0.139080	0.113237	0.029762	0.782279	0.754229	0.479628	0.099336	0.239338	0.726680	0.824655	0.872058	0.428293	0.806782	0.910041	0.957621	0.060298	0.898977	0.636875	0.335630	0.410244	0.866958	0.593889	0.097815	0.357390	0.603084	0.658715	0.368740	0.813483	0.983691	0.851303	0.886081	0.038014	0.085135	0.713798	0.094042	0.510624	0.013913	0.927294	0.937740	0.936223	0.466730	0.015966	0.681946	0.010991	0.552973	0.606949	0.773895	0.224112	0.319852	0.279795	0.061952	0.374894	0.894933	
0.187593	0.586873	0.373497	0.718754	0.889072	0.218911	0.066337	0.762357	0.210938	0.318248	0.395281	0.372960	0.051994	0.465496	0.510777	0.729077	0.193101	0.822186	0.369553	0.956060	0.941640	0.158688	0.946856	0.681262	0.457296	0.592844	0.637611	0.527653	0.400716	0.116493	0.353577	0.609863	0.161520	0.113276	0.972990	0.789698	0.244308	0.922607	0.869431	0.348958	0.603380	0.179303	0.907606	0.930596	0.700104	0.219814	0.892659	0.600359	0.261727	0.585252	0.782970	0.149346	0.323336	0.218443	0.675823	0.519493	
0.509202	0.520194	0.405751	0.725129	0.497879	0.159536	0.774620	0.444716	0.473528	0.271063	0.404918	0.283777	0.492363	0.921020	0.069621	0.447388	0.139308	0.995631	0.418372	0.650914	0.665704	0.306788	0.570344	0.476671	0.781471	0.300372	0.168144	0.914642	0.086369	0.828691	0.276175	0.734813	0.243662	0.960542	0.451205	0.578284	0.421906	0.557233	0.636575	0.036123	0.781638	0.604434	0.920643	0.610287	0.354738	0.163003	0.715059	0.046396	0.628261	0.620754	0.618395	0.196374	0.084109	0.032551	0.787510	0.138730	
0.405169	0.518929	0.262240	0.332825	0.568196	0.247892	0.393643	0.241975	0.301227	0.101369	0.061766	0.959923	0.051350	0.866559	0.061148	0.408009	0.748453	0.792129	0.056155	0.627671	0.620781	0.907605	0.169851	0.036328	0.012308	0.390699	0.435440	0.219949	0.343096	0.325651	0.091797	0.870561	0.660598	0.850942	0.787644	0.341104	0.354177	0.422849	0.398288	0.995106	0.596874	0.484670	0.736427	0.519104	0.791127	0.483766	0.578415	0.723173	0.017018	0.955766	0.052729	0.213087	0.545579	0.930934	0.095113	0.354463	
0.311845	0.724300	0.543751	0.127793	0.088160	0.217801	0.965887	0.905589	0.515089	0.787567	0.158225	0.974724	0.636590	0.647671	0.831698	0.423689	0.841266	0.191814	0.391393	0.719895	0.931167	0.146128	0.878671	0.879960	0.913072	0.961579	0.668181	0.775102	0.841962	0.036473	0.424906	0.817202	0.608151	0.651189	0.328623	0.479097	0.308781	0.156845	0.676942	0.581212	0.704332	0.661312	0.479094	0.677283	0.859186	0.994716	0.173918	0.550264	0.820934	0.781612	0.572538	0.409348	0.885934	0.068771	0.602998	0.152892	
0.192774	0.679842	0.250618	0.992924	0.070881	0.393896	0.799558	0.026868	0.145614	0.770050	0.069190	0.599470	0.745591	0.518001	0.318225	0.655918	0.485097	0.182868	0.692884	0.845520	0.163432	0.008565	0.183577	0.583482	0.843913	0.047341	0.532930	0.868227	0.315053	0.627109	0.057121	0.144277	0.618786	0.277933	0.502937	0.075436	0.362869	0.629359	0.119433	0.875636	0.566372	0.876449	0.569789	0.377823	0.130904	0.518120	0.287959	0.730242	0.989542	0.218416	0.131628	0.158848	0.377853	0.040943	0.001047	0.460632	
0.839555	0.666722	0.081757	0.294186	0.049476	0.400685	0.474704	0.244181	0.139103	0.956724	0.756450	0.765228	0.903779	0.631588	0.722749	0.472245	0.429301	0.971649	0.183511	0.723718	0.078141	0.570423	0.255331	0.017091	0.277202	0.665165	0.089387	0.167954	0.236564	0.897991	0.891761	0.521618	0.509203	0.832120	0.759101	0.925702	0.680241	0.390088	0.310729	0.330005	0.380994	0.621582	0.425563	0.463547	0.589077	0.621440	0.731775	0.801900	0.636324	0.933692	0.189857	0.232668	0.355518	0.805670	0.029935	0.254177	
0.130846	0.881309	0.665294	0.218536	0.706394	0.735209	0.983033	0.679146	0.171129	0.014782	0.472231	0.231084	0.870206	0.493996	0.172430	0.311069	0.623932	0.859684	0.537234	0.543597	0.918195	0.681797	0.815916	0.520585	0.973781	0.348030	0.782817	0.273761	0.615869	0.553163	0.515930	0.091574	0.056609	0.429088	0.029478	0.837471	0.251491	0.848902	0.880211	0.054451	0.904854	0.300004	0.981596	0.340693	0.341522	0.385763	0.758086	0.997314	0.428595	0.408538	0.399086	0.405747	0.765276	0.717984	0.624136	0.499479	
0.174917	0.216660	0.373248	0.753976	0.451208	0.572222	0.617076	0.023990	0.995937	0.503744	0.678537	0.045600	0.164141	0.089300	0.536020	0.317267	0.388261	0.867449	0.091280	0.476279	0.761164	0.751783	0.618037	0.423910	0.208301	0.008997	0.837146	0.330651	0.818181	0.789563	0.008730	0.065137	0.640757	0.158500	0.554011	0.274526	0.683281	0.693415	0.802083	0.915292	0.044980	0.897221	0.978886	0.883412	0.647823	0.151267	0.779805	0.053545	0.148991	0.152600	0.846825	0.018177	0.453436	0.831424	0.828918	0.265902	
0.671005	0.756023	0.390995	0.446957	0.312409	0.695371	0.814630	0.512776	0.960960	0.666622	0.092502	0.337891	0.396392	0.801456	0.916031	0.099208	0.230480	0.236927	0.494665	0.660292	0.282109	0.899288	0.104579	0.060359	0.077440	0.873324	0.411781	0.715879	0.380530	0.033484	0.584692	0.883598	0.987922	0.436647	0.804410	0.289663	0.452603	0.183258	0.601015	0.622720	0.970599	0.848396	0.707260	0.190554	0.081609	0.384352	0.356729	0.481472	0.388475	0.827240	0.015058	0.279403	0.305853	0.024842	0.706279	0.585323	
0.143607	0.059258	0.997993	0.938657	0.473850	0.745902	0.590958	0.175231	0.145494	0.172317	0.119373	0.628213	0.914382	0.332095	0.300617	0.297538	0.351137	0.295092	0.606609	0.428732	0.556758	0.911038	0.402009	0.127150	0.088740	0.708055	0.751187	0.633340	0.989323	0.286230	0.882853	0.734164	0.940565	0.583121	0.263005	0.627632	0.186487	0.967480	0.624939	0.136000	0.394096	0.921792	0.180323	0.810853	0.520568	0.459586	0.680851	0.637411	0.223006	0.168590	0.232384	0.305774	0.334892	0.007368	0.367883	0.673509	
0.987423	0.907263	0.150434	0.337393	0.815199	0.074423	0.990729	0.117466	0.932366	0.699746	0.082278	0.583622	0.278775	0.377000	0.734359	0.408637	0.645811	0.889529	0.034016	0.467247	0.023899	0.345264	0.253504	0.228363	0.748787	0.350620	0.933630	0.248234	0.525233	0.859063	0.675743	0.981373	0.583601	0.117798	0.097823	0.466831	0.126715	0.136350	0.274826	0.566088	0.292823	0.854677	0.850951	0.438859	0.728145	0.635775	0.565623	0.725441	0.488050	0.766841	0.428284	0.707595	0.045768	0.935217	0.208659	0.344207	
0.418014	0.727936	0.301795	0.645148	0.464716	0.433827	0.898071	0.179563	0.002506	0.971993	0.180076	0.985789	0.523534	0.546438	0.422312	0.233675	0.089528	0.109290	0.128405	0.421263	0.035360	0.623460	0.014357	0.319551	0.749426	0.447653	0.971132	0.155345	0.354448	0.226859	0.592427	0.617085	0.422145	0.073279	0.480813	0.143671	0.349631	0.449604	0.570152	0.380851	0.060700	0.249080	0.261947	0.526498	0.106208	0.393155	0.213892	0.380590	0.736616	0.186587	0.948410	0.733602	0.097388	0.662028	0.952361	0.987118	
0.871384	0.044893	0.640623	0.749726	0.324749	0.445465	0.153121	0.174678	0.279923	0.107165	0.691523	0.526374	0.023973	0.456450	0.231282	0.989395	0.679766	0.235996	0.605680	0.067219	0.128602	0.469070	0.338738	0.171460	0.005013	0.846995	0.119392	0.485446	0.561772	0.119699	0.385465	0.895718	0.143383	0.385619	0.117436	0.679493	0.965521	0.527761	0.792311	0.922922	0.977845	0.493861	0.143286	0.240601	0.921203	0.498111	0.469395	0.371898	0.525544	0.361841	0.210355	0.889017	0.189897	0.480136	0.115997	0.779533	
0.172975	0.191079	0.252701	0.021319	0.791980	0.480572	0.913259	0.874153	0.609988	0.081782	0.277327	0.996220	0.387576	0.449432	0.879413	0.597416	0.502359	0.368649	0.220175	0.928964	0.909398	0.273530	0.262007	0.261460	0.383676	0.692339	0.314041	0.128227	0.164914	0.205192	0.806624	0.096715	0.591102	0.064042	0.855331	0.823432	0.402542	0.587386	0.244645	0.536544	0.192088	0.289324	0.917441	0.207747	0.995211	0.126681	0.215547	0.110816	0.688760	0.617926	0.167863	0.308820	0.538321	0.234954	0.745052	0.411287	
0.000380	0.443270	0.118163	0.000175	0.063957	0.915207	0.350253	0.086152	0.200881	0.583103	0.145438	0.939149	0.788130	0.466724	0.945601	0.470323	0.578622	0.863802	0.564611	0.810158	0.990835	0.908071	0.751389	0.380099	0.698302	0.321015	0.855126	0.527499	0.434268	0.176439	0.872234	0.325850	0.560355	0.147641	0.053630	0.753534	0.683166	0.385552	0.655829	0.386826	0.728854	0.197871	0.968006	0.227236	0.719593	0.782143	0.050437	0.042683	0.297645	0.735758	0.148124	0.395740	0.150897	0.265845	0.546943	0.160857	
0.360512	0.859777	0.084098	0.730792	0.490689	0.395518	0.620927	0.151917	0.628526	0.269847	0.376966	0.607940	0.446879	0.334588	0.526456	0.269619	0.854172	0.215486	0.216409	0.741961	0.459214	0.248223	0.575679	0.998713	0.287814	0.980855	0.934148	0.192643	0.462579	0.374849	0.022676	0.876003	0.773864	0.815118	0.037769	0.697371	0.694557	0.577123	0.345735	0.474442	0.844397	0.298330	0.044091	0.159572	0.018204	0.495706	0.178889	0.917727	0.463199	0.943026	0.289924	0.997950	0.585992	0.254718	0.150909	0.565276	
0.184456	0.773850	0.354578	0.735218	0.467842	0.413661	0.602633	0.599484	0.064234	0.566799	0.182907	0.338640	0.139821	0.700625	0.322518	0.286035	0.129505	0.735521	0.993306	0.856865	0.701663	0.107880	0.601914	0.370127	0.249872	0.020306	0.501674	0.201677	0.952304	0.932224	0.168202	0.781796	0.278144	0.781791	0.988056	0.732599	0.909181	0.994014	0.547841	0.177244	0.301066	0.230493	0.556496	0.444235	0.334472	0.783621	0.594718	0.800382	0.082734	0.144311	0.220828	0.760510	0.717388	0.641105	0.118665	0.062943	
0.015898	0.222471	0.725606	0.081194	0.043164	0.562753	0.430232	0.510744	0.945307	0.583757	0.531965	0.296145	0.098791	0.514583	0.755598	0.637187	0.870963	0.343890	0.526363	0.656648	0.289899	0.207410	0.582536	0.233098	0.373209	0.693978	0.161122	0.154527	0.927372	0.477369	0.246637	0.454466	0.974214	0.714170	0.223440	0.070105	0.590219	0.233470	0.995669	0.700597	0.283423	0.274051	0.384699	0.704459	0.097689	0.995041	0.296385	0.461926	0.247863	0.771177	0.546913	0.984642	0.118798	0.309886	0.684681	0.483344	
0.405060	0.412650	0.185974	0.101830	0.298938	0.627989	0.546378	0.865923	0.266010	0.265545	0.478382	0.950056	0.468300	0.711647	0.270425	0.121086	0.952386	0.465244	0.650845	0.422022	0.663945	0.545106	0.139926	0.004565	0.048129	0.218860	0.520297	0.123691	0.428857	0.141579	0.030328	0.374767	0.796401	0.121075	0.407084	0.397030	0.593108	0.281352	0.353165	0.138969	0.556026	0.927805	0.526744	0.064921	0.886833	0.654883	0.469165	0.899876	0.869661	0.712813	0.564048	0.347774	0.051979	0.890189	0.915043	0.806438	
0.386987	0.547392	0.785738	0.869332	0.818814	0.589732	0.553865	0.553545	0.510559	0.700272	0.376200	0.231762	0.677172	0.833324	0.151109	0.063284	0.374004	0.451827	0.222990	0.832314	0.845374	0.329782	0.911654	0.822766	0.149685	0.496820	0.571084	0.954065	0.850533	0.840471	0.427150	0.539738	0.514431	0.960897	0.312725	0.779224	0.215257	0.557339	0.992332	0.549124	0.903143	0.667903	0.774526	0.722482	0.409355	0.626701	0.466708	0.637660	0.158004	0.718559	0.391767	0.628828	0.606788	0.733935	0.566272	0.741138	
0.329003	0.943641	0.031007	0.728588	0.229076	0.276868	0.521728	0.676923	0.513084	0.150461	0.893264	0.511875	0.965455	0.099173	0.528869	0.001141	0.249351	0.961402	0.610905	0.720721	0.045279	0.535766	0.912117	0.246739	0.608170	0.330052	0.176488	0.001486	0.087737	0.673671	0.940969	0.474477	0.619594	0.470678	0.125869	0.070481	0.188987	0.738156	0.818935	0.526304	0.382095	0.928539	0.698283	0.700527	0.030684	0.402625	0.049010	0.161972	0.312981	0.899104	0.824048	0.609999	0.575832	0.114140	0.333050	0.821872	
0.496800	0.273728	0.680436	0.981103	0.348452	0.682773	0.260831	0.066066	0.477396	0.012663	0.934756	0.314480	0.970817	0.905355	0.069063	0.019012	0.477639	0.760948	0.266994	0.869195	0.125780	0.012908	0.396714	0.960423	0.044144	0.175554	0.595748	0.489488	0.918653	0.870433	0.122071	0.553580	0.182184	0.757784	0.056579	0.064624	0.178948	0.568969	0.156505	0.449771	0.502477	0.179550	0.115358	0.664791	0.063881	0.021727	0.424669	0.785662	0.889834	0.056032	0.170426	0.128771	0.198187	0.925034	0.227131	0.555341	
0.000129	0.827834	0.403929	0.149498	0.027850	0.653762	0.746531	0.059373	0.982871	0.582778	0.236060	0.502669	0.409288	0.788938	0.802509	0.366027	0.079170	0.918125	0.686486	0.950909	0.238847	0.166855	0.044096	0.621743	0.341632	0.180263	0.916070	0.011938	0.110635	0.961777	0.145156	0.715782	0.521665	0.707426	0.701530	0.922486	0.263007	0.925754	0.315569	0.334069	0.752018	0.234892	0.197264	0.993445	0.047707	0.221043	0.283025	0.417190	0.570732	0.012841	0.782951	0.212638	0.024668	0.353060	0.685889	0.997437	
0.201462	0.105994	0.479160	0.706625	0.054661	0.719731	0.864493	0.142377	0.261537	0.707486	0.090544	0.090446	0.058515	0.455448	0.130636	0.182311	0.685215	0.730823	0.387745	0.691242	0.365116	0.780092	0.547895	0.664833	0.077686	0.853920	0.292442	0.283442	0.387872	0.095362	0.191776	0.850605	0.565979	0.041366	0.018876	0.396130	0.143582	0.613600	0.098691	0.500909	0.650752	0.344607	0.299195	0.294152	0.366940	0.205574	0.667188	0.435706	0.637607	0.186890	0.209680	0.040475	0.759242	0.044739	0.932509	0.034310	
0.900476	0.526456	0.006967	0.886737	0.210122	0.932622	0.148490	0.110476	0.845401	0.442581	0.880387	0.408343	0.137132	0.497562	0.998730	0.652903	0.910790	0.098876	0.999966	0.291664	0.077924	0.087398	0.592615	0.012512	0.495241	0.493097	0.938149	0.015256	0.354522	0.144923	0.044690	0.252457	0.977183	0.873236	0.336947	0.187238	0.389186	0.641286	0.472510	0.419817	0.108891	0.343379	0.814354	0.122322	0.871453	0.522128	0.065070	0.871622	0.125919	0.019403	0.909759	0.877738	0.481276	0.280746	0.172822	0.921538	
0.613477	0.328754	0.623552	0.596707	0.718320	0.411148	0.893420	0.825643	0.027629	0.482206	0.051686	0.236333	0.878967	0.486749	0.217642	0.333502	0.673203	0.258949	0.113332	0.791760	0.974490	0.615042	0.485677	0.887250	0.285731	0.450694	0.729398	0.870381	0.204106	0.660154	0.765416	0.252866	0.655912	0.735375	0.367470	0.600896	0.730042	0.209871	0.656623	0.729025	0.466576	0.279772	0.866745	0.804340	0.507283	0.492599	0.458150	0.711319	0.257280	0.883305	0.973828	0.966711	0.700138	0.919588	0.273702	0.299116	
0.828332	0.936253	0.729041	0.765929	0.205086	0.509022	0.003993	0.777297	0.667034	0.886023	0.144802	0.344731	0.029316	0.201701	0.912933	0.043297	0.079705	0.436344	0.720141	0.045069	0.460800	0.588463	0.774432	0.726066	0.026361	0.082328	0.464823	0.016103	0.691379	0.797157	0.718621	0.345578	0.820003	0.607072	0.984194	0.465372	0.206232	0.909788	0.419594	0.422130	0.247942	0.617118	0.931517	0.206904	0.851025	0.227208	0.844515	0.367972	0.354708	0.204663	0.627184	0.783897	0.723870	0.814079	0.329538	0.589419	

Printing Matrix C
12.683765	16.644306	13.975836	15.255030	13.237646	15.649766	16.057722	14.737685	13.125983	13.950403	12.239364	16.006284	16.165287	17.313479	17.093791	14.265309	15.659570	17.204951	16.462310	19.942781	15.547107	13.402222	17.145395	15.705840	13.795087	15.762167	15.880746	14.554325	16.759464	13.916846	15.985428	17.468062	16.626189	13.623764	12.556897	15.955451	14.115237	15.508479	15.604527	14.791466	17.042057	14.546030	18.357343	16.137013	15.874719	14.686746	15.621132	15.383433	15.354242	15.370478	15.485977	12.162692	14.604886	12.538258	15.159637	14.497816	
11.375805	14.343548	11.832072	11.880840	11.863916	14.430839	15.375687	12.390180	9.951487	13.018018	9.202035	15.898086	14.275693	15.444297	13.988237	11.605376	13.585451	14.527446	13.231188	16.823736	13.809917	11.780920	12.097914	12.814904	12.700164	13.163511	14.265919	12.116106	13.417312	11.576852	13.555282	14.388040	13.750236	11.905231	10.898793	13.398123	12.745651	12.443861	12.810089	12.682183	13.349961	13.104001	15.922372	12.694002	15.355829	13.203206	12.541741	13.936659	14.810627	13.423000	12.544490	11.376481	11.548356	12.385856	12.324759	12.278640	
12.299028	14.587954	11.976422	13.183983	12.954648	13.483980	14.370745	13.178001	12.936676	12.837746	11.357476	13.998029	14.334150	15.434177	14.823186	13.592202	14.134840	16.066617	13.582580	16.754837	11.692969	10.948586	13.180178	11.776463	10.930542	13.104015	13.339756	12.135357	11.995529	13.223368	12.630646	15.332427	13.305504	12.882476	12.141792	14.475005	12.941456	13.289953	12.677333	13.663118	14.805421	12.624509	16.480735	13.385108	15.311730	11.711289	14.329362	13.051938	13.512242	12.661126	13.784621	11.358251	11.180555	13.175755	14.232163	14.518051	
10.654215	12.427168	12.810267	12.500348	11.321765	12.028681	13.093543	12.484862	11.520020	11.181088	10.193272	13.195338	13.882903	14.060659	12.459515	12.564330	13.006135	12.959254	13.376835	15.367813	11.742990	10.409068	11.663503	12.226019	10.769100	12.828123	12.544970	12.751075	13.270723	12.183014	11.909512	13.029808	13.171425	12.207044	11.229354	12.085094	13.032486	12.845165	12.606084	13.923845	14.536108	11.104554	14.193921	12.732365	12.631448	12.943425	12.929291	12.691383	13.137584	12.361911	12.414501	11.306360	10.947231	11.829788	11.805506	12.679108	
11.787033	14.922051	12.435137	13.440522	11.920835	14.171943	15.217620	13.523186	12.804992	12.332288	11.095835	14.168191	14.130193	15.047948	15.281979	11.898547	13.793170	15.348578	13.176793	16.953067	14.028683	12.090754	13.969074	14.241724	12.294996	14.163636	14.030823	12.283804	13.739946	12.097160	13.523050	14.785949	14.206421	13.136919	11.566545	14.405149	11.897204	14.382822	14.178867	13.136742	14.736350	12.482377	16.544420	13.043029	14.091943	12.853908	14.049234	13.532033	14.128360	13.600801	13.559340	12.522386	12.771785	10.863789	14.146627	12.896562	
12.499728	15.424756	13.040808	13.777079	12.844741	14.864879	15.123369	12.746309	12.306798	13.404854	12.016840	15.168572	14.324935	16.712352	15.714743	13.372586	14.745916	15.802995	14.872872	18.431357	13.309385	12.392450	14.500229	15.824976	12.130386	15.166692	15.261216	13.124618	14.719979	12.971648	13.784566	16.600674	15.120727	14.037153	12.158380	15.337874	13.724762	14.749953	14.912891	14.530435	15.809469	13.113601	17.158293	14.415715	14.949805	14.187955	14.550282	15.937590	14.456784	14.650377	13.821455	12.237133	13.567676	13.178336	14.057357	14.278905	
10.997103	13.832914	11.394598	12.485371	11.340657	14.754549	14.144973	12.473653	11.269343	12.095332	10.829024	13.503832	11.648842	14.555154	14.937886	12.338994	12.433478	15.318783	14.788631	16.716931	13.962719	11.969187	13.829193	13.079157	12.283353	12.639920	14.364855	12.993144	13.743848	10.569963	11.999408	14.306353	13.720707	11.591527	11.149020	13.870437	13.065828	12.981133	12.616487	13.426738	14.695965	12.253112	16.940061	12.934363	14.958177	12.540357	13.831331	14.288253	13.166656	11.957165	13.298271	9.606054	12.597970	11.432138	13.655515	12.015480	
12.818210	13.953473	12.597805	14.265641	11.830390	13.198498	13.865221	11.932467	12.361016	11.740821	10.695404	14.337171	13.376117	15.030987	14.111020	12.497287	14.075742	14.891581	12.864176	16.456483	13.329317	13.080579	13.812735	13.158155	10.239141	13.271336	13.404199	12.744077	13.885107	13.189914	13.399126	13.874692	14.330465	12.954915	11.979805	13.343939	13.161798	13.526270	13.902209	13.648656	14.307274	12.819845	17.400573	12.367025	14.719644	12.386158	14.112722	12.990478	13.549725	13.437710	12.770382	11.678220	12.391343	13.085968	12.449495	12.756683	
12.288731	14.630987	13.983779	14.251898	13.095810	14.297664	15.889480	14.385540	12.783173	13.726835	11.456661	15.615483	14.308943	15.325412	14.942040	13.607506	14.257213	15.743903	15.021133	17.509048	14.012437	13.518081	14.239250	14.256024	12.775029	13.347580	15.397458	13.245617	15.073829	12.995037	14.558978	15.163572	13.950252	12.046106	13.576857	15.538042	14.665246	14.527839	14.488555	15.346965	15.062652	12.007400	16.812859	14.729080	15.486556	13.578412	14.651368	14.119659	14.902240	13.252304	16.207528	11.893659	13.342995	13.312183	15.085795	14.190837	
13.401548	14.480060	12.864928	14.151115	12.283652	14.860302	13.297004	13.963446	12.640567	12.939743	13.177960	14.500962	14.807348	14.877661	15.835817	13.578513	14.268698	15.702794	14.534455	16.165569	14.175899	12.376902	14.452024	13.862881	12.731358	13.999905	13.602173	13.335657	14.004934	13.112073	14.233715	13.360739	14.175399	13.049893	13.012661	14.859427	14.271869	13.958056	13.881657	14.404108	14.084385	12.803575	17.608662	12.576914	15.958015	13.382270	15.055396	12.639707	14.338938	13.258377	14.474065	11.607510	13.062013	12.796545	13.026913	14.062865	
13.016537	15.063676	12.313270	13.206854	12.053281	14.471240	16.039157	13.848824	12.594441	13.500788	11.341956	15.810346	15.051688	15.793307	14.720151	13.625318	14.787792	15.558185	13.133380	17.788196	14.433297	13.906345	13.743234	14.116797	12.623652	13.529844	14.813388	13.080085	15.014007	13.467678	15.066421	14.200336	15.441019	14.079805	11.959555	13.752994	14.305187	14.235229	13.693847	14.087423	15.718236	13.767449	17.162290	13.440069	14.429977	13.955772	14.587325	16.155001	14.181565	13.758306	13.570838	11.577335	12.939322	13.870199	13.178896	13.680861	
11.849248	13.332138	12.737157	13.598034	12.685508	14.071718	14.081371	12.942730	11.521084	11.694273	11.797362	14.751593	13.207565	15.543749	14.416217	11.944638	14.184100	14.321835	13.369084	16.720704	12.206459	11.313652	13.355277	12.708208	11.712510	13.935986	13.746053	11.898925	13.526582	10.769316	12.767929	14.246721	13.473666	12.610091	11.551397	13.301432	12.439987	13.988455	13.952499	12.379651	12.790615	12.260932	14.812193	13.038514	14.546729	12.944739	13.591352	13.428767	13.951811	12.136719	14.631047	11.947738	11.942954	10.985710	13.057113	13.683974	
13.223735	16.116016	12.110513	12.655909	12.577265	14.625526	17.390129	13.714890	12.797644	12.514157	10.260145	16.082166	13.905224	15.655600	14.708327	12.865033	14.240463	15.473207	13.678007	17.522162	13.807951	12.988882	13.402287	14.500749	13.150371	13.205879	14.829970	13.132820	13.486337	13.007128	13.794630	15.006902	15.042103	13.487106	12.998249	13.998801	13.858180	13.957725	13.454093	14.358803	14.559807	13.904693	18.699066	14.089545	14.996060	12.718823	14.332096	15.413111	14.435461	12.844274	14.887349	11.512253	13.243988	12.670631	14.300730	13.348998	
12.080280	14.177353	10.970242	13.171614	11.825938	13.994770	14.620651	12.527164	10.862197	12.026446	9.509588	16.204595	12.493498	14.745182	14.158620	13.521489	14.379488	14.349068	13.954501	18.049089	14.680879	12.420811	14.407757	13.041619	12.268496	13.871028	13.777906	12.370800	14.021178	10.465792	13.540956	14.297510	13.811736	12.185271	10.967635	13.595673	12.909781	14.000581	13.603185	12.612421	14.656075	12.981114	16.501879	13.283924	15.513771	13.676268	14.044679	14.976943	14.683781	13.684300	13.035341	11.961649	11.792766	11.281562	13.595433	11.942562	
14.983191	16.662023	16.433727	16.467943	14.882428	17.862622	17.818046	16.198393	16.562666	15.506554	13.856497	18.183092	16.648866	17.827107	18.441257	15.111176	15.848206	18.230040	17.673172	20.610447	16.299946	15.975463	16.709751	16.700663	14.201797	17.248467	18.341140	15.724324	16.946239	15.046754	17.024167	17.929318	18.199574	14.993005	15.039862	16.874810	17.011069	17.256766	17.958879	19.032984	17.482328	15.304498	20.894457	16.249706	18.338452	15.539695	17.388456	17.359088	16.302602	16.082409	17.575896	14.573924	16.026929	15.658860	17.808406	17.045710	
13.649527	16.500602	13.000417	15.091830	13.210237	15.794813	16.629030	15.031066	15.605104	14.571298	12.615745	16.132827	14.812043	16.026139	18.074981	13.519942	14.330593	17.865610	15.634958	18.117477	15.080654	14.588674	14.743970	14.541555	13.346038	14.439130	16.816654	14.118424	15.845679	14.437592	15.141171	15.746401	17.003286	14.348188	13.874192	15.472519	15.195683	15.661176	15.289921	15.700120	16.155784	13.818073	19.501144	14.078816	16.159212	14.920520	15.379785	14.448507	14.457192	14.580320	15.123656	12.990938	14.584483	13.392289	16.154443	15.387139	
12.803759	15.311411	13.031928	14.110242	14.169381	16.120685	16.393120	13.867127	13.099020	13.670237	11.747819	15.661150	14.798464	17.170417	15.776267	13.893348	15.482368	15.945884	14.603598	19.840806	14.287814	13.107239	14.683131	13.951493	12.406710	15.179090	14.717057	12.960757	13.929492	12.847412	13.603451	15.459424	15.576394	13.381930	12.818527	14.266058	14.570407	14.955387	15.383203	15.529106	15.281921	13.557620	18.266190	15.233517	16.169563	13.612101	14.605365	14.338283	15.279508	14.736151	14.735885	12.457415	12.959160	12.913478	14.957943	14.156387	
12.993104	14.665528	12.181040	14.017734	12.523337	13.933556	15.094594	13.584031	13.759925	13.327183	12.689764	14.897284	12.825005	16.347970	15.804578	13.393936	15.116274	16.033827	15.010278	16.951784	13.667488	12.590287	13.551647	13.477180	12.429182	13.276081	15.110894	12.390419	15.475447	13.472312	12.509305	15.651177	15.111907	13.766701	12.156822	14.644847	14.298276	13.153228	14.474378	14.013344	15.003989	13.008882	16.702023	13.123090	15.591632	14.227213	14.145942	14.693327	14.224920	13.614067	14.758058	12.351805	12.495270	13.334117	13.409565	13.892344	
13.282263	14.641360	14.609233	14.432840	13.439388	15.263597	16.024552	17.113648	12.976106	15.226342	11.839231	15.282441	14.421322	15.877174	17.031977	13.987002	14.004416	15.909738	14.725700	19.181288	15.531758	13.440447	15.810418	14.446577	13.154175	15.861335	15.045781	14.881385	15.475853	12.763342	15.812249	15.218560	16.231544	13.774938	13.055580	14.935059	15.189875	14.418985	14.707749	15.294733	15.298033	12.301442	17.879188	14.776105	16.682686	14.816749	15.735324	14.731096	14.562618	14.622786	15.596817	13.285475	14.633684	12.754003	14.729016	13.339732	
15.329805	17.501402	14.073154	16.482365	14.132827	16.970355	17.220546	15.631065	14.503384	14.077183	14.459337	17.702869	15.079159	18.165774	18.490528	17.030308	15.759033	17.691159	17.620192	21.293199	16.712362	15.742743	18.469519	17.137438	13.986992	16.223332	18.270966	14.093531	18.010036	15.418814	17.375524	17.615781	17.721598	16.268776	14.451508	17.185037	16.912156	18.215650	17.961872	17.226806	17.424386	14.713790	20.562675	17.161870	18.166630	15.716982	16.503186	18.431817	16.085482	15.612723	16.777890	14.129190	17.016507	15.474444	15.926922	16.217787	
12.608269	16.163148	14.322608	14.904486	13.527302	15.337062	15.526469	14.002731	13.838036	13.924487	13.215830	16.844051	13.884114	17.495886	16.227119	13.956561	14.520304	16.857576	15.127312	19.622180	15.219871	13.245932	15.568360	14.391464	12.048401	14.089005	16.172281	13.723850	16.443759	14.437242	14.407194	15.843547	15.860603	14.451365	13.191289	15.291956	15.020562	16.188963	15.538991	15.661959	16.906184	13.606120	17.159520	15.596375	16.834941	13.952753	15.339899	15.507314	14.596298	14.334343	15.151695	11.854147	13.655912	15.064347	14.623949	15.027535	
15.142849	17.409356	15.098954	16.930686	15.494947	17.958089	17.879499	16.071155	14.899705	14.183429	13.284790	17.779288	16.547187	18.050846	18.189967	16.215413	17.875007	18.420195	17.958901	20.056696	16.158240	15.448759	17.035328	16.282100	15.280713	17.137632	16.897765	15.196070	17.418930	14.815187	17.369740	17.668031	17.929422	14.863833	13.485780	16.821815	15.323746	17.158085	17.102869	16.937021	17.509803	15.398093	21.063647	16.611511	18.064351	15.452499	16.592551	16.821779	17.278522	15.654567	17.558401	15.229358	15.410063	14.096494	16.109171	16.330207	
12.012090	13.914172	11.940166	12.340651	11.419691	13.875985	15.903771	13.166129	10.824296	12.590229	11.209956	15.872230	13.705526	15.806659	14.301652	13.053998	14.086692	14.514419	12.984065	17.104433	13.458022	13.461283	13.445796	12.747686	12.808041	14.443633	15.123091	12.747799	14.438872	11.230416	14.672565	14.867650	14.837971	12.546662	10.858424	14.168214	13.481018	13.094406	13.725812	13.578990	14.911971	12.942555	15.810483	13.562742	14.404580	13.183721	12.878474	14.949332	14.206976	13.916979	13.748103	11.235239	13.078548	12.672201	13.558565	13.087684	
11.705357	13.754405	12.263318	13.708502	11.402081	13.629656	13.541701	12.582965	11.189355	12.576959	11.795889	14.535918	12.460456	15.305950	15.025732	13.158856	13.536732	14.980881	14.462481	16.787259	13.168906	12.630437	13.547508	13.230169	11.513047	14.385078	13.860122	12.637575	14.585086	11.148170	13.751454	15.586853	14.668547	12.646080	11.430650	13.662676	13.468407	13.264426	14.241067	13.372979	14.745617	13.016701	15.804679	13.835721	15.488748	13.214892	13.446745	13.424357	13.969313	13.969607	13.213392	10.916939	12.657327	11.653468	12.453325	12.883261	
11.737656	12.534021	13.684124	14.963235	11.948220	13.425134	13.974652	13.365475	11.127963	11.784357	11.367485	13.659814	12.411528	14.297926	13.855915	11.783171	13.255172	13.525877	14.190803	15.522159	13.548922	12.751704	13.546320	13.800834	10.648490	13.424853	13.586136	13.028064	14.692635	11.524489	13.311962	13.834864	14.885469	12.373798	11.719332	12.959259	12.139559	13.944831	12.883130	13.523522	12.978424	11.933917	15.772226	13.331396	14.948567	12.074844	14.306346	13.710929	13.293662	11.811824	13.704279	10.494956	13.544210	11.477791	12.371707	11.717324	
14.684651	16.320994	14.185101	15.567021	13.258130	16.988834	16.740758	15.153660	13.816196	14.748748	12.581235	16.989591	15.023695	17.997869	17.149978	14.838483	16.583334	16.380893	17.086629	19.190006	15.409011	13.833929	15.718932	15.184612	13.767808	15.372202	16.825238	13.819581	16.074751	13.619560	15.379871	17.143840	16.276068	14.516185	13.721773	16.146062	14.202636	15.361959	14.838927	16.341275	16.830798	14.425419	18.280308	15.234832	17.390883	14.344433	16.004893	17.991362	16.862623	14.857718	16.177008	13.640623	14.165489	14.938197	15.096465	15.017800	
12.441335	14.475546	12.528465	14.902271	12.279083	15.423656	16.316892	13.395260	13.468463	13.415938	11.232408	16.080092	13.741229	16.213387	16.334694	13.612118	15.519615	15.993017	14.842464	18.022904	15.302233	14.220069	14.098671	14.335444	12.114579	15.501141	16.270799	13.755172	15.092385	12.072792	13.308648	15.812365	16.181920	14.008713	12.958889	15.412250	14.781466	14.485214	14.806934	14.857040	16.167458	13.880319	18.176800	13.136267	15.682806	14.915061	14.156442	15.357590	15.067094	14.341651	14.313894	13.507410	13.642065	12.762865	14.937296	14.443199	
13.107361	15.826183	12.342990	14.499872	12.387346	16.036137	14.967261	13.603576	13.570120	13.646023	11.926018	15.203371	13.997536	15.779807	16.337775	13.755734	13.958803	15.975014	15.568247	17.485702	14.385668	13.431551	15.117570	13.043650	13.232331	14.134745	15.549197	12.443469	16.000435	13.322192	14.863983	15.533560	15.373169	12.645477	11.855664	14.351217	13.369977	14.596841	14.435906	14.533812	15.557632	14.097686	17.251339	14.154132	15.086457	13.411028	14.374275	15.029540	14.449134	12.992032	14.589496	12.371659	12.323105	12.915350	13.855350	14.615960	
12.449221	15.417976	13.205738	14.131700	13.610057	14.787734	16.951268	14.151945	14.073848	15.061709	12.633504	15.629492	15.512358	16.601843	15.939828	13.410814	15.724686	16.308543	15.900952	19.059393	14.370795	12.151664	14.487798	15.015888	13.754476	14.841407	16.369841	13.246292	15.720050	14.992993	13.895561	15.668659	15.398097	13.886270	12.491257	15.490713	14.067180	14.531570	15.309490	16.039715	16.269737	14.016835	16.932767	14.875087	15.510688	15.221130	15.075557	16.289800	15.478270	15.251941	14.313137	12.717931	13.832746	15.145643	14.556406	14.009787	
13.756382	15.382557	11.372549	13.413771	12.590938	14.272840	15.007990	13.934293	12.828069	12.724104	12.100345	15.475386	14.091322	15.144353	16.005693	13.007321	14.113370	15.793170	13.853911	17.002863	14.075164	13.211774	14.356915	13.426509	11.980834	14.283419	14.481493	12.644785	13.969433	12.100597	14.425220	15.878772	15.425395	12.277859	13.361787	14.260945	14.547620	13.464422	14.070088	14.483223	15.501039	14.357423	17.728947	14.029158	15.358728	14.042936	14.391258	13.983021	14.458586	15.337997	14.140015	10.986024	11.852048	11.827188	13.813313	13.882246	
11.925960	13.826799	13.194668	13.053448	12.147228	14.814267	14.239484	14.003351	11.272836	12.077950	11.275363	15.053608	14.365558	16.190746	15.248066	13.918560	14.388594	13.937009	14.492956	16.992550	15.276722	12.457778	13.091321	12.981780	12.157237	14.766042	14.158719	13.668992	14.916781	11.418183	14.828948	13.623401	15.475596	12.469530	12.865849	14.072987	13.827490	14.332617	14.602500	13.247973	14.470083	13.025195	17.856577	13.170158	15.662684	14.189366	14.401795	14.976369	14.001704	14.552662	13.699119	12.543012	13.067418	12.157363	13.436573	13.172796	
12.076350	12.964259	12.533379	13.277231	10.436818	13.035249	12.802583	12.107407	10.987707	12.477321	11.632658	13.667859	13.327482	14.896263	14.128011	12.010476	13.228368	14.051306	14.693176	16.214922	12.918144	12.114842	13.666211	12.250560	11.561112	12.222554	13.739469	11.916498	14.659730	12.134006	13.113933	13.690732	14.236640	12.340083	10.381015	12.903105	12.672778	12.588627	14.308589	13.715771	12.724290	12.456003	15.881652	13.054857	15.047809	13.655512	12.903973	13.388979	13.347517	13.265554	13.578134	11.187059	12.322447	13.479547	11.986341	12.652104	
12.871601	13.713926	11.876353	13.929666	11.331167	14.027790	14.517369	13.842195	10.865317	13.035250	11.483910	15.285889	12.287888	15.324815	15.540188	12.659292	13.158136	15.336991	14.550702	16.861759	14.493205	13.652950	13.942785	13.201369	11.690927	13.761072	14.382831	12.519079	14.590151	11.644357	14.721356	14.423195	14.778761	12.510476	12.399148	14.851569	14.025746	13.503884	14.730194	13.528946	14.870180	12.365324	16.491162	12.788140	15.264368	13.837317	13.673143	14.663609	15.150208	13.937304	14.346927	12.118656	13.043138	12.917343	14.148544	13.322363	
14.265740	14.703483	13.042678	15.624524	13.325032	15.015360	14.809326	13.333866	12.484538	13.765060	12.131401	15.905476	13.651240	15.833730	15.743517	13.871014	15.270702	14.572368	15.022873	16.291562	13.669670	13.541821	14.329494	15.224312	12.885889	15.544274	15.626806	13.561222	15.114929	12.798309	13.412402	14.847000	14.868446	13.743070	12.641403	15.402122	14.377737	14.861459	15.291349	14.491034	15.192915	12.854538	17.442778	12.832791	16.569625	13.705025	15.184492	14.668170	15.443886	13.003454	15.507994	13.671664	13.780673	13.809867	14.306024	14.908479	
11.329533	14.876627	12.331735	14.163415	12.167777	14.533060	15.694214	11.693430	11.720715	12.826580	11.088650	14.705610	13.239771	15.108461	15.203162	14.103613	14.298212	16.666220	13.957157	18.209815	13.914960	12.681724	14.370677	13.223455	11.675899	14.824141	14.946854	12.035399	13.750317	12.331615	14.006249	16.151116	15.121327	12.990312	11.401418	14.091432	14.266799	14.426079	14.184199	13.404203	15.979977	13.824688	17.057322	14.810142	14.616661	13.020237	13.526590	14.059117	14.495239	14.156771	13.748595	11.958181	11.403184	12.204582	13.625612	13.754828	
13.005664	17.098777	14.345453	15.677359	15.175385	15.565902	17.706637	15.792207	13.088905	14.601628	12.155682	16.770499	14.769600	17.367938	15.872183	14.571227	16.281877	18.123458	15.132111	19.550061	15.338300	13.579630	15.862807	14.899412	14.082103	15.087021	15.356264	14.261178	15.890659	15.115628	14.841908	16.217451	15.960503	14.647323	14.554735	15.865174	15.660656	16.156948	15.864957	16.398918	16.611565	14.044905	19.313366	15.422515	16.109409	14.798115	15.660508	15.491629	16.057234	15.191798	15.834521	13.897761	14.430105	15.194517	14.810661	15.239064	
12.848056	15.160736	12.999580	14.045985	13.277818	15.195496	14.071358	13.145208	13.003803	12.921410	12.323781	14.814273	13.653596	14.868561	15.206790	14.006008	14.437526	14.086021	16.298917	17.269477	13.219488	11.334787	14.237042	13.785111	11.751457	15.247502	13.705993	11.977470	14.889822	13.478489	12.553458	13.909412	14.820383	13.236095	12.098122	14.225139	14.034334	15.325960	12.853856	14.978664	15.207479	12.690162	16.501194	13.306109	15.976345	13.212271	15.339454	15.196805	14.432356	12.724805	13.190549	11.893119	13.609044	13.384177	12.651595	13.349474	
12.279498	12.655562	12.143217	12.450562	10.701056	12.445992	13.182830	12.886680	10.498131	11.620910	9.815840	13.453391	13.590018	13.301846	13.588973	12.381870	12.430037	13.238552	12.892217	15.920279	12.660861	12.196028	13.543605	12.883561	11.041627	13.037475	12.782480	12.055803	12.934078	10.595512	14.597005	13.389009	13.584437	11.874255	10.210991	12.271836	12.942992	12.729180	13.962850	13.109928	12.912402	11.470487	16.420614	13.367057	14.317277	12.991606	12.376132	12.683379	12.792439	13.078347	13.601299	12.312279	12.079534	11.243073	12.277934	12.033730	
10.241933	11.496728	11.642385	11.006659	10.832842	12.014797	13.112139	11.610888	10.198617	11.215151	10.129455	12.523231	11.883549	13.632135	12.366420	11.954790	11.995644	13.205011	10.478759	15.344505	11.474659	10.980462	12.064105	11.563221	9.626166	11.428013	12.340376	11.851951	11.914137	10.714473	12.016769	12.990613	12.259472	11.751771	10.132359	12.192748	12.319843	11.794029	12.306997	12.292999	13.566393	10.367882	13.867187	13.118314	12.529433	11.213999	11.938143	12.113141	10.847355	11.124243	12.770947	9.603487	9.556594	11.517794	11.647921	12.251970	
12.703620	14.497809	11.813261	14.086290	11.444615	14.230455	13.648536	12.446737	11.872948	11.663739	12.489369	13.804569	12.658086	13.761633	14.908115	12.664217	13.667841	13.858404	15.649606	15.146429	12.472001	11.708328	12.864684	12.946181	12.319992	14.656477	13.128411	12.077057	13.619086	11.106041	13.286983	13.855173	14.788621	12.043270	11.225404	13.583572	12.774097	13.926610	12.766865	13.513872	14.756559	13.391330	16.292384	12.183099	14.333296	12.500783	13.968678	14.952356	14.333110	12.999179	13.469992	11.687967	12.234604	11.945875	12.067898	13.235255	
13.789435	15.944052	13.335565	13.907937	13.300147	14.400329	15.622468	13.244314	12.959926	14.037927	11.293539	14.885184	14.358393	16.869961	15.132229	14.766507	14.248334	15.057371	14.896820	19.154581	14.025281	12.323326	15.070675	14.055033	12.394051	14.756838	14.589312	13.427561	14.925958	13.522042	14.260240	15.984938	13.679728	14.116585	12.560570	14.670854	15.025310	14.537748	15.857931	15.152706	15.456725	13.289885	17.270632	15.296079	15.989440	14.151957	15.273707	15.524457	14.413430	14.985461	14.005880	12.346919	14.181103	13.625793	14.029603	13.145264	
13.503580	14.813468	12.281024	13.713390	12.294160	14.513976	14.374921	13.320576	11.627028	12.422451	10.934172	15.261052	14.321888	14.909868	14.361995	12.780423	13.689276	15.088422	13.768632	16.547271	13.677963	12.998828	14.614550	12.923101	12.485691	13.339619	13.921370	12.565661	14.464864	12.461453	15.028264	14.350336	13.634079	12.492619	11.170724	14.139490	13.657144	13.564915	14.143593	13.961193	13.920561	12.094924	16.796896	13.722084	14.250170	13.416784	13.323567	15.232984	14.094603	13.469963	15.336779	13.019398	12.077545	12.669731	12.767762	13.096755	
12.978855	14.638540	13.070364	13.762342	13.095708	15.331205	15.935621	13.884572	12.717779	13.841640	11.283573	15.097496	14.381795	16.060695	15.519970	13.427719	14.192242	15.645135	14.042290	17.578034	13.680847	13.527138	14.571276	13.916855	12.682773	13.719199	16.724805	12.666006	15.443428	13.789734	14.332484	15.483831	15.278229	13.598895	12.564880	14.579487	13.543480	14.191234	15.106854	15.758571	14.350219	12.618666	17.852484	14.417742	16.040752	13.465055	14.342734	15.372737	13.572116	13.117315	14.066905	12.408937	14.346816	14.012509	14.050066	14.053519	
14.977664	17.694014	15.542262	15.254935	16.377512	16.529802	16.820760	16.051759	14.182355	14.761882	12.712459	16.592145	15.962636	18.405731	16.732253	16.524315	17.058715	16.867517	17.232811	20.581890	15.681603	13.908073	17.407860	15.347506	13.843036	16.884349	15.932611	15.256987	16.705361	14.626571	16.492399	17.642990	16.394410	15.048427	13.507971	16.831090	15.728698	17.101461	16.206126	16.843375	17.993026	14.065295	20.179543	17.071608	18.861567	15.320490	17.179952	16.873856	14.883861	16.100392	16.050674	13.811226	15.565058	15.969034	15.170662	15.345017	
16.418722	17.716968	14.292857	16.502237	14.691360	17.389276	18.639072	16.040336	14.649227	15.941863	13.328335	17.215260	16.655990	18.097051	18.142517	14.525523	16.432545	18.056784	16.742832	20.727514	16.215559	16.054266	17.763512	16.191906	13.875189	16.932090	17.242506	14.680984	16.040674	14.537297	16.386642	18.271384	17.223987	15.791975	14.414266	17.548412	15.745516	16.203734	16.617777	16.266123	17.020668	15.779099	20.882366	16.143376	17.925232	15.704470	16.758622	17.682184	16.705611	16.572791	17.086031	13.527022	15.314939	14.762691	16.733666	15.773669	
12.364440	16.234756	12.228984	14.096114	13.329522	14.681397	14.761516	13.929860	13.303871	13.009694	11.498450	15.729060	13.620534	15.185540	16.063036	13.221378	14.040367	15.252020	15.705068	18.181219	14.534066	12.419023	14.670981	13.725374	12.923255	14.006182	14.983515	12.612296	14.957794	13.074452	14.114736	14.363981	16.144611	13.172395	12.805831	14.179545	13.321798	15.268414	14.710943	14.016543	15.953119	13.939874	18.389661	14.508426	15.275357	13.722069	14.698036	14.842114	14.062345	14.191359	14.749224	12.524051	12.205791	13.527983	14.042746	14.994348	
11.343757	14.096777	11.403881	12.309084	12.271173	14.076576	14.127027	11.654328	11.714910	12.627532	11.415916	14.156150	12.833440	15.128631	14.133853	13.169323	13.314377	14.106614	14.037119	16.513947	12.345263	10.628257	12.438105	13.549053	12.465310	13.036949	13.845255	11.939642	13.120698	12.063097	12.631868	13.758700	12.266705	11.863792	12.260484	13.706387	13.132992	12.885900	12.705036	12.803203	14.413387	11.997335	15.624440	13.150942	14.408245	11.854149	13.921083	13.172551	13.923382	12.262131	13.199251	10.553999	11.281394	12.077999	13.197792	12.417668	
11.779390	13.060369	11.120105	12.757412	11.080136	12.030546	13.049645	12.426932	10.876406	11.814731	9.906570	13.044444	13.426392	14.476370	13.381145	12.914798	13.729679	12.151454	12.427291	16.283551	12.020811	10.470941	13.010914	12.055364	11.797319	13.304802	12.410700	12.707938	13.543265	10.097975	12.164903	13.570333	13.602588	12.722922	9.730008	12.148084	12.454340	11.991826	13.271014	11.725897	14.031023	11.864475	14.552520	12.624873	13.088747	13.120391	12.178250	13.403275	12.635942	12.851914	12.463771	10.983530	10.674779	9.927192	11.266429	12.857808	
10.449203	14.680194	13.128318	13.110485	12.632057	13.421681	14.902040	13.804010	11.626213	13.135299	11.106569	14.155192	13.965245	15.057346	13.929512	12.389092	14.493893	15.434811	13.096602	17.417648	13.560085	10.653554	13.930746	13.183789	12.162893	14.001555	13.158736	12.855103	13.749863	12.895753	13.110098	13.864616	13.907750	13.007479	12.368407	14.281193	13.250413	13.487363	12.774278	13.938592	15.013205	11.770277	16.100950	13.653519	13.986859	13.426570	13.892106	13.808259	13.235681	13.983852	13.470082	11.726242	13.085871	12.467546	12.166349	12.501973	
14.824759	16.486889	14.143000	14.296696	13.202770	16.260057	16.600185	15.261308	15.287305	13.972837	13.233283	17.201565	15.761476	17.501031	17.359828	14.410099	15.473967	16.383758	16.398864	18.664101	15.149252	14.067678	14.950990	15.024909	13.716675	14.690859	16.406946	14.396648	15.974531	14.597386	15.628454	16.658391	16.280693	14.726326	12.931695	16.158366	15.753210	15.339244	16.128489	17.258957	16.042014	13.503746	18.288396	14.684755	17.046550	15.632391	14.814355	15.797477	15.760106	15.602346	15.514290	14.358635	14.243128	14.834914	15.285829	15.569904	
13.921632	15.533508	13.826134	14.989021	14.016724	14.618030	15.399894	14.296335	13.220809	12.457706	12.724389	16.917763	15.358493	16.685271	14.270541	13.185877	15.406163	16.362769	16.653870	17.535347	14.353247	13.205735	14.593527	14.731888	13.614388	13.944272	14.485636	14.205965	16.052742	14.042121	14.315818	15.646338	14.533593	14.497105	12.634631	14.871900	14.031855	14.891073	15.062739	15.480767	16.175712	13.825364	18.150908	14.231867	16.531435	14.401662	15.431229	15.658319	15.104470	14.036189	14.580943	12.053254	13.782084	14.481573	13.772102	14.175174	
11.753522	14.695166	12.141933	13.445335	12.719835	13.729245	14.894500	13.477892	11.884478	12.442018	10.716680	14.091300	12.148527	14.704173	14.634787	12.777999	12.447293	14.617630	14.061584	16.625674	14.479008	11.293691	12.806386	13.234597	11.877972	12.369123	14.037013	11.849782	13.400100	13.072654	12.157011	13.300108	13.725978	13.097070	11.873376	14.304567	12.939126	14.910482	13.717422	12.665100	14.267287	12.099943	16.157075	13.451133	15.020015	11.994084	14.458872	14.123199	14.226802	12.008280	13.661318	11.731199	11.790186	13.066520	13.059085	13.043753	
MPI_Wtime measured for total run by process 10 = 0.000780
MPI_Wtime measured for total run by process 11 = 0.000710
MPI_Wtime measured for total run by process 13 = 0.000688
MPI_Wtime measured for total run by process 18 = 0.000712
MPI_Wtime measured for total run by process 24 = 0.000723
MPI_Wtime measured for total run by process 32 = 0.000762
MPI_Wtime measured for total run by process 34 = 0.000743
MPI_Wtime measured for total run by process 36 = 0.000729
MPI_Wtime measured for total run by process 37 = 0.000758
MPI_Wtime measured for total run by process 38 = 0.000714
MPI_Wtime measured for total run by process 39 = 0.000806
MPI_Wtime measured for total run by process 43 = 0.000807
MPI_Wtime measured for total run by process 44 = 0.000787
MPI_Wtime measured for total run by process 47 = 0.000651
MPI_Wtime measured for total run by process 48 = 0.000662
11.070157	13.718096	12.781532	12.788486	11.944289	14.490837	14.692491	13.180774	11.223544	12.370089	10.854200	14.192299	14.134690	14.633178	14.922917	13.077140	14.324709	14.905131	13.928363	16.903100	13.458036	11.240767	14.346109	13.029210	12.032687	13.785356	13.750828	11.701672	13.374050	12.067743	14.010180	14.725353	13.837139	12.882065	12.077541	14.101554	12.913352	13.425947	13.264603	13.520307	13.886060	11.603285	16.271924	14.213043	14.737318	12.729351	12.653035	14.045616	14.034912	13.695156	13.746945	11.783297	11.793165	11.715660	11.963835	12.274028	
13.704075	14.564553	12.362808	14.272828	11.661412	14.571822	15.461954	13.987652	11.930408	13.661249	12.015885	15.799138	14.236705	14.764796	15.089058	12.780867	14.819185	14.397091	14.248840	16.699187	13.195941	13.366008	14.371258	13.166828	12.345070	13.620955	14.902366	12.949640	14.738692	12.346889	14.448984	15.273294	15.477755	13.885192	12.005198	13.723756	13.739212	13.864137	14.175093	14.541459	14.573871	13.797838	16.240321	14.459478	15.354302	14.295828	14.691364	15.515170	13.601116	14.181960	14.750278	12.982374	12.112943	13.158458	13.427404	13.606688	
12.095176	14.073108	10.826923	13.313059	10.924319	13.280227	13.469360	12.530616	10.772116	12.559274	10.969119	14.567108	13.174344	15.272053	13.180784	11.885130	13.380599	14.148183	13.513186	16.271618	12.669952	12.358622	12.983940	12.815405	11.334489	11.876842	13.668442	11.608562	13.755481	12.062165	12.368223	13.931849	13.177809	12.382793	11.745917	12.515286	12.430690	12.762284	12.857825	12.874001	13.046322	12.319863	15.455815	12.588394	14.365654	12.352303	13.761658	13.319140	13.328338	12.433404	12.874922	10.267055	12.317591	12.850199	13.190476	12.858593	
13.731635	16.086848	13.711785	15.011778	13.791408	15.587284	16.755807	14.258424	13.372716	13.479763	13.268559	16.842442	15.685486	16.889871	15.934660	14.966116	16.499986	16.253747	15.722101	19.551699	14.686513	14.127047	16.056129	14.869144	13.953532	15.661203	15.772639	14.395038	15.593617	13.638697	15.310534	16.235715	16.859511	15.091293	11.285812	15.231699	14.141656	16.250000	15.669322	15.776524	16.498713	14.898505	18.471866	16.016129	17.243389	15.269667	15.397836	15.846584	15.163797	15.462795	15.208045	13.123759	14.256376	14.123861	14.318096	14.992233	
The results Matches
MPI_Wtime measured for total run by process 1 = 0.000704
MPI_Wtime measured for total run by process 2 = 0.000663
MPI_Wtime measured for total run by process 3 = 0.000707
MPI_Wtime measured for total run by process 4 = 0.000727
MPI_Wtime measured for total run by process 5 = 0.000662
MPI_Wtime measured for total run by process 6 = 0.000756
MPI_Wtime measured for total run by process 7 = 0.000705
MPI_Wtime measured for total run by process 8 = 0.000702
MPI_Wtime measured for total run by process 9 = 0.000695
MPI_Wtime measured for total run by process 12 = 0.000768
MPI_Wtime measured for total run by process 14 = 0.000675
MPI_Wtime measured for total run by process 15 = 0.000681
MPI_Wtime measured for total run by process 16 = 0.000614
MPI_Wtime measured for total run by process 17 = 0.000719
MPI_Wtime measured for total run by process 19 = 0.000731
MPI_Wtime measured for total run by process 20 = 0.000645
MPI_Wtime measured for total run by process 21 = 0.000760
MPI_Wtime measured for total run by process 22 = 0.000771
MPI_Wtime measured for total run by process 23 = 0.000784
MPI_Wtime measured for total run by process 25 = 0.000767
MPI_Wtime measured for total run by process 26 = 0.000690
MPI_Wtime measured for total run by process 27 = 0.000764
MPI_Wtime measured for total run by process 28 = 0.000641
MPI_Wtime measured for total run by process 29 = 0.000636
MPI_Wtime measured for total run by process 30 = 0.000684
MPI_Wtime measured for total run by process 31 = 0.000688
MPI_Wtime measured for total run by process 33 = 0.000641
MPI_Wtime measured for total run by process 35 = 0.000680
MPI_Wtime measured for total run by process 40 = 0.000640
MPI_Wtime measured for total run by process 41 = 0.000763
MPI_Wtime measured for total run by process 42 = 0.000774
MPI_Wtime measured for total run by process 45 = 0.000797
MPI_Wtime measured for total run by process 46 = 0.000670
