MPI_Wtime measured for total run by process 0 = 0.000437
Total time by each process = 0.003847  And Average = 0.000427 Printing Matrix A
0.991107	0.263939	0.479236	0.514681	0.462907	0.836368	0.072833	0.052355	0.195961	0.619852	0.540855	0.645132	0.198292	0.306617	0.744651	0.633362	0.320333	0.168671	0.555999	0.459787	0.643161	0.368264	0.788578	0.711590	0.835604	0.087493	0.594908	0.473447	0.033282	0.605948	0.459862	0.513692	0.136611	0.579765	0.365715	0.711515	0.335707	0.724870	0.500397	0.108824	0.767901	0.712461	0.928943	0.156009	0.965971	0.740159	0.001268	0.206029	
0.936214	0.830489	0.825346	0.310805	0.621783	0.285338	0.472135	0.458182	0.590479	0.602846	0.356550	0.481648	0.520813	0.748355	0.475657	0.659959	0.740178	0.713800	0.032452	0.726577	0.060281	0.776415	0.406077	0.772452	0.405239	0.515979	0.134153	0.084311	0.219433	0.177045	0.787050	0.106961	0.327453	0.092753	0.845367	0.014140	0.831244	0.438063	0.025152	0.233877	0.585813	0.192180	0.747482	0.374931	0.109156	0.662006	0.388981	0.423435	
0.589729	0.076340	0.335518	0.340743	0.881036	0.404083	0.989322	0.336578	0.387816	0.295101	0.805247	0.102214	0.222008	0.810610	0.533187	0.327423	0.750233	0.558011	0.494243	0.252513	0.677560	0.281466	0.294555	0.242017	0.146802	0.817669	0.207150	0.866452	0.684102	0.040147	0.911107	0.340204	0.771334	0.747091	0.796969	0.640856	0.656199	0.141411	0.540366	0.633125	0.920546	0.639217	0.370677	0.556853	0.182732	0.272068	0.964571	0.755179	
0.510486	0.001482	0.501874	0.781984	0.564660	0.108827	0.306822	0.792194	0.192746	0.355064	0.937080	0.618201	0.508918	0.213651	0.502540	0.209393	0.471100	0.320481	0.853213	0.131047	0.025859	0.522899	0.981825	0.560049	0.746504	0.737993	0.827030	0.803396	0.246462	0.809437	0.985876	0.762028	0.229705	0.429950	0.184974	0.500790	0.800871	0.543514	0.338782	0.957267	0.018676	0.768870	0.051454	0.181654	0.589313	0.046918	0.009921	0.032165	
0.891455	0.322544	0.023113	0.287262	0.847023	0.606680	0.934339	0.271092	0.259206	0.798721	0.612228	0.608576	0.971467	0.776730	0.464439	0.221014	0.271011	0.432323	0.366892	0.118108	0.550361	0.399721	0.288734	0.437714	0.710774	0.858600	0.216811	0.524543	0.122669	0.169666	0.110169	0.943002	0.934238	0.675304	0.094911	0.515046	0.518199	0.129971	0.585579	0.354873	0.804120	0.619356	0.680649	0.209209	0.445172	0.390426	0.769556	0.936520	
0.708754	0.004925	0.405235	0.448937	0.434737	0.730367	0.146592	0.316669	0.298714	0.971643	0.079923	0.782681	0.559727	0.080436	0.506536	0.033077	0.628780	0.018956	0.557972	0.957450	0.046799	0.013025	0.773058	0.144102	0.265719	0.051135	0.296597	0.870738	0.006923	0.185606	0.968130	0.728749	0.256684	0.630926	0.215597	0.807365	0.276193	0.455787	0.150084	0.121023	0.715634	0.761445	0.005974	0.868554	0.583356	0.526356	0.272844	0.148396	
0.002810	0.344184	0.367698	0.480803	0.971940	0.693142	0.536479	0.537826	0.986323	0.264343	0.931454	0.005194	0.187058	0.066297	0.786654	0.989429	0.994015	0.007871	0.485163	0.005603	0.425263	0.579127	0.512910	0.213854	0.416224	0.491530	0.611094	0.862489	0.028274	0.258053	0.143479	0.604392	0.581096	0.499206	0.100936	0.523363	0.203555	0.487939	0.219442	0.215698	0.179990	0.983345	0.203952	0.589235	0.774620	0.047153	0.094771	0.055593	
0.263808	0.742127	0.059609	0.890942	0.367978	0.979628	0.080675	0.223087	0.902553	0.051748	0.052267	0.338731	0.488272	0.744986	0.037430	0.258910	0.355378	0.665982	0.266526	0.678150	0.935806	0.221925	0.853103	0.277145	0.651445	0.862162	0.969876	0.530598	0.586777	0.041190	0.076162	0.925445	0.301136	0.846527	0.148350	0.202167	0.182454	0.100637	0.869104	0.791213	0.706675	0.224260	0.854268	0.134699	0.030442	0.065251	0.475989	0.538144	
0.582122	0.344787	0.909347	0.814628	0.971045	0.127358	0.293047	0.360697	0.571946	0.676272	0.339814	0.867258	0.986859	0.476860	0.923205	0.239973	0.399676	0.235799	0.131714	0.400824	0.965692	0.942907	0.446752	0.258461	0.888561	0.444910	0.745703	0.598631	0.244677	0.195411	0.090496	0.673208	0.020144	0.799194	0.959434	0.254616	0.728199	0.183865	0.501128	0.193648	0.377059	0.618064	0.950727	0.855325	0.292187	0.363285	0.486119	0.872854	
0.945499	0.658121	0.872066	0.830059	0.110261	0.775215	0.456251	0.001079	0.607422	0.956071	0.835838	0.753552	0.862131	0.510707	0.153329	0.854514	0.055609	0.003762	0.425372	0.527939	0.847746	0.147023	0.272017	0.137306	0.767245	0.437588	0.904773	0.731108	0.307976	0.115155	0.625377	0.560134	0.482304	0.608660	0.397717	0.443310	0.439753	0.549460	0.738435	0.591210	0.780143	0.108764	0.219936	0.451820	0.081688	0.989217	0.536644	0.388050	
0.113246	0.926624	0.133309	0.756427	0.960267	0.284832	0.992653	0.204383	0.904839	0.457712	0.153019	0.652688	0.476507	0.941771	0.191256	0.032099	0.326531	0.815466	0.328658	0.032902	0.877779	0.987627	0.193777	0.643228	0.505156	0.223392	0.010472	0.892882	0.517985	0.500131	0.164474	0.013744	0.490954	0.950846	0.401102	0.108536	0.301483	0.149313	0.288174	0.593876	0.893480	0.451505	0.693348	0.390932	0.179039	0.920575	0.423293	0.834519	
0.763528	0.733859	0.769113	0.443511	0.938559	0.565855	0.385364	0.020062	0.976999	0.182797	0.815954	0.881680	0.464792	0.338506	0.736574	0.802333	0.958389	0.664732	0.378586	0.798097	0.701067	0.543877	0.523683	0.365276	0.035506	0.171029	0.121802	0.846452	0.854964	0.474679	0.357983	0.091640	0.813203	0.043873	0.864616	0.508934	0.205922	0.652115	0.616750	0.230286	0.565464	0.503715	0.454024	0.273860	0.535126	0.900526	0.025551	0.209480	
0.748539	0.030544	0.095323	0.178839	0.592289	0.030850	0.848345	0.861294	0.662451	0.101076	0.715177	0.425463	0.123476	0.143412	0.318155	0.987782	0.606246	0.679849	0.557803	0.002814	0.689642	0.359130	0.294801	0.951796	0.585434	0.073727	0.427808	0.550914	0.825179	0.700311	0.047218	0.210029	0.706418	0.355032	0.748567	0.414312	0.391511	0.976195	0.993866	0.643563	0.980863	0.879910	0.216481	0.959955	0.125150	0.184995	0.348359	0.825832	
0.284903	0.318998	0.538711	0.471678	0.506752	0.616533	0.375865	0.079918	0.977387	0.765399	0.390653	0.235528	0.385620	0.688171	0.815547	0.788757	0.694867	0.133920	0.841065	0.163800	0.053471	0.848435	0.040430	0.786064	0.888181	0.211684	0.276817	0.794637	0.867735	0.396417	0.996812	0.783732	0.292928	0.925258	0.523249	0.481809	0.869391	0.006056	0.258597	0.927637	0.343583	0.425613	0.586534	0.282837	0.703059	0.137551	0.864427	0.391550	
0.838934	0.291347	0.405865	0.938904	0.103401	0.185076	0.737080	0.508777	0.252035	0.701061	0.154640	0.292837	0.663152	0.557570	0.351670	0.684933	0.265929	0.552787	0.749437	0.947050	0.436650	0.214835	0.244840	0.254392	0.658002	0.335443	0.939352	0.670341	0.058668	0.130082	0.177032	0.600942	0.791295	0.114755	0.645420	0.393569	0.193932	0.255801	0.332017	0.935647	0.465646	0.802661	0.899370	0.007502	0.700914	0.368377	0.952598	0.320907	
0.123049	0.284625	0.497467	0.850539	0.286599	0.130171	0.616533	0.608636	0.336908	0.487177	0.884299	0.194316	0.632262	0.463158	0.532012	0.328754	0.219727	0.423530	0.291573	0.408594	0.380409	0.196789	0.604582	0.079121	0.216722	0.177768	0.060977	0.686233	0.934777	0.278099	0.933456	0.121851	0.220232	0.870378	0.819450	0.089978	0.817736	0.196801	0.092192	0.363809	0.842219	0.409934	0.913660	0.596435	0.245559	0.315227	0.481388	0.332198	
0.982459	0.213424	0.481548	0.001768	0.590169	0.721603	0.474490	0.991275	0.626988	0.219905	0.497377	0.389086	0.690875	0.921951	0.141392	0.873882	0.456726	0.925760	0.390708	0.237558	0.126096	0.663238	0.044573	0.917295	0.055724	0.212209	0.953540	0.296037	0.305609	0.816678	0.472137	0.570852	0.777866	0.867137	0.424139	0.149451	0.063856	0.150821	0.467204	0.779991	0.205316	0.076029	0.593496	0.803272	0.590054	0.346105	0.310510	0.991054	
0.413568	0.256951	0.962885	0.387943	0.219092	0.135171	0.606880	0.209223	0.907362	0.971052	0.657318	0.399962	0.394273	0.309563	0.663025	0.793160	0.158807	0.914300	0.456512	0.148434	0.841007	0.361899	0.198767	0.260083	0.856374	0.606987	0.005458	0.761063	0.753017	0.104514	0.371242	0.492635	0.947784	0.651741	0.709178	0.079900	0.083780	0.998071	0.012921	0.388677	0.489289	0.382986	0.002613	0.894478	0.214675	0.171673	0.896666	0.115967	
0.071242	0.248747	0.567883	0.330604	0.770446	0.934211	0.586830	0.652662	0.318552	0.570865	0.179698	0.076796	0.464334	0.980290	0.912776	0.205451	0.863965	0.764437	0.782844	0.083512	0.423717	0.336657	0.340611	0.086665	0.024967	0.980327	0.122871	0.599038	0.305592	0.948206	0.675585	0.202385	0.607854	0.971398	0.061864	0.943988	0.072633	0.496127	0.269964	0.072405	0.240321	0.499596	0.109856	0.950398	0.677962	0.633815	0.052260	0.893096	
0.803022	0.050811	0.919404	0.350467	0.275444	0.405280	0.429386	0.840339	0.530418	0.032900	0.438569	0.055721	0.881902	0.470078	0.525735	0.594276	0.227668	0.193643	0.639886	0.139109	0.390703	0.460739	0.022074	0.489796	0.641013	0.192765	0.505993	0.196113	0.938021	0.322057	0.029365	0.792513	0.561420	0.404106	0.530264	0.116637	0.087604	0.741055	0.878453	0.662170	0.753546	0.599049	0.103422	0.647435	0.461352	0.505198	0.885825	0.747750	
0.283866	0.648551	0.695071	0.735097	0.342563	0.892353	0.707003	0.740482	0.409459	0.720090	0.134693	0.554323	0.337016	0.086762	0.357232	0.670086	0.986368	0.455229	0.083824	0.464115	0.666478	0.647403	0.910991	0.834031	0.727416	0.833330	0.921645	0.458154	0.447175	0.481503	0.379428	0.445506	0.470226	0.047236	0.091060	0.980437	0.867818	0.131020	0.015725	0.099260	0.519173	0.605250	0.320244	0.699480	0.608319	0.571826	0.332572	0.353543	
0.918067	0.356848	0.912130	0.766666	0.965124	0.558758	0.862737	0.723990	0.590607	0.822728	0.392644	0.678269	0.703191	0.988710	0.267427	0.838561	0.743033	0.194621	0.532694	0.435111	0.858972	0.478668	0.651886	0.103619	0.531899	0.153344	0.448554	0.925506	0.081708	0.187508	0.256470	0.534630	0.221478	0.654666	0.690537	0.251990	0.083645	0.271219	0.933316	0.978024	0.301184	0.389758	0.962981	0.901483	0.229480	0.393825	0.115059	0.485453	
0.657706	0.090709	0.229896	0.897752	0.073357	0.049072	0.543809	0.471888	0.158465	0.594730	0.176909	0.166135	0.585203	0.892339	0.488415	0.036799	0.517910	0.494363	0.470207	0.061347	0.561087	0.550237	0.137516	0.949888	0.883770	0.417426	0.040831	0.467068	0.143521	0.326297	0.737199	0.778056	0.490604	0.002915	0.664535	0.504374	0.174682	0.330517	0.076735	0.608178	0.825023	0.021185	0.609166	0.491888	0.847660	0.384623	0.181281	0.839968	
0.435098	0.632695	0.907145	0.325255	0.191679	0.394024	0.936176	0.228920	0.027808	0.627053	0.738358	0.389660	0.937126	0.170877	0.936961	0.790291	0.853727	0.471693	0.560055	0.842699	0.452720	0.020149	0.238926	0.150095	0.499173	0.903707	0.896088	0.823550	0.067649	0.951621	0.005271	0.376670	0.164898	0.619870	0.645311	0.476687	0.699291	0.486927	0.745904	0.204950	0.414168	0.482609	0.402024	0.143470	0.300585	0.474283	0.837003	0.164853	
0.699316	0.726855	0.247291	0.442658	0.700378	0.884799	0.566606	0.691360	0.198407	0.291031	0.480127	0.070103	0.529592	0.086568	0.395340	0.368497	0.036144	0.439283	0.298894	0.230017	0.811525	0.445554	0.204566	0.358905	0.310883	0.003403	0.084437	0.571722	0.617892	0.980625	0.909710	0.107888	0.444475	0.229288	0.429112	0.742641	0.574121	0.618768	0.325109	0.181659	0.627609	0.427002	0.258567	0.326075	0.657013	0.889691	0.655823	0.512576	
0.544750	0.843666	0.201169	0.214498	0.774502	0.553977	0.810940	0.735604	0.920697	0.150596	0.161329	0.055723	0.783371	0.385064	0.942994	0.539491	0.639505	0.461605	0.969464	0.615965	0.509369	0.843579	0.905577	0.758859	0.741787	0.005537	0.386125	0.721457	0.006675	0.608691	0.004162	0.437413	0.531340	0.484341	0.575120	0.244771	0.270248	0.404799	0.667531	0.002097	0.073112	0.312435	0.068895	0.628734	0.140414	0.025239	0.385608	0.788242	
0.361669	0.417751	0.372890	0.021278	0.750871	0.818962	0.589735	0.827721	0.828693	0.122084	0.174048	0.973159	0.988243	0.459037	0.461050	0.290798	0.519864	0.759508	0.371071	0.535891	0.206864	0.540345	0.175912	0.459444	0.508222	0.902194	0.332346	0.996732	0.873750	0.694439	0.703049	0.157519	0.693786	0.115666	0.697813	0.186798	0.006411	0.701275	0.095209	0.186929	0.742247	0.285701	0.964475	0.395182	0.738202	0.173026	0.074858	0.664163	
0.247572	0.833500	0.431386	0.850061	0.747441	0.620120	0.712055	0.446081	0.896171	0.528895	0.014215	0.698873	0.013698	0.193667	0.202443	0.857199	0.637659	0.395400	0.710998	0.506842	0.796797	0.301089	0.934011	0.963155	0.478952	0.690829	0.416127	0.245584	0.261600	0.518381	0.297082	0.914059	0.066280	0.003787	0.554919	0.235716	0.637591	0.860569	0.283976	0.401785	0.315774	0.256095	0.482315	0.161727	0.940931	0.207959	0.055688	0.172754	
0.431476	0.899245	0.687170	0.338112	0.671766	0.896363	0.022405	0.718670	0.390762	0.070080	0.476444	0.616993	0.911915	0.655388	0.946970	0.089571	0.004683	0.364842	0.123777	0.016615	0.901635	0.751285	0.211126	0.262219	0.444720	0.474965	0.564106	0.338540	0.916910	0.443623	0.822071	0.242326	0.522010	0.518608	0.310123	0.441330	0.448200	0.135798	0.662571	0.261214	0.730315	0.028456	0.828136	0.770441	0.360924	0.608926	0.747259	0.009749	
0.458421	0.915056	0.063579	0.980302	0.549002	0.171106	0.514116	0.318864	0.168499	0.538853	0.714315	0.741681	0.523359	0.258234	0.201860	0.539887	0.796340	0.428826	0.811330	0.371699	0.525228	0.571905	0.975125	0.283776	0.238089	0.140259	0.131923	0.027644	0.232548	0.925900	0.553861	0.094690	0.920731	0.210121	0.932644	0.092393	0.124624	0.497217	0.555068	0.243372	0.603623	0.745561	0.265571	0.390828	0.059083	0.932527	0.782516	0.963145	
0.550733	0.435308	0.755085	0.941250	0.192000	0.979458	0.219461	0.540225	0.606461	0.558630	0.058991	0.370151	0.266186	0.731017	0.329894	0.751949	0.867426	0.364005	0.714959	0.502220	0.743722	0.654028	0.704508	0.786268	0.480038	0.183001	0.294355	0.657102	0.855829	0.609244	0.082280	0.066351	0.548450	0.572217	0.735610	0.170369	0.556115	0.442516	0.018649	0.571592	0.573682	0.037716	0.307744	0.428579	0.082936	0.349296	0.399015	0.114922	
0.846002	0.210875	0.761577	0.060945	0.205642	0.578315	0.732245	0.722978	0.904499	0.173964	0.455511	0.375816	0.640365	0.703664	0.140758	0.986846	0.505726	0.568372	0.578966	0.584995	0.132778	0.008898	0.313217	0.170950	0.492569	0.429959	0.947457	0.486529	0.530886	0.627203	0.008778	0.658404	0.811769	0.781807	0.856092	0.175342	0.530113	0.853893	0.916116	0.061046	0.369758	0.356766	0.296780	0.905038	0.033487	0.499310	0.146289	0.556769	
0.384489	0.348793	0.705379	0.229451	0.708375	0.078821	0.108188	0.033175	0.630872	0.795162	0.233235	0.755318	0.232441	0.308987	0.412342	0.336789	0.204334	0.037413	0.209717	0.145205	0.350209	0.542582	0.363893	0.936344	0.965698	0.922417	0.431706	0.465655	0.932363	0.042878	0.640399	0.141537	0.065250	0.754445	0.445815	0.193058	0.123677	0.254422	0.311397	0.482335	0.922272	0.476027	0.082487	0.018126	0.716325	0.359555	0.440672	0.201456	
0.680041	0.780888	0.855552	0.921880	0.709586	0.466799	0.367067	0.298077	0.353886	0.643317	0.715787	0.451223	0.722448	0.788836	0.311869	0.669042	0.946194	0.117766	0.423876	0.780975	0.215947	0.154445	0.196908	0.872353	0.226626	0.987168	0.177114	0.374525	0.249168	0.062682	0.153652	0.552946	0.181653	0.901592	0.710357	0.738992	0.930342	0.509319	0.345959	0.678045	0.897343	0.514998	0.103603	0.974019	0.052883	0.913808	0.768425	0.306382	
0.137466	0.555607	0.890541	0.774128	0.188036	0.948133	0.665119	0.106580	0.291390	0.636919	0.511100	0.747765	0.647639	0.770519	0.128327	0.366141	0.284874	0.113616	0.216347	0.996298	0.171191	0.938378	0.570609	0.398772	0.666535	0.256992	0.646628	0.741619	0.666329	0.710330	0.589038	0.060448	0.998220	0.049328	0.061809	0.618951	0.990058	0.069311	0.602285	0.422665	0.503773	0.446455	0.684413	0.444667	0.700212	0.145397	0.231469	0.163162	
0.379909	0.444256	0.258117	0.674719	0.620535	0.808841	0.212111	0.491640	0.911162	0.866284	0.126170	0.946315	0.465949	0.115631	0.297557	0.927107	0.491283	0.119184	0.434571	0.997574	0.537932	0.277926	0.037920	0.465928	0.707662	0.544655	0.643164	0.660213	0.582683	0.806531	0.054636	0.557705	0.105002	0.295319	0.470793	0.594679	0.099308	0.758768	0.642171	0.086309	0.556908	0.183666	0.121935	0.309185	0.619722	0.584858	0.849355	0.220278	
0.819453	0.493929	0.808490	0.298970	0.961213	0.045025	0.282434	0.953218	0.762298	0.039413	0.980762	0.588851	0.464314	0.274843	0.316272	0.268025	0.010718	0.425970	0.850563	0.727006	0.782678	0.415159	0.903366	0.904454	0.505260	0.549898	0.292465	0.086506	0.312458	0.070447	0.856470	0.764454	0.100427	0.686397	0.915364	0.762764	0.185435	0.763154	0.546301	0.754465	0.611474	0.537584	0.443112	0.660718	0.985439	0.384299	0.069637	0.709098	
0.339178	0.121053	0.808897	0.952584	0.061741	0.083133	0.383345	0.659603	0.141960	0.898759	0.821277	0.340641	0.290642	0.648626	0.873694	0.530342	0.753218	0.467414	0.535212	0.556447	0.135735	0.204995	0.477177	0.513900	0.061785	0.204209	0.972136	0.689778	0.269791	0.623057	0.696127	0.356357	0.804794	0.011459	0.243768	0.936959	0.207485	0.898584	0.006552	0.303800	0.825144	0.951399	0.052860	0.060059	0.979580	0.466136	0.836515	0.125051	
0.646265	0.981315	0.704417	0.269536	0.060228	0.596564	0.580604	0.135118	0.408373	0.203029	0.727693	0.783883	0.946203	0.382980	0.072514	0.424026	0.644542	0.608811	0.323615	0.260861	0.046467	0.450624	0.757789	0.032819	0.672259	0.627394	0.498935	0.107226	0.661297	0.227855	0.998238	0.452589	0.057222	0.991739	0.939746	0.764680	0.110025	0.613284	0.801047	0.033975	0.881951	0.873259	0.072646	0.826024	0.470691	0.467753	0.705760	0.111709	
0.981741	0.143819	0.356047	0.907700	0.123804	0.333886	0.167088	0.398157	0.029229	0.429925	0.251900	0.835818	0.309828	0.191519	0.223913	0.778570	0.406675	0.127141	0.830888	0.228795	0.555826	0.879542	0.930541	0.771953	0.549114	0.061645	0.457828	0.523604	0.201034	0.783244	0.018351	0.630600	0.484204	0.187748	0.792582	0.269783	0.979224	0.071322	0.427024	0.869536	0.045153	0.777152	0.828644	0.270637	0.015879	0.454624	0.615696	0.459255	
0.842965	0.414992	0.063547	0.983955	0.834100	0.952536	0.898552	0.237263	0.753253	0.446687	0.315170	0.611575	0.771205	0.365278	0.151423	0.486801	0.471537	0.629934	0.586568	0.577855	0.669166	0.681793	0.352463	0.511424	0.933470	0.687614	0.675434	0.579688	0.365388	0.833541	0.769500	0.511198	0.222135	0.776121	0.755021	0.229371	0.884367	0.991906	0.830220	0.342547	0.461440	0.012329	0.329349	0.583514	0.536984	0.211548	0.737396	0.547521	
0.863878	0.768234	0.677617	0.043086	0.908769	0.798814	0.538321	0.502678	0.171521	0.136636	0.107024	0.195608	0.137204	0.950491	0.129902	0.834131	0.821653	0.612679	0.599970	0.061254	0.690756	0.247728	0.001429	0.228839	0.265413	0.673821	0.085625	0.016444	0.276585	0.097429	0.464946	0.400268	0.533925	0.785869	0.668712	0.642634	0.707192	0.588545	0.640768	0.881571	0.182859	0.278617	0.424821	0.491313	0.261995	0.107894	0.520301	0.013540	
0.521108	0.188121	0.646532	0.549288	0.721117	0.062345	0.955218	0.268066	0.499308	0.406561	0.841744	0.625535	0.486615	0.830680	0.241591	0.061142	0.643629	0.952519	0.080019	0.643885	0.639640	0.163021	0.650146	0.732935	0.977771	0.073583	0.037369	0.923254	0.432547	0.530901	0.598154	0.436837	0.841307	0.531944	0.891163	0.722461	0.882059	0.125660	0.316570	0.681659	0.998091	0.113857	0.454360	0.559445	0.791046	0.561045	0.682389	0.630983	
0.387237	0.445020	0.338755	0.809202	0.052964	0.753018	0.793458	0.663876	0.189918	0.827008	0.814844	0.531185	0.476798	0.995089	0.090111	0.682882	0.788998	0.755749	0.295383	0.348567	0.499814	0.717881	0.536261	0.084819	0.159489	0.370458	0.298280	0.580222	0.993873	0.934265	0.201383	0.561333	0.745049	0.118135	0.882033	0.388779	0.568286	0.675118	0.488417	0.830727	0.671764	0.622240	0.102829	0.745123	0.777773	0.180686	0.296534	0.969538	
0.059101	0.082014	0.554374	0.322981	0.577453	0.227208	0.758035	0.713777	0.259121	0.399844	0.538479	0.458651	0.824354	0.295409	0.381357	0.162469	0.352620	0.381592	0.715277	0.029654	0.702671	0.358601	0.314797	0.890506	0.408395	0.935867	0.435317	0.263125	0.033856	0.380558	0.823481	0.855671	0.787511	0.083096	0.941837	0.795517	0.369612	0.105215	0.226496	0.258328	0.286071	0.581763	0.588714	0.981058	0.403423	0.037783	0.904643	0.403006	
0.130718	0.194941	0.598852	0.717064	0.144576	0.652874	0.817999	0.005962	0.105397	0.825457	0.432614	0.316680	0.168130	0.062942	0.247918	0.764926	0.952049	0.451191	0.950325	0.519365	0.990533	0.465972	0.083440	0.912602	0.059659	0.882947	0.544573	0.328310	0.554090	0.785476	0.857199	0.180643	0.510269	0.360149	0.800089	0.555495	0.051752	0.599154	0.493401	0.324028	0.249814	0.045333	0.406601	0.507091	0.764895	0.762698	0.842970	0.431343	
0.575176	0.813833	0.671006	0.165887	0.390795	0.857950	0.276797	0.437256	0.388952	0.320998	0.856233	0.756244	0.120656	0.243223	0.462283	0.316865	0.466058	0.412724	0.500027	0.859822	0.343653	0.775019	0.899749	0.147060	0.694865	0.084255	0.296147	0.172226	0.359441	0.380430	0.090014	0.859183	0.827993	0.693136	0.850519	0.218843	0.270729	0.814622	0.206137	0.459180	0.429741	0.452100	0.383933	0.142692	0.039774	0.565098	0.220416	0.685860	
0.696189	0.376430	0.931953	0.740881	0.589135	0.373162	0.517185	0.696274	0.375777	0.672814	0.772700	0.503084	0.338627	0.942263	0.492463	0.607453	0.007119	0.735361	0.579156	0.141755	0.031744	0.963563	0.347259	0.495855	0.808211	0.482746	0.984174	0.393385	0.054012	0.881845	0.963771	0.735127	0.473181	0.909963	0.946729	0.220627	0.566634	0.527402	0.844026	0.636928	0.191926	0.233148	0.105503	0.498902	0.962181	0.705990	0.870044	0.896843	
Printing Matrix B
0.640535	0.432913	0.658698	0.660218	0.959809	0.349358	0.492423	0.995596	0.414986	0.102954	0.263466	0.096987	0.300656	0.812748	0.679798	0.735758	0.897301	0.799569	0.683352	0.018905	0.296155	0.715994	0.420619	0.984539	0.331442	0.376459	0.732626	0.793200	0.780064	0.777934	0.239310	0.780195	0.682363	0.692610	0.039552	0.008876	0.079779	0.124285	0.436460	0.336002	0.196317	0.362809	0.185908	0.962225	0.761958	0.425834	0.253851	0.137879	
0.785794	0.301929	0.542004	0.161053	0.035675	0.122180	0.394162	0.240036	0.170642	0.519423	0.758855	0.322522	0.221807	0.522080	0.954385	0.411871	0.490448	0.565524	0.024606	0.654235	0.011915	0.532416	0.234596	0.996556	0.375298	0.761789	0.997627	0.654965	0.832666	0.695090	0.837005	0.527229	0.820761	0.359905	0.819330	0.905648	0.790555	0.237321	0.210515	0.430391	0.749856	0.719966	0.276490	0.966916	0.551976	0.896206	0.768967	0.716434	
0.516188	0.435095	0.090480	0.166762	0.778806	0.906187	0.637960	0.575135	0.528757	0.135298	0.670032	0.914403	0.764220	0.610989	0.234045	0.122915	0.403763	0.085751	0.898754	0.375279	0.656595	0.666882	0.618044	0.682371	0.537118	0.952049	0.919883	0.429158	0.677062	0.217289	0.367570	0.661340	0.898215	0.265577	0.999604	0.474529	0.922322	0.950754	0.383428	0.687168	0.450794	0.127696	0.505669	0.054779	0.597000	0.093839	0.612272	0.735905	
0.502270	0.307455	0.642338	0.158073	0.923394	0.105026	0.741952	0.227368	0.431411	0.563422	0.911917	0.119812	0.890268	0.473489	0.968830	0.013026	0.210875	0.972974	0.102465	0.417873	0.239874	0.332681	0.315093	0.174571	0.915113	0.683584	0.356194	0.335948	0.017046	0.749002	0.018830	0.456976	0.082509	0.082918	0.560997	0.210833	0.023689	0.782696	0.103563	0.085286	0.695260	0.845706	0.572266	0.297916	0.991091	0.575189	0.808946	0.239626	
0.462116	0.076429	0.823334	0.823984	0.830776	0.185805	0.563946	0.953015	0.039962	0.310660	0.980376	0.201541	0.655493	0.981388	0.808895	0.355894	0.543558	0.294124	0.719585	0.213915	0.724787	0.484699	0.670812	0.547940	0.236435	0.323002	0.467176	0.188278	0.301273	0.587108	0.390680	0.381180	0.375326	0.301131	0.793412	0.645271	0.914767	0.806933	0.567685	0.296353	0.213473	0.020931	0.143899	0.803318	0.378875	0.555341	0.333429	0.703794	
0.611824	0.803665	0.519970	0.923434	0.578907	0.020316	0.085241	0.950712	0.936025	0.979363	0.180852	0.525096	0.173107	0.329283	0.016956	0.215290	0.038001	0.034016	0.467892	0.992709	0.687817	0.193391	0.329694	0.071772	0.115745	0.345642	0.833816	0.856324	0.951174	0.513459	0.218683	0.596910	0.747705	0.814656	0.588376	0.262396	0.820390	0.049251	0.599889	0.415803	0.172158	0.012231	0.632183	0.012897	0.054161	0.551486	0.255105	0.529528	
0.779322	0.218407	0.151550	0.643891	0.936589	0.122024	0.814165	0.252112	0.299271	0.992297	0.132897	0.514810	0.531550	0.459901	0.214693	0.789464	0.333614	0.361713	0.488673	0.457103	0.698745	0.961741	0.116953	0.499233	0.478197	0.347679	0.496724	0.798152	0.928786	0.814928	0.247483	0.137494	0.612263	0.066260	0.504810	0.526198	0.102489	0.716465	0.701793	0.635667	0.707228	0.791084	0.845834	0.232225	0.847288	0.918099	0.651545	0.675867	
0.554799	0.364744	0.265489	0.263163	0.378882	0.587421	0.195326	0.260664	0.206432	0.106505	0.640983	0.826887	0.385884	0.583042	0.800579	0.301238	0.001036	0.414986	0.556924	0.634504	0.657777	0.016481	0.445012	0.755656	0.328893	0.703711	0.200893	0.458148	0.275584	0.624207	0.300100	0.431540	0.591426	0.567662	0.524676	0.084156	0.424091	0.035557	0.377782	0.520548	0.653375	0.676551	0.754858	0.441045	0.175889	0.106604	0.990696	0.777125	
0.384671	0.730472	0.546954	0.091801	0.915265	0.840149	0.918571	0.999721	0.584957	0.426213	0.810971	0.370256	0.932509	0.462848	0.015005	0.505326	0.584760	0.309023	0.050427	0.102759	0.528181	0.258739	0.303604	0.018697	0.934733	0.228375	0.312168	0.732563	0.075491	0.167881	0.435384	0.490171	0.909007	0.151858	0.200018	0.925126	0.197524	0.174951	0.442326	0.389689	0.638558	0.122762	0.216695	0.195403	0.050736	0.382682	0.036493	0.506263	
0.672048	0.904933	0.912737	0.600265	0.013925	0.611390	0.968863	0.833309	0.619143	0.558148	0.811396	0.128025	0.116837	0.348251	0.383561	0.098829	0.512635	0.927674	0.833821	0.535634	0.303154	0.303997	0.148102	0.879439	0.093377	0.603083	0.191139	0.766904	0.241816	0.461305	0.969669	0.680986	0.563896	0.907676	0.136599	0.245463	0.590333	0.711770	0.686766	0.505680	0.028797	0.684916	0.839872	0.527912	0.566975	0.707065	0.549351	0.018948	
0.996710	0.510963	0.369934	0.573062	0.305887	0.698702	0.876042	0.772796	0.313146	0.124776	0.909532	0.234706	0.641905	0.013151	0.329821	0.304502	0.958724	0.459840	0.571892	0.288925	0.317735	0.870432	0.192010	0.098616	0.100940	0.658175	0.876080	0.486980	0.834653	0.709241	0.532230	0.491005	0.829210	0.819611	0.983748	0.278881	0.096164	0.495260	0.792540	0.793330	0.817268	0.903952	0.344387	0.211333	0.891063	0.343513	0.934319	0.914247	
0.785364	0.164630	0.842395	0.070595	0.592824	0.226732	0.159731	0.278845	0.471567	0.670347	0.573729	0.994993	0.802255	0.888085	0.173024	0.500102	0.536191	0.727501	0.108244	0.317145	0.363952	0.086432	0.563939	0.500682	0.548073	0.851460	0.052709	0.586594	0.184958	0.591538	0.277012	0.316372	0.756373	0.191789	0.841970	0.565684	0.052811	0.729605	0.017391	0.652256	0.401315	0.687266	0.350168	0.308988	0.748540	0.893109	0.992166	0.838754	
0.253353	0.613155	0.539478	0.301245	0.830954	0.209038	0.261136	0.413809	0.365010	0.116475	0.374936	0.250303	0.325989	0.149027	0.352892	0.066694	0.018325	0.701569	0.858688	0.150091	0.033664	0.537987	0.220424	0.957252	0.052872	0.300611	0.499190	0.551284	0.694326	0.143335	0.688093	0.653464	0.889879	0.264221	0.357847	0.438209	0.773442	0.686311	0.927991	0.579300	0.717290	0.408671	0.430824	0.041660	0.660266	0.172368	0.395024	0.054777	
0.180864	0.033470	0.733310	0.930222	0.447873	0.500618	0.260097	0.356728	0.959828	0.193868	0.725354	0.515803	0.420523	0.733980	0.514003	0.100450	0.107754	0.233578	0.605598	0.347817	0.780333	0.429336	0.928353	0.017817	0.551463	0.278834	0.447212	0.662437	0.482809	0.683282	0.185173	0.691679	0.917651	0.133992	0.089057	0.576720	0.330244	0.909820	0.792120	0.146779	0.139321	0.620399	0.220250	0.454269	0.679253	0.699871	0.921282	0.157355	
0.316808	0.362183	0.773156	0.275256	0.944960	0.361998	0.112713	0.080662	0.934390	0.838569	0.983898	0.857699	0.430388	0.527578	0.949121	0.190604	0.976280	0.671794	0.491691	0.852837	0.132127	0.173730	0.723612	0.496875	0.955454	0.812642	0.628280	0.602503	0.227911	0.410338	0.815015	0.442961	0.153729	0.540732	0.061805	0.082071	0.608405	0.438772	0.510193	0.990019	0.271090	0.404998	0.473002	0.958039	0.137583	0.877946	0.969319	0.743893	
0.435662	0.768469	0.678195	0.691399	0.106340	0.618617	0.065818	0.082179	0.411297	0.236278	0.494679	0.585212	0.562693	0.584860	0.784065	0.655061	0.613379	0.717194	0.274069	0.578173	0.538765	0.996942	0.805425	0.941490	0.566298	0.101020	0.372084	0.693239	0.149391	0.466790	0.606853	0.153184	0.545381	0.511805	0.278972	0.199859	0.286767	0.422319	0.275921	0.308914	0.541576	0.903196	0.096167	0.848438	0.874535	0.179015	0.437078	0.701619	
0.202576	0.801909	0.303402	0.299285	0.198568	0.682361	0.085412	0.316709	0.401210	0.540648	0.816340	0.742936	0.704313	0.172263	0.254149	0.123851	0.087306	0.938274	0.927528	0.980877	0.959161	0.600586	0.654514	0.671561	0.137200	0.553101	0.601295	0.644416	0.217988	0.447001	0.690560	0.928863	0.496611	0.168574	0.104695	0.550235	0.812690	0.108430	0.068116	0.522928	0.992200	0.158856	0.372066	0.899105	0.619950	0.062191	0.916957	0.088376	
0.858190	0.837707	0.406402	0.026742	0.538764	0.686295	0.915162	0.812196	0.285252	0.500858	0.774323	0.247372	0.746068	0.704783	0.300616	0.076593	0.050110	0.121692	0.302243	0.675604	0.283605	0.447887	0.571122	0.106129	0.231134	0.513692	0.006950	0.399731	0.070626	0.416042	0.897674	0.530049	0.406935	0.404296	0.800175	0.550185	0.441799	0.282547	0.258154	0.869295	0.995664	0.494746	0.144049	0.755631	0.998992	0.585917	0.664307	0.844450	
0.767708	0.780420	0.328647	0.651664	0.328676	0.783367	0.322888	0.076118	0.035648	0.321165	0.465342	0.394373	0.248469	0.361000	0.096257	0.984018	0.454197	0.431848	0.095041	0.553290	0.017723	0.010547	0.989319	0.659162	0.657529	0.204665	0.057123	0.587205	0.579328	0.218367	0.153656	0.539550	0.966822	0.390698	0.054910	0.485581	0.280645	0.413243	0.582792	0.294931	0.052733	0.363193	0.098634	0.415447	0.898604	0.353547	0.836200	0.660114	
0.864494	0.864886	0.994799	0.992037	0.846594	0.545408	0.477685	0.669707	0.339935	0.640273	0.983298	0.116531	0.689535	0.934162	0.363174	0.328757	0.645087	0.147073	0.544109	0.915331	0.544389	0.820089	0.301078	0.552492	0.522695	0.079582	0.248486	0.387895	0.666191	0.463756	0.916333	0.257033	0.986155	0.201306	0.543215	0.920967	0.577375	0.109678	0.230851	0.519466	0.854936	0.259540	0.795162	0.041443	0.969492	0.490717	0.297711	0.447245	
0.151856	0.814130	0.765187	0.782675	0.476152	0.221016	0.554523	0.460550	0.339531	0.512880	0.367524	0.596045	0.059521	0.222841	0.834512	0.641099	0.318637	0.681440	0.190326	0.426387	0.356468	0.373482	0.387885	0.320450	0.554121	0.862109	0.387654	0.258662	0.544916	0.804407	0.151589	0.365796	0.900735	0.554050	0.511350	0.757538	0.627840	0.778810	0.965052	0.743141	0.932590	0.440818	0.063404	0.767419	0.180983	0.987747	0.017332	0.802798	
0.400779	0.009127	0.337285	0.779948	0.897686	0.980849	0.658017	0.381910	0.329240	0.910851	0.522208	0.000963	0.250095	0.035763	0.342254	0.185494	0.195409	0.655163	0.961287	0.497818	0.993869	0.721709	0.202658	0.242493	0.926346	0.924543	0.831613	0.151745	0.914216	0.349136	0.026069	0.999503	0.729251	0.754172	0.089777	0.549509	0.730658	0.735531	0.374838	0.465215	0.131368	0.749738	0.315264	0.044689	0.088990	0.485950	0.928455	0.336537	
0.140119	0.348243	0.342699	0.313541	0.168971	0.006673	0.027097	0.844993	0.861646	0.121446	0.496213	0.406389	0.559960	0.700262	0.377792	0.146120	0.127508	0.747806	0.392116	0.543564	0.110420	0.104895	0.022125	0.295981	0.544618	0.060679	0.583561	0.626035	0.359407	0.631936	0.363096	0.255109	0.272419	0.960810	0.064262	0.225622	0.054611	0.312198	0.280404	0.960506	0.025605	0.865854	0.488253	0.752687	0.818185	0.584859	0.162679	0.671885	
0.842883	0.099633	0.137069	0.081827	0.655772	0.268414	0.002203	0.761199	0.250105	0.636973	0.118941	0.586018	0.774283	0.118407	0.010844	0.372060	0.422986	0.760872	0.796948	0.751734	0.236723	0.388896	0.249068	0.266733	0.777147	0.237531	0.293367	0.833214	0.994426	0.004610	0.741912	0.858998	0.848363	0.724953	0.462568	0.098031	0.496836	0.938217	0.637021	0.245078	0.108657	0.310256	0.306159	0.469673	0.095091	0.305856	0.850953	0.001902	
0.784723	0.344627	0.203542	0.946582	0.929585	0.446282	0.089750	0.980774	0.173969	0.600430	0.434501	0.780712	0.544386	0.366596	0.251421	0.094656	0.095352	0.283435	0.881941	0.999272	0.114816	0.378131	0.136914	0.402972	0.649936	0.791010	0.073506	0.614029	0.658289	0.013232	0.349122	0.945854	0.547171	0.743369	0.459305	0.240637	0.188195	0.778686	0.977674	0.635992	0.185061	0.712046	0.998723	0.876460	0.306700	0.566723	0.997579	0.100297	
0.741865	0.973861	0.586307	0.775290	0.833266	0.099612	0.735635	0.438549	0.162605	0.179264	0.476671	0.818341	0.945415	0.439194	0.897640	0.487743	0.383157	0.840674	0.676103	0.743967	0.169941	0.320309	0.579182	0.826273	0.909454	0.903116	0.061261	0.169497	0.106521	0.949669	0.148182	0.643667	0.899017	0.500804	0.100306	0.084489	0.088349	0.175824	0.163657	0.409319	0.007634	0.459237	0.033892	0.075570	0.237425	0.144575	0.462652	0.916947	
0.272584	0.936789	0.662522	0.643138	0.426077	0.418403	0.821059	0.662846	0.140156	0.897588	0.750818	0.314462	0.998398	0.373851	0.247280	0.822719	0.708549	0.892754	0.780786	0.121942	0.354853	0.796598	0.368066	0.004606	0.581528	0.682270	0.875353	0.320589	0.455769	0.334800	0.985237	0.222912	0.917027	0.064856	0.651557	0.904677	0.727143	0.182323	0.160719	0.603431	0.089123	0.074593	0.282433	0.838226	0.089621	0.441251	0.330545	0.768644	
0.779829	0.945385	0.020298	0.437797	0.551336	0.842650	0.807049	0.454302	0.731782	0.860647	0.924077	0.752417	0.871899	0.088556	0.857830	0.450015	0.690699	0.069045	0.245461	0.458439	0.126962	0.508852	0.747170	0.830182	0.492050	0.493167	0.389702	0.429825	0.439252	0.464044	0.375580	0.934741	0.309458	0.777277	0.510629	0.351716	0.536805	0.571602	0.823724	0.762928	0.092614	0.731901	0.501679	0.743916	0.680108	0.238013	0.122018	0.121968	
0.176541	0.986396	0.134961	0.324761	0.198681	0.955742	0.298148	0.338179	0.974765	0.873077	0.231807	0.417375	0.824952	0.967603	0.828143	0.378446	0.988816	0.691853	0.702954	0.795543	0.912978	0.924040	0.469955	0.601888	0.332299	0.921165	0.091958	0.476021	0.993928	0.863880	0.533194	0.826754	0.607169	0.645787	0.535222	0.211758	0.192616	0.659326	0.398016	0.107291	0.736179	0.294421	0.366996	0.745046	0.214065	0.182995	0.851253	0.269269	
0.528357	0.768544	0.356386	0.511780	0.116100	0.211573	0.432320	0.244432	0.347320	0.996635	0.309294	0.075239	0.350608	0.270618	0.267983	0.660282	0.454944	0.859919	0.409128	0.360332	0.542805	0.039345	0.890769	0.143623	0.822629	0.952404	0.881940	0.655282	0.285878	0.434408	0.465788	0.350201	0.523516	0.732061	0.581819	0.457873	0.664298	0.099749	0.780994	0.793157	0.383631	0.735546	0.773205	0.498119	0.316728	0.612943	0.027217	0.703247	
0.173265	0.483377	0.527702	0.879709	0.438467	0.747068	0.222830	0.823084	0.285786	0.872032	0.949458	0.118073	0.302677	0.048702	0.694161	0.880627	0.187258	0.622511	0.305255	0.906960	0.481678	0.963184	0.194252	0.310969	0.344898	0.539029	0.553151	0.560542	0.388119	0.185723	0.361193	0.949706	0.430355	0.263410	0.074437	0.479333	0.824397	0.260623	0.228784	0.498687	0.754593	0.868037	0.694818	0.163573	0.037822	0.165216	0.415646	0.947465	
0.687140	0.581612	0.381245	0.317692	0.503461	0.224291	0.149907	0.305927	0.760694	0.212243	0.602543	0.538448	0.725111	0.039380	0.818586	0.986760	0.197721	0.267303	0.629317	0.784607	0.163310	0.865023	0.731876	0.217716	0.344915	0.948081	0.805775	0.587823	0.190192	0.671644	0.614048	0.514504	0.226775	0.390735	0.366803	0.988870	0.184240	0.843329	0.024844	0.408685	0.491005	0.317216	0.843294	0.827666	0.532241	0.042265	0.157714	0.958058	
0.338577	0.240582	0.524135	0.235492	0.083345	0.624490	0.139867	0.477946	0.389941	0.927652	0.700200	0.266722	0.254628	0.378731	0.865757	0.796832	0.685582	0.909713	0.266865	0.918092	0.224026	0.458398	0.575757	0.994765	0.731506	0.198933	0.677735	0.664148	0.774642	0.344705	0.379668	0.844733	0.178950	0.274967	0.899650	0.796024	0.735640	0.487570	0.190766	0.277094	0.404752	0.353978	0.941683	0.014850	0.061004	0.356724	0.501091	0.505922	
0.955902	0.125856	0.973946	0.979229	0.176302	0.020983	0.949134	0.289339	0.774104	0.436373	0.661443	0.432112	0.810777	0.163120	0.990292	0.991910	0.449930	0.801746	0.039645	0.133462	0.247774	0.583014	0.452522	0.550795	0.515671	0.942413	0.438391	0.899562	0.163360	0.561037	0.731724	0.099846	0.670712	0.605529	0.682567	0.926304	0.893437	0.127250	0.381672	0.572585	0.665213	0.074457	0.889523	0.352771	0.036701	0.206535	0.466754	0.950078	
0.207974	0.847824	0.294599	0.820883	0.283447	0.533994	0.626177	0.562462	0.621578	0.394993	0.610938	0.563984	0.661572	0.416063	0.076900	0.265793	0.921749	0.175416	0.887745	0.404383	0.944431	0.836310	0.044957	0.861998	0.035690	0.177635	0.004756	0.294267	0.512138	0.794655	0.076471	0.873912	0.174065	0.214567	0.045627	0.233000	0.557328	0.560666	0.468082	0.268820	0.679656	0.150401	0.188074	0.350741	0.154998	0.289250	0.205845	0.229689	
0.212490	0.441718	0.063207	0.248174	0.744029	0.222820	0.231505	0.715884	0.938096	0.595574	0.310952	0.826381	0.091712	0.697418	0.278793	0.677466	0.371364	0.749400	0.793903	0.055106	0.806415	0.750044	0.769567	0.949081	0.332212	0.833832	0.490971	0.109113	0.775844	0.880240	0.733639	0.545919	0.676890	0.539573	0.292893	0.008725	0.872605	0.137227	0.224696	0.349834	0.630964	0.200072	0.843879	0.704618	0.115716	0.674359	0.142563	0.954357	
0.515597	0.290245	0.088608	0.907798	0.057738	0.603384	0.131334	0.839342	0.136883	0.884233	0.348598	0.600484	0.173709	0.313668	0.495121	0.135725	0.761955	0.819208	0.724940	0.811775	0.772032	0.065112	0.368377	0.665664	0.943867	0.486022	0.138749	0.756779	0.361349	0.628730	0.338472	0.867188	0.190424	0.950989	0.413403	0.698042	0.177924	0.088801	0.667608	0.051561	0.304363	0.903939	0.624090	0.755569	0.731165	0.841910	0.148753	0.170064	
0.395494	0.254542	0.883817	0.994332	0.715738	0.608042	0.837598	0.994820	0.197187	0.585072	0.559477	0.806716	0.724941	0.360279	0.357723	0.212872	0.651395	0.562115	0.419997	0.596953	0.639579	0.519081	0.864598	0.619137	0.412660	0.883062	0.544851	0.262778	0.338403	0.143485	0.153399	0.449344	0.823771	0.340006	0.567906	0.379503	0.141954	0.684662	0.412484	0.068337	0.508009	0.797280	0.641177	0.322651	0.683116	0.675707	0.822494	0.641309	
0.136511	0.890033	0.918274	0.911902	0.168120	0.066781	0.900364	0.405748	0.086517	0.461232	0.263087	0.707273	0.250020	0.782717	0.508032	0.718778	0.405341	0.348959	0.878347	0.383843	0.857425	0.627071	0.585742	0.166161	0.235848	0.399953	0.411277	0.445138	0.490206	0.733811	0.651881	0.642780	0.061399	0.380837	0.252600	0.986213	0.215305	0.867813	0.646103	0.473306	0.661369	0.380886	0.980485	0.733943	0.053879	0.468928	0.920342	0.762982	
0.103448	0.921487	0.908499	0.466072	0.520984	0.924851	0.367861	0.049039	0.271415	0.101875	0.255949	0.722590	0.303571	0.015588	0.303228	0.205654	0.922389	0.762723	0.034841	0.954692	0.562681	0.722914	0.277699	0.959771	0.201878	0.801014	0.897463	0.767656	0.715123	0.424946	0.561815	0.425026	0.757741	0.315092	0.416543	0.348408	0.149325	0.909765	0.843275	0.976138	0.931181	0.502981	0.300756	0.029678	0.053881	0.034229	0.085224	0.099900	
0.647004	0.635547	0.684775	0.042771	0.055277	0.261125	0.822072	0.943706	0.014414	0.581897	0.717324	0.331049	0.066199	0.386901	0.824533	0.994387	0.901793	0.535084	0.613889	0.420668	0.530391	0.567718	0.919055	0.105716	0.958111	0.248640	0.299189	0.446639	0.944967	0.516811	0.320342	0.241037	0.141132	0.808703	0.353976	0.424187	0.911164	0.236830	0.503330	0.763689	0.030160	0.136874	0.592017	0.694738	0.417054	0.306484	0.722746	0.959531	
0.323641	0.618899	0.997605	0.561984	0.034992	0.738989	0.141361	0.999761	0.515007	0.500871	0.720150	0.644007	0.407156	0.874600	0.498011	0.993780	0.602365	0.499270	0.655765	0.508739	0.860068	0.229078	0.750406	0.172950	0.365475	0.372436	0.869429	0.222829	0.966934	0.406488	0.931560	0.286599	0.012947	0.133895	0.847123	0.359468	0.890362	0.708621	0.817384	0.906181	0.555392	0.268484	0.295061	0.701406	0.588741	0.726941	0.508162	0.054226	
0.799409	0.189820	0.830755	0.353724	0.137833	0.361886	0.943916	0.138077	0.546683	0.924129	0.897874	0.103739	0.733429	0.006916	0.844220	0.762699	0.249263	0.290161	0.501807	0.801136	0.706230	0.594858	0.431088	0.149454	0.139496	0.819515	0.699118	0.523985	0.753934	0.674138	0.592043	0.241783	0.389356	0.921325	0.175829	0.530803	0.885482	0.532205	0.858595	0.294342	0.755242	0.035460	0.037111	0.886907	0.090345	0.389200	0.997882	0.523695	
0.162926	0.278400	0.167481	0.220814	0.934863	0.369534	0.434677	0.791548	0.777732	0.644278	0.386453	0.605889	0.092230	0.159187	0.626072	0.477349	0.127902	0.127753	0.564951	0.348347	0.101585	0.293271	0.381757	0.726180	0.911827	0.974333	0.901643	0.775078	0.575312	0.083985	0.617146	0.990381	0.317082	0.040432	0.466701	0.381846	0.106660	0.104548	0.759937	0.647907	0.201185	0.970044	0.202462	0.096702	0.679387	0.979157	0.742020	0.041582	
0.087673	0.941134	0.470793	0.122660	0.998098	0.065871	0.057935	0.429800	0.336017	0.361949	0.144967	0.316252	0.639338	0.120887	0.264947	0.440458	0.244483	0.906994	0.704573	0.292730	0.256862	0.460706	0.072378	0.573918	0.290350	0.946873	0.394519	0.259670	0.558534	0.415213	0.543027	0.176101	0.237264	0.502787	0.112750	0.644508	0.154118	0.684410	0.995721	0.634890	0.194195	0.721387	0.844889	0.622570	0.361615	0.226905	0.893454	0.692153	
0.486102	0.072555	0.990458	0.968464	0.822278	0.371072	0.911201	0.104070	0.587725	0.694110	0.806515	0.836037	0.354463	0.072773	0.465948	0.378636	0.959867	0.550901	0.168255	0.094901	0.172238	0.808532	0.471934	0.188836	0.738059	0.492273	0.199627	0.712704	0.391252	0.802007	0.550403	0.809249	0.631834	0.460594	0.879514	0.790622	0.021467	0.135192	0.511756	0.553060	0.206974	0.794387	0.373643	0.960691	0.292567	0.622094	0.943341	0.353239	
0.791492	0.375265	0.369328	0.722758	0.765041	0.884196	0.181978	0.526611	0.482590	0.795553	0.828089	0.621128	0.518942	0.963626	0.674566	0.037459	0.130699	0.137064	0.578612	0.890822	0.717772	0.620450	0.212275	0.288702	0.468058	0.551098	0.840498	0.416804	0.415448	0.821724	0.697295	0.556072	0.271908	0.328020	0.552958	0.194172	0.993862	0.170479	0.961682	0.901002	0.543435	0.725888	0.624326	0.743374	0.523121	0.129788	0.424281	0.048410	
0.378996	0.546708	0.595273	0.202683	0.555503	0.795272	0.832342	0.946926	0.148374	0.759710	0.815506	0.812474	0.068182	0.559043	0.628123	0.188652	0.983883	0.939072	0.476241	0.168291	0.514917	0.548929	0.659837	0.723035	0.168669	0.580911	0.985830	0.322802	0.335648	0.546475	0.489298	0.970890	0.470488	0.052336	0.051718	0.978473	0.184190	0.913893	0.023257	0.652237	0.119674	0.176100	0.626533	0.159515	0.380747	0.925952	0.441117	0.343225	
Printing Matrix C
11.701033	11.875298	13.201627	12.441695	11.894663	9.154900	10.643846	13.256849	10.421557	12.661962	13.474833	11.060168	11.389227	9.416220	11.269410	11.174688	11.209152	13.156635	12.210559	11.529177	10.108324	11.465365	11.057830	10.476479	11.263302	13.360504	11.558275	12.169373	12.271053	11.543459	11.257528	12.116952	12.442867	12.042419	9.621116	10.593265	10.928459	11.114664	12.092643	12.111387	9.189975	10.865573	11.296753	13.321405	10.143842	11.355155	13.268001	12.388006	
11.486417	10.352262	11.663866	11.543798	11.678274	10.848753	10.557657	12.654981	9.182722	11.852087	13.962264	10.246164	11.109081	9.762636	10.965317	8.428833	10.558937	11.808591	12.160773	12.084383	10.862336	11.808126	9.618939	11.369693	10.895803	11.752954	10.660668	12.077670	11.385468	11.115803	10.448018	13.424993	12.649803	10.124202	9.100672	10.242405	10.615977	10.164177	10.440058	10.755376	10.020563	10.954771	9.428053	11.168282	10.500717	10.410008	13.087410	10.310212	
12.014281	13.106449	12.556844	13.362840	12.288526	12.069328	12.178084	13.814367	10.874263	13.568849	15.141915	12.312631	11.841689	10.931486	13.599500	11.549662	12.299401	12.991052	12.869660	13.088509	12.471632	13.490432	11.867299	12.442237	11.618908	13.419134	12.207392	12.646685	12.902673	13.762761	11.374361	14.414402	12.562759	10.751516	10.202634	11.451170	12.107088	11.586164	12.630992	13.027520	11.492832	11.365315	11.493107	12.246643	10.687057	11.085633	13.068928	12.499712	
11.082128	12.185040	11.053591	11.742802	11.676310	10.558622	9.583329	12.279774	9.231448	11.302904	13.111775	11.086047	12.210520	8.831049	10.856380	10.175167	10.290476	13.481087	11.886392	12.099105	9.693236	10.686761	10.453246	11.178861	11.222187	13.699275	11.240875	11.618263	10.863575	10.836747	10.507766	12.607773	12.314718	10.805764	9.638173	9.704125	9.446195	11.109040	11.183771	12.223021	9.653491	12.137115	11.228661	11.141190	10.492118	9.552157	12.242075	11.958654	
12.898642	11.898167	13.331346	12.596481	12.629084	9.975292	11.616495	13.526025	10.242613	12.943368	14.134339	11.708843	11.171852	10.429132	13.140608	11.272342	11.137605	13.482785	12.933529	12.264909	10.537023	12.170929	11.443771	12.089098	11.219106	13.491006	12.218404	12.838535	12.732269	13.164668	11.621146	13.522621	12.760940	11.315962	10.181150	11.804605	11.314173	12.352665	12.749000	12.723091	9.862104	11.101651	12.089452	12.434567	10.695833	11.670051	13.394328	12.052863	
9.736641	10.663037	10.889754	10.195588	10.719159	8.483931	8.567751	12.063929	9.806625	10.809058	12.386064	9.748031	9.405522	8.546179	9.807557	9.537369	8.974153	10.741750	10.305884	10.064096	8.286650	9.599956	9.407772	10.332483	9.464804	10.985893	9.799841	10.710505	9.799802	9.451563	10.217428	11.132830	10.210411	8.953722	8.232420	9.152046	9.794972	8.336003	9.427042	10.877130	7.944773	9.524575	10.819186	9.864011	9.646259	9.316182	10.255972	9.909004	
9.805608	11.172836	10.418718	10.304001	10.741993	9.384678	9.137019	11.309156	9.256563	10.788040	12.673049	10.352083	11.033175	8.038395	10.558043	9.754628	9.266836	11.314294	10.616551	10.674922	9.457450	10.081445	10.045027	10.071320	10.327406	11.875919	11.265469	10.461276	10.079505	9.880015	10.107482	10.762785	10.837863	9.245393	9.140644	9.648632	10.023166	9.570024	10.418460	11.050205	9.047480	9.852070	9.582470	10.708566	9.026517	9.229110	11.263107	11.156044	
11.060712	12.532855	12.613339	11.347207	10.785229	8.833261	11.088022	11.798788	9.727159	11.511084	13.137762	10.394284	11.832625	9.697922	12.034703	10.008132	9.330556	11.532340	10.318598	11.980924	9.652735	11.046941	10.050244	9.268814	10.606805	12.374370	10.898135	11.448475	10.736568	11.963029	10.654233	11.426625	12.498090	9.860164	9.251576	11.887415	10.206911	10.462389	10.323198	11.304696	10.343439	8.946602	9.952199	11.410544	8.913868	9.782088	11.106011	11.675296	
12.585372	12.550495	13.941480	13.293216	14.223188	11.415060	13.049118	14.114516	11.449154	13.760821	16.054088	12.800036	13.108042	11.008694	13.647445	10.525620	11.962209	13.784192	14.311099	12.256424	11.811893	12.711942	11.375169	12.581935	12.667406	15.702124	12.929069	12.817718	12.426374	13.151829	12.234820	14.712872	13.648344	11.348625	10.754262	12.781693	12.387745	13.463685	13.226599	13.610510	11.099500	11.700844	11.521723	13.367522	11.205566	12.915872	14.358218	12.175533	
12.772141	13.466037	14.067415	13.931386	13.027533	11.081378	13.010941	13.723849	10.868561	13.113156	14.875718	12.307712	12.032111	10.274159	12.767017	11.292545	12.613809	13.629349	12.219702	12.024531	10.357431	13.765500	11.199037	12.565857	12.111963	14.074705	12.475723	13.684908	12.825545	12.977989	11.769835	14.076356	14.759772	11.259553	11.426638	12.283721	10.963778	12.023899	12.522015	12.761264	10.902174	12.483064	12.145097	12.319100	11.536803	11.700757	13.238904	12.636744	
12.194492	10.698097	12.808401	11.635072	12.110086	10.619136	12.908297	12.147707	9.930309	13.691882	14.352197	10.957574	11.346164	9.641069	12.436759	10.071186	11.021412	12.492538	10.646273	11.299783	10.856180	11.567814	10.818895	10.605698	12.031802	13.306509	11.149724	12.477285	12.167474	12.280796	10.569580	13.324762	12.899963	10.347210	10.731244	12.384739	11.245838	12.190383	12.426821	12.232888	10.519063	11.159722	10.349067	11.762047	9.881562	12.188913	13.593386	11.049577	
11.966863	13.567646	13.603527	12.404014	13.031905	11.914256	12.218776	13.606399	11.374660	13.723423	15.528572	12.134835	13.066478	11.545668	12.345766	10.921010	13.300232	13.398798	12.557177	12.581161	12.207165	13.463652	12.189750	12.682946	11.978261	13.445520	12.123914	12.873821	13.193957	13.127714	11.874755	14.235617	13.963165	11.149378	11.567660	12.277365	11.771652	11.991318	11.979119	12.796619	12.227860	11.648710	10.800618	13.176899	11.721705	12.004135	14.183676	13.077126	
11.540714	12.974593	12.218919	11.955914	11.581576	11.953946	11.798729	13.943907	9.473484	13.211271	13.303804	12.664851	11.634071	10.894418	12.020743	11.796837	12.758057	13.330448	12.694983	12.175148	12.223561	12.439493	12.300613	12.144331	11.963003	13.300641	11.822581	12.684693	12.992389	11.986438	11.457256	13.711876	12.460180	10.731474	10.688042	11.012643	10.284420	12.026651	12.557869	12.689645	11.256620	11.736111	11.198443	12.756436	10.676841	11.632524	13.844405	11.947263	
12.480907	13.346844	12.339421	13.248599	12.838903	12.992190	10.778739	13.053060	11.718616	14.218516	14.864628	12.020547	12.786254	9.719348	12.480879	11.029892	11.801628	13.716357	13.150616	14.252785	12.130342	13.217299	11.406063	12.409463	12.417684	14.668439	12.448127	13.970252	12.859928	12.035452	12.324462	14.938688	13.520707	11.939261	9.571887	11.686959	12.366629	12.526567	13.347565	12.619947	11.050492	11.885542	12.268539	12.743439	10.025561	10.343257	13.821452	11.522869	
11.822246	13.042547	12.971039	11.948014	12.211547	11.079945	10.950870	11.720479	9.588340	12.257208	14.108968	10.794510	11.879776	10.249521	11.773380	10.537979	10.867062	12.539621	11.852507	12.558304	10.348355	12.418223	10.448369	11.884530	10.696354	12.393359	11.431023	11.813341	12.104803	12.054406	11.644087	12.097490	12.393242	9.763186	9.698327	10.822829	10.899742	11.606055	12.138342	12.294313	10.768319	10.946024	11.144526	12.083111	11.118292	10.071477	12.595519	10.641214	
10.580263	10.719488	10.623438	10.667738	9.727522	10.164719	10.718629	11.050801	9.732317	11.614563	13.375927	9.486179	10.620636	8.475848	11.840163	9.041489	10.259271	11.069732	10.366580	11.151648	9.910734	11.033252	9.032377	10.167247	10.037322	11.976775	9.842786	11.177434	10.737965	11.196290	9.777986	11.623356	10.499888	10.051677	9.031230	9.459291	9.989534	9.685028	11.115320	10.973435	10.427096	10.766661	9.908256	10.243343	9.809973	9.420030	11.963393	10.466964	
11.799529	12.364578	12.555717	11.811074	12.414133	11.310654	11.478733	12.626095	10.191037	12.557675	13.602202	11.023406	11.936279	9.643063	11.598281	11.069694	10.861044	13.090418	12.337460	11.616257	11.186697	12.712554	11.378552	11.800951	10.878686	13.526034	13.020832	13.388539	12.171245	11.507729	11.923179	13.591632	14.089124	10.175444	10.215587	12.081378	11.234969	11.213327	11.683407	12.307412	10.650377	10.733565	10.850990	11.062805	9.710060	10.197016	13.259376	12.128640	
11.770317	12.241585	11.398192	11.459651	12.268184	11.930875	11.440449	12.829101	10.483168	11.935509	13.798466	11.560722	11.874793	9.766509	11.906683	9.520176	10.921329	11.457843	11.154197	12.332612	9.619587	11.800556	10.467810	12.119559	11.580421	13.481252	10.558704	12.053008	11.058715	10.834011	10.574529	13.216843	12.565208	10.024983	10.485521	9.957292	10.184112	11.459382	11.868588	12.155374	10.528906	11.776084	10.596001	10.691225	10.772051	10.324453	12.627604	11.161834	
10.682447	12.032725	11.946910	11.828883	12.285800	9.889877	11.003469	12.182376	11.076770	12.798138	13.801029	11.833362	10.632821	9.594384	12.078455	10.289926	9.684651	12.838107	11.577577	11.407234	10.398758	10.565810	12.327093	11.715589	11.333960	14.011633	11.771202	11.942005	10.733156	11.671480	11.019543	13.245962	12.775525	9.827507	9.524037	10.923722	11.449613	10.063924	11.168178	12.230238	9.550989	10.791694	11.316005	10.748343	9.733018	11.434880	13.039474	12.686248	
10.506205	12.085801	11.637244	11.487463	12.305041	11.261074	10.479001	12.079040	9.566319	11.367544	12.472156	11.842109	10.927807	10.035222	11.473979	10.116242	11.134772	11.740780	12.462838	11.394081	10.822994	12.121423	11.068069	11.236842	10.859452	13.091931	11.878970	11.736940	12.335542	11.095409	10.595377	13.031036	12.281276	9.443079	9.846328	10.552827	10.035795	11.723865	11.950695	11.749898	10.036424	10.264239	11.046164	11.055769	9.490344	9.366165	13.193521	10.740920	
12.126472	13.092282	11.691510	11.832441	13.031361	10.601349	10.417109	14.032577	10.988338	14.316304	14.100812	12.610195	12.297885	10.555097	12.109332	10.431143	10.435293	14.507847	13.664901	13.559238	11.363345	11.964977	10.914527	12.345175	12.985394	14.602884	12.294476	12.917211	12.810403	12.663886	12.300645	14.107758	13.685419	11.779967	10.917699	11.102084	11.807541	10.787978	11.574581	12.954801	10.373267	12.411973	12.079750	13.106753	11.076163	12.181187	13.622193	12.464333	
12.602712	13.663403	14.692993	14.036796	13.817757	11.770207	13.428345	13.557928	11.900641	12.972674	15.790638	13.041485	13.037581	11.218470	13.528569	11.577654	11.728902	13.521034	13.474394	12.824789	12.462554	13.706163	12.229507	13.616054	11.758310	14.777635	13.546527	14.307747	13.151931	13.688016	12.091874	14.505042	14.774357	11.345833	10.893136	12.841003	11.925388	13.849264	13.820701	13.773170	12.202148	12.469347	11.844402	13.179511	12.273246	12.393272	14.582562	12.660860	
9.906345	10.446664	10.169074	9.663693	11.825041	9.428278	9.515564	11.116955	8.783568	11.127170	11.953002	9.965437	9.673599	7.341269	10.530523	8.740477	9.085736	11.954752	11.328788	11.105360	8.904446	10.687795	9.463329	10.392073	10.247050	12.274256	9.809827	10.807872	10.818712	10.175914	9.035453	12.899942	10.898944	9.387491	7.190680	9.135542	8.899031	11.339676	10.813849	10.450429	8.683840	10.436064	10.223793	10.272512	8.950677	9.504920	12.463057	9.506521	
12.984183	13.906652	12.646783	13.307370	12.108911	10.455166	11.941646	12.038717	10.070615	13.173562	14.479812	12.410834	12.579531	10.488015	12.015978	10.568626	11.656368	13.057795	13.138109	12.633446	10.829181	12.574222	11.604994	12.569690	11.517414	13.890240	12.042158	12.573713	11.830630	12.836187	12.652211	12.656107	13.535528	10.964916	10.897606	11.336501	11.967544	10.639640	12.483791	13.401569	11.269101	11.676546	11.872368	12.959351	11.894267	11.102803	13.063489	12.652194	
10.548378	11.142933	11.030972	11.701593	11.317676	9.649793	10.089136	12.285222	9.220507	12.906703	12.414660	10.093858	9.286995	9.204973	11.427720	9.765636	10.495729	11.880841	10.895058	11.022595	10.331913	11.201475	9.984180	10.804478	10.292620	12.592496	11.187848	11.170337	11.988676	11.571478	10.023903	12.467586	11.504401	10.625180	9.975685	9.896249	10.852617	9.521173	11.738438	11.278838	9.956241	11.227822	10.987346	11.487239	9.095864	10.792629	11.578953	11.351693	
11.424521	11.481053	11.135458	11.714510	12.425313	10.195816	10.141376	12.597966	9.694969	12.457957	13.412521	11.072143	10.954538	10.170921	11.016355	9.733411	9.927218	11.828807	11.859880	11.822968	9.978240	10.635631	10.587032	11.653646	11.542903	11.797161	11.805949	12.382930	11.616256	10.694816	11.000483	13.181808	12.791728	10.053965	9.058785	11.413487	10.852396	10.766993	11.484426	12.116577	9.766844	10.829176	10.959852	11.730487	10.424501	11.523305	12.440966	11.119859	
12.038205	13.128583	12.165997	11.318804	12.968796	11.192188	11.415720	13.213870	10.201135	13.772925	14.298123	11.574198	12.812820	10.257983	11.859419	10.572485	10.955116	12.435107	12.461702	12.838899	11.275683	11.823416	11.508501	12.188618	11.211746	13.710441	11.077631	12.088244	12.537807	11.608289	10.798416	13.739598	13.713682	10.711898	10.073424	11.203908	11.637722	11.320753	11.830335	12.209262	10.588957	10.710362	10.814199	11.052266	9.921415	10.674089	13.884418	12.532497	
11.492695	12.513927	11.913657	11.391950	12.050161	9.363939	10.084484	12.417523	9.306376	12.032390	12.880840	11.297444	12.517865	9.789064	10.800574	10.103700	10.015717	13.009905	11.380463	12.700944	10.346252	10.913533	10.379450	11.142232	11.666867	13.004268	10.480656	12.056426	10.867985	11.650871	10.352298	11.909172	13.036923	10.579047	9.367950	11.165988	9.471460	11.504414	10.810671	11.028417	10.156186	11.473901	10.461565	12.244889	10.867456	11.015751	12.457974	12.430633	
10.989479	11.262516	12.123396	11.845881	12.241152	9.974933	10.694930	11.973002	10.670343	13.203419	13.720263	11.103707	10.804539	9.787020	13.025375	10.066287	10.270129	12.004087	12.028236	12.113602	10.598848	11.602651	10.452257	10.759957	11.662406	14.523427	12.009367	12.049473	12.592689	12.182367	10.833977	13.410911	12.897570	11.114217	10.569545	10.949114	12.147404	10.489945	12.323648	12.089798	10.494313	10.995834	10.524788	11.939144	8.413141	10.908869	13.694489	12.542365	
11.310439	11.420760	12.938537	11.833799	10.593122	10.554224	11.074703	12.211657	9.163852	12.800923	14.510148	10.611833	10.480425	10.443808	11.781299	10.028839	11.334754	13.614620	11.062346	11.790000	10.588131	11.533466	10.622001	11.402891	11.052911	12.092869	11.909291	12.022142	11.618860	12.350780	10.698883	13.197692	11.840531	9.738871	10.302298	11.314235	10.610948	10.954784	10.838020	12.319632	10.762049	12.169373	10.766479	11.687818	11.376496	11.751230	13.456488	11.301741	
11.232617	12.120475	11.242610	11.717002	11.226629	10.987114	10.128045	11.867401	10.760635	12.577739	13.077709	11.012188	11.545712	9.729303	11.122372	8.919191	10.463434	12.526424	11.320214	12.727229	10.890993	10.905783	10.609700	11.490227	11.890132	12.500779	10.650379	12.760821	11.755224	11.402056	9.922202	13.324728	13.241750	11.017225	9.616998	9.993663	10.766216	10.534910	11.263086	11.037840	10.070201	10.896022	10.217035	11.241327	10.350059	10.279036	12.500634	10.244370	
11.796079	12.955975	12.315063	12.941928	11.733362	10.994271	12.041469	13.181230	10.433700	12.424315	13.629651	12.161190	12.411631	10.713032	11.465444	11.364762	11.621492	12.067408	12.473909	11.491109	11.196903	12.484509	11.949054	12.068067	11.512070	12.763176	11.643749	13.171093	11.662040	11.809748	11.407282	13.351517	13.566087	9.811561	10.626260	12.227388	10.131476	10.477615	11.257500	11.565661	10.684955	10.865193	11.424107	11.598613	11.053292	10.814801	12.871157	12.254696	
9.878345	10.475560	10.582516	10.077084	10.443467	9.089057	9.304664	11.289919	8.261427	10.204030	11.431075	9.903808	10.734989	8.667782	9.914867	8.683885	9.971615	11.330288	10.728909	10.101544	8.810253	10.201919	8.563924	9.640446	10.098397	11.703062	8.448661	9.977785	10.239041	9.603606	9.357403	11.145276	11.126644	9.489579	8.179788	8.682859	9.270266	10.403415	9.993609	10.250545	7.518331	8.924176	9.139372	10.133240	7.436071	8.215978	11.481849	9.794091	
13.444676	12.796995	13.813602	13.758832	13.579409	11.406182	12.298852	14.060234	11.374489	12.738999	15.575914	13.458523	12.833576	11.200995	13.434495	10.692447	12.639650	14.076981	13.692345	13.160143	11.883335	13.552481	12.292930	13.871815	13.006908	14.421074	12.616058	14.004882	13.062396	13.763897	12.659700	14.964130	14.647146	11.173554	11.619440	11.773973	11.996332	11.698674	12.538726	12.651232	11.545317	12.405892	11.744304	12.690222	12.594012	11.707096	14.432435	12.005993	
11.524061	12.286399	11.671671	12.117502	11.820892	10.844660	10.387434	12.861700	10.526190	14.322277	13.491340	10.568323	11.386571	10.065133	11.171862	9.886997	10.478242	12.992780	12.849918	13.057432	11.484945	11.879299	10.275371	11.339511	12.028475	13.373250	12.158993	12.491601	13.592603	11.669019	11.184867	13.540718	13.079466	11.234328	10.726908	11.510891	11.480074	11.586935	12.198366	11.836096	10.121254	12.017772	12.384818	10.615606	10.700858	11.423379	13.312390	11.278679	
11.935206	13.302207	12.695122	12.300538	12.621305	10.003086	10.919712	12.503216	9.951911	12.884967	13.555764	11.550257	12.193032	10.761898	11.102765	9.992845	10.791805	12.404586	11.899933	11.789831	10.647075	11.547984	10.985147	11.333496	11.441861	13.231122	10.358194	11.779930	10.862265	11.791022	11.352490	12.326743	13.292911	10.330895	10.126094	10.943588	10.622985	10.458166	11.303290	11.483601	9.994914	10.953616	11.537416	12.059245	10.283568	10.586267	12.489606	11.684117	
12.607489	13.273232	13.799747	13.013721	14.368738	11.515184	12.313291	15.055415	10.504558	11.883017	15.076989	12.877634	13.124712	11.115219	12.677897	12.242254	12.551164	13.925248	13.390985	12.450565	11.531989	13.521613	11.568452	13.106692	12.081391	15.047741	12.641614	12.855485	13.595449	13.003788	12.010270	14.035244	14.981628	11.511427	10.888860	12.432315	11.174998	13.076017	12.780329	13.585603	11.971396	12.113401	11.879528	12.483481	11.224645	11.653040	14.464770	14.720763	
11.133298	12.704986	12.097668	10.961107	11.767387	11.549844	10.314524	12.636076	10.327748	12.727856	14.805952	11.345321	11.980355	10.184570	11.492472	10.187090	11.290122	13.714202	12.415834	12.182827	10.737351	11.934984	11.608479	11.252931	11.542845	13.271765	11.945772	11.374457	11.718910	11.542829	11.991917	12.345320	12.179229	10.161191	10.433823	9.811225	11.566553	10.884561	11.317032	12.654635	10.159544	11.984309	12.008691	12.099285	11.375863	10.240941	13.557529	11.995985	
11.790610	12.705300	12.444129	12.673582	12.111215	10.303554	11.371482	13.905949	10.923360	12.397613	13.906561	11.926687	12.042527	10.879543	11.694977	11.325492	10.569786	12.612290	13.022682	11.831771	11.257918	13.316014	10.594736	11.795979	10.957050	14.006975	12.158194	12.494472	12.915272	12.490018	11.912643	13.509560	13.176975	10.274013	10.665291	11.279059	11.659843	10.477697	11.500281	12.939814	11.512309	11.810046	11.753825	12.014229	11.104484	10.857305	13.959214	13.057196	
10.983697	11.091287	11.319054	11.517629	10.388907	10.497148	9.244050	11.081840	9.533067	12.007900	12.317506	10.686477	10.597206	9.223213	10.687472	9.637665	10.616160	12.883215	11.331106	11.879363	10.371053	10.459257	9.989935	11.062700	11.054521	12.226640	11.239331	11.934779	11.407160	11.524585	9.946783	12.703943	11.353821	10.895132	9.005623	9.712576	9.508042	11.092983	11.212255	11.327754	9.388622	11.254585	9.832717	11.839021	10.322573	10.361841	11.611185	9.412796	
14.030578	14.572108	14.379176	15.701196	15.178647	11.634584	13.638178	15.739594	10.958731	15.634815	15.539496	12.675948	13.987624	11.588036	13.402906	11.888761	12.123645	14.974294	14.177185	14.262683	12.729436	13.882161	12.106632	13.130514	13.557985	15.664600	12.990990	14.517612	13.298560	13.895639	12.125256	15.620318	15.271678	12.346520	11.300009	13.461482	12.093280	12.825179	13.957742	13.407912	12.244553	13.723142	13.554706	13.382446	12.413804	13.178454	14.549937	13.771599	
10.072327	10.775161	11.213413	12.233641	10.337510	9.483503	9.267626	11.019273	9.002314	10.354548	11.604585	10.888965	9.865377	9.556879	11.035060	9.629203	9.199941	10.935597	10.889894	11.642359	10.994854	11.180836	10.476781	11.755455	9.370919	12.087961	10.600114	11.422861	10.855573	11.480391	9.537944	11.917271	12.105602	9.148121	8.961533	9.948732	10.469804	9.748667	10.589736	9.899654	10.476969	9.531111	9.213259	10.897791	9.000717	9.397988	11.372235	11.058957	
13.286668	13.194946	12.603790	12.853736	13.901400	12.130727	12.493090	15.037579	11.426377	14.423429	15.657964	12.808646	13.031674	11.068538	12.883014	10.877084	12.514297	13.835719	13.821785	13.631451	12.186641	13.863802	11.533355	12.919431	12.639500	14.539459	12.200348	13.980821	13.752967	13.637386	12.355810	15.342942	13.528573	12.081632	11.710258	12.647188	11.938333	13.090572	14.019028	14.172372	12.276661	13.096397	13.394419	13.334854	12.282814	12.371731	14.328505	12.719565	
11.947772	14.845283	13.125478	12.874101	12.300874	12.645619	12.255471	13.946566	11.745974	14.232901	14.702198	12.576749	12.212379	11.164401	12.833492	10.643294	12.431241	14.821488	13.733479	13.778739	13.142790	13.390521	12.318859	13.313081	11.901635	15.165772	13.351596	13.540378	13.617658	13.970844	11.918124	15.064032	13.770131	11.509690	11.029873	12.159893	11.009495	13.072456	12.960202	13.489892	12.119068	13.656840	12.792820	12.134747	12.618972	12.523801	14.583608	12.466362	
10.884731	11.406339	10.260209	10.814434	12.010448	10.074230	9.570335	12.168524	9.444161	11.981041	12.886376	11.297424	10.810353	8.887424	11.009423	10.400697	9.072707	11.785604	12.505197	12.019620	10.076339	11.086584	9.964790	11.400149	10.776466	13.012519	11.170017	11.114574	11.597893	11.197083	10.461284	13.116155	11.821121	9.383367	9.275659	9.811280	11.091096	11.020374	11.617751	11.777416	9.967943	10.748908	10.414578	10.237643	9.317687	10.024832	12.114890	11.442136	
11.541139	13.556131	12.012241	12.694673	12.248218	10.792479	11.506074	11.675337	9.850569	13.818351	13.333017	11.407709	11.792169	9.093465	11.072530	10.607836	10.763159	13.564754	12.107659	12.811801	11.043303	12.793792	10.671101	11.733036	11.355649	13.791219	11.179182	12.036410	11.848998	12.208722	11.085878	13.442982	13.494352	10.249047	9.699971	10.789380	11.175704	11.051313	11.620834	11.872373	10.910836	11.598331	11.021437	11.174991	10.123476	10.507668	13.272362	12.121119	
11.825846	11.025124	12.199921	11.961523	10.840979	10.446969	10.507414	12.500147	9.996193	11.907629	13.732896	10.967442	11.057274	9.751739	10.801178	9.650085	11.293385	11.699061	11.114523	12.142887	10.321258	11.522717	10.219807	11.033503	10.334735	12.646549	11.810945	11.892129	11.853094	11.461457	10.409357	12.429553	12.694047	10.443615	10.475518	11.374643	10.307212	10.559539	9.953576	11.752094	10.181642	10.257874	11.009021	10.842320	10.131749	10.703736	12.469577	11.967871	
13.872940	14.037822	14.587206	15.388995	15.054663	13.111607	13.801019	15.007115	11.533183	14.776021	16.635759	13.405182	14.064044	11.511535	13.611141	11.876974	12.947646	15.276819	14.774855	13.702476	12.730108	14.637575	12.480683	13.216972	13.599511	16.660539	14.353336	14.570765	13.224062	13.939855	13.015072	16.132348	15.099704	12.141119	11.890474	13.718299	12.311045	13.943085	13.938744	14.616850	11.547481	14.501666	14.141008	13.423866	12.023521	12.568155	15.948605	14.466531	
The results Matches
MPI_Wtime measured for total run by process 1 = 0.000429
MPI_Wtime measured for total run by process 2 = 0.000435
MPI_Wtime measured for total run by process 3 = 0.000425
MPI_Wtime measured for total run by process 5 = 0.000430
MPI_Wtime measured for total run by process 6 = 0.000414
MPI_Wtime measured for total run by process 7 = 0.000419
MPI_Wtime measured for total run by process 8 = 0.000425
MPI_Wtime measured for total run by process 4 = 0.000432
