MPI_Wtime measured for total run by process 0 = 0.116230
Total time by each process = 3.643560  And Average = 0.101210 
Printing Matrix A
0.149645	0.504565	0.694369	0.055688	0.739376	0.844616	0.779362	0.344155	0.653055	0.204411	0.135753	0.236428	0.012167	0.072370	0.595006	0.894663	0.422035	0.082853	0.250341	0.561875	0.456708	0.900593	0.123222	0.936834	0.085477	0.898893	0.365894	0.644649	0.489934	0.009951	0.662552	0.829590	0.303841	0.200990	0.050983	0.543898	0.169355	0.743761	0.689240	0.068854	0.821840	0.995947	0.103069	0.565796	0.357615	0.677941	0.480360	0.104753	
0.419973	0.338382	0.068608	0.978647	0.326771	0.530540	0.403003	0.790728	0.567140	0.412578	0.427272	0.263211	0.554121	0.805054	0.448683	0.818682	0.215551	0.339613	0.039344	0.522121	0.040667	0.382126	0.652054	0.668513	0.959530	0.889404	0.059466	0.171689	0.093767	0.648067	0.886550	0.411107	0.623812	0.386260	0.068979	0.029271	0.961042	0.553316	0.584252	0.832291	0.302921	0.930584	0.874310	0.975973	0.079015	0.510527	0.090788	0.067666	
0.672353	0.377756	0.362307	0.850978	0.818424	0.936445	0.626123	0.946458	0.490432	0.291431	0.979314	0.332818	0.891443	0.023895	0.764978	0.696831	0.545487	0.178663	0.481614	0.231143	0.433935	0.702714	0.936325	0.989103	0.526214	0.791498	0.547937	0.563857	0.967660	0.421611	0.679313	0.169970	0.193028	0.132595	0.378274	0.974680	0.531326	0.872267	0.326566	0.894408	0.141904	0.358308	0.810221	0.129221	0.509918	0.510520	0.669273	0.414032	
0.029122	0.536944	0.910364	0.219605	0.189017	0.909342	0.953243	0.368362	0.489655	0.784987	0.648835	0.077758	0.465039	0.347984	0.268767	0.996614	0.308642	0.705286	0.045180	0.660697	0.016764	0.749780	0.373789	0.065153	0.844812	0.163321	0.764348	0.652400	0.829357	0.363699	0.762399	0.396014	0.893870	0.290048	0.026191	0.173247	0.520784	0.012961	0.041168	0.758017	0.928254	0.379627	0.162417	0.921989	0.032411	0.089899	0.646000	0.865852	
0.587213	0.478919	0.106645	0.656359	0.575193	0.522002	0.747434	0.502341	0.201357	0.368291	0.913996	0.355549	0.575967	0.741218	0.931361	0.761837	0.762971	0.131978	0.892923	0.497046	0.457658	0.084477	0.299068	0.880781	0.468788	0.864199	0.539351	0.329191	0.665196	0.337286	0.677480	0.115131	0.339880	0.310067	0.035447	0.700919	0.826161	0.698196	0.372215	0.625654	0.828048	0.223787	0.709601	0.482718	0.623387	0.971354	0.919127	0.741318	
0.333594	0.491810	0.858499	0.862145	0.978125	0.809889	0.139319	0.191343	0.925396	0.334766	0.968107	0.009794	0.637488	0.892362	0.067632	0.815621	0.685066	0.770267	0.500159	0.228226	0.192754	0.828624	0.473658	0.299439	0.435096	0.034051	0.451689	0.994698	0.024992	0.645791	0.520740	0.493850	0.768843	0.749372	0.896529	0.747286	0.015713	0.421355	0.595877	0.888425	0.354999	0.434176	0.966321	0.895865	0.315933	0.083936	0.003068	0.042479	
0.841902	0.040913	0.769448	0.827713	0.364109	0.274532	0.969862	0.990959	0.085433	0.131550	0.854008	0.043066	0.569071	0.006613	0.704787	0.344051	0.840944	0.285120	0.173163	0.395553	0.361901	0.497258	0.833041	0.656624	0.913352	0.970227	0.815589	0.937300	0.140295	0.956800	0.993006	0.391771	0.685815	0.444342	0.789724	0.396251	0.509979	0.483388	0.381726	0.261495	0.928185	0.062437	0.245014	0.128434	0.943651	0.230391	0.386085	0.770607	
0.299054	0.930878	0.054843	0.240403	0.220637	0.907843	0.863802	0.897441	0.401060	0.535761	0.959616	0.031383	0.749429	0.839924	0.883936	0.207413	0.825479	0.271768	0.465419	0.445145	0.235961	0.288419	0.522326	0.891750	0.145739	0.569460	0.091706	0.008622	0.862617	0.976648	0.459076	0.929543	0.322352	0.164879	0.713482	0.473826	0.963012	0.049207	0.948106	0.408724	0.368468	0.199199	0.579027	0.301309	0.056367	0.188197	0.462018	0.799999	
0.319051	0.572140	0.574901	0.981976	0.808212	0.023252	0.972139	0.850162	0.410161	0.800782	0.257182	0.430832	0.380048	0.828992	0.736769	0.626435	0.593868	0.088353	0.244542	0.706682	0.101511	0.809071	0.161910	0.414258	0.708594	0.561258	0.317130	0.279324	0.611119	0.539243	0.737306	0.403708	0.364254	0.499943	0.562389	0.661549	0.936559	0.737550	0.129853	0.670540	0.366848	0.804222	0.223888	0.381155	0.191862	0.182895	0.086076	0.260343	
0.078664	0.059126	0.966911	0.304953	0.191295	0.001939	0.194312	0.159594	0.904277	0.245137	0.047362	0.963173	0.546689	0.168394	0.732672	0.083095	0.189023	0.452389	0.862896	0.059404	0.799846	0.375340	0.733822	0.555318	0.498750	0.766265	0.426746	0.785337	0.875507	0.606200	0.382468	0.419514	0.831517	0.727425	0.629245	0.748605	0.848173	0.423250	0.658878	0.220095	0.779022	0.703740	0.715798	0.179204	0.442808	0.199483	0.474700	0.396767	
0.490900	0.000629	0.911021	0.549236	0.873179	0.341189	0.951053	0.689685	0.547643	0.935844	0.882502	0.854746	0.900452	0.150586	0.673226	0.681368	0.671544	0.284271	0.431231	0.341759	0.805993	0.836467	0.244231	0.487121	0.919576	0.055316	0.538012	0.127387	0.964292	0.813615	0.825325	0.801644	0.176980	0.079435	0.919423	0.912622	0.104142	0.482462	0.275240	0.140249	0.392548	0.996894	0.105627	0.369025	0.402254	0.707437	0.677623	0.724449	
0.594997	0.462815	0.225079	0.239835	0.124525	0.677595	0.691880	0.594581	0.013408	0.014990	0.715756	0.188955	0.566655	0.345590	0.405474	0.098881	0.873924	0.514889	0.937132	0.428224	0.477021	0.461421	0.923662	0.253330	0.647476	0.056106	0.652334	0.481242	0.141453	0.463266	0.896872	0.547397	0.123842	0.869799	0.817010	0.122630	0.403842	0.462932	0.640052	0.264575	0.984582	0.650759	0.565742	0.855904	0.958833	0.254122	0.881317	0.626501	
0.863806	0.066132	0.794323	0.974847	0.772812	0.525669	0.154042	0.700391	0.110925	0.775539	0.483152	0.383863	0.950613	0.297690	0.439505	0.837088	0.420491	0.984126	0.091982	0.412978	0.396753	0.277658	0.728890	0.689418	0.329200	0.516482	0.096400	0.254336	0.538329	0.878942	0.476217	0.281144	0.619250	0.111521	0.224244	0.576027	0.463145	0.171792	0.831734	0.031849	0.326168	0.973285	0.448675	0.469581	0.779648	0.964838	0.064554	0.152573	
0.511253	0.395037	0.788592	0.356494	0.824748	0.443770	0.389497	0.817416	0.023950	0.138233	0.018323	0.459628	0.956338	0.053835	0.670448	0.704696	0.470501	0.917197	0.070797	0.510829	0.801977	0.552027	0.430219	0.907139	0.160145	0.926792	0.653186	0.976438	0.810886	0.630416	0.236682	0.663035	0.434846	0.966276	0.853923	0.401188	0.431705	0.847373	0.322659	0.316092	0.799884	0.661271	0.629304	0.062594	0.667984	0.921524	0.028123	0.611849	
0.164790	0.968612	0.055230	0.674613	0.323015	0.348858	0.276498	0.128477	0.907834	0.529452	0.427458	0.977328	0.285057	0.000107	0.483410	0.776149	0.190080	0.666914	0.114560	0.732245	0.863512	0.083248	0.746053	0.216392	0.001473	0.191025	0.337890	0.524373	0.067204	0.936127	0.136436	0.198815	0.457038	0.571827	0.207255	0.009173	0.385175	0.210778	0.304146	0.785115	0.173015	0.734551	0.144492	0.133852	0.783404	0.762311	0.782256	0.246356	
0.826855	0.810892	0.122255	0.104878	0.912486	0.638659	0.742827	0.522251	0.399914	0.426747	0.515726	0.756103	0.630579	0.218971	0.479541	0.652129	0.283510	0.340507	0.283085	0.913195	0.761042	0.412203	0.975628	0.419711	0.191257	0.919948	0.407058	0.006114	0.194465	0.450471	0.690411	0.980402	0.565621	0.379685	0.766294	0.044278	0.844734	0.031205	0.390935	0.195904	0.297374	0.289175	0.791904	0.742068	0.520373	0.660374	0.295140	0.184704	
0.961684	0.709468	0.857270	0.255313	0.210226	0.522367	0.737434	0.183354	0.834124	0.739240	0.767817	0.612396	0.673848	0.498973	0.913545	0.829750	0.248066	0.603207	0.292963	0.807341	0.145038	0.104351	0.047978	0.917279	0.760233	0.508129	0.137828	0.816240	0.393294	0.780665	0.998889	0.182069	0.149632	0.352291	0.643796	0.945786	0.489339	0.671305	0.337842	0.419420	0.245103	0.626125	0.048073	0.194607	0.757578	0.748208	0.585687	0.003422	
0.715553	0.177915	0.515345	0.148183	0.173837	0.542002	0.408072	0.609754	0.888971	0.036106	0.678245	0.378412	0.205986	0.192289	0.056896	0.526991	0.551425	0.131799	0.828607	0.071455	0.099470	0.514124	0.574880	0.160717	0.359758	0.400894	0.427537	0.473826	0.905926	0.425195	0.861827	0.735272	0.657093	0.480022	0.147053	0.488144	0.164934	0.754064	0.126146	0.203664	0.111604	0.523907	0.383865	0.172663	0.663848	0.252613	0.550045	0.938926	
0.854956	0.692838	0.970425	0.248531	0.183250	0.875174	0.917375	0.795300	0.683396	0.568120	0.316940	0.357052	0.338642	0.506463	0.597551	0.095825	0.864338	0.454516	0.969645	0.970123	0.705642	0.462291	0.924134	0.651996	0.576798	0.674792	0.960899	0.874526	0.641510	0.188227	0.826379	0.691568	0.072715	0.525480	0.849131	0.195254	0.340900	0.177791	0.915135	0.872565	0.049903	0.385671	0.579202	0.310344	0.641186	0.459772	0.782623	0.158282	
0.297424	0.897697	0.179366	0.701328	0.750495	0.785300	0.708906	0.157564	0.205222	0.769612	0.803432	0.005135	0.578526	0.912184	0.616248	0.216487	0.754228	0.060227	0.207135	0.453859	0.640675	0.623261	0.897024	0.108390	0.324059	0.886669	0.957957	0.572109	0.356711	0.897633	0.554758	0.886631	0.228304	0.242581	0.708414	0.393069	0.935599	0.698669	0.797154	0.934869	0.685061	0.248703	0.713342	0.179502	0.305104	0.043012	0.191256	0.168849	
0.876501	0.854999	0.107870	0.934003	0.264398	0.876092	0.439732	0.182764	0.632498	0.767811	0.252280	0.415892	0.024448	0.417246	0.388547	0.635263	0.997525	0.849963	0.738331	0.148863	0.416639	0.064280	0.835915	0.981163	0.678513	0.814253	0.696287	0.488176	0.689049	0.936438	0.491517	0.342645	0.061964	0.594437	0.976575	0.803024	0.768255	0.249586	0.114349	0.072583	0.979723	0.723654	0.116981	0.396744	0.117251	0.883627	0.904884	0.097811	
0.418881	0.767143	0.435547	0.788671	0.437470	0.807972	0.269005	0.344681	0.767392	0.924738	0.280164	0.690403	0.654665	0.006184	0.800303	0.526397	0.796242	0.614640	0.863707	0.435591	0.441568	0.852997	0.124119	0.959302	0.266012	0.775884	0.205522	0.943591	0.040318	0.419736	0.053769	0.059805	0.239674	0.081800	0.077757	0.404557	0.760955	0.229898	0.455231	0.776585	0.073240	0.267419	0.018757	0.138950	0.160785	0.899697	0.504820	0.064566	
0.633948	0.847874	0.663758	0.231029	0.509986	0.309787	0.650128	0.686461	0.638842	0.002131	0.164890	0.716675	0.699768	0.540230	0.575874	0.949082	0.751162	0.921526	0.049388	0.839632	0.613483	0.524592	0.235791	0.986979	0.164932	0.532232	0.130192	0.655498	0.865279	0.034548	0.800525	0.650975	0.780586	0.966607	0.725057	0.389349	0.955658	0.602151	0.124993	0.066082	0.578241	0.619748	0.847222	0.538392	0.470974	0.153655	0.556569	0.823186	
0.377131	0.167130	0.596032	0.440728	0.470419	0.743140	0.632011	0.885337	0.407536	0.918685	0.780330	0.967259	0.030016	0.522803	0.925544	0.923741	0.135782	0.404863	0.647351	0.283504	0.888471	0.713182	0.835866	0.730733	0.103604	0.498160	0.106495	0.135239	0.586333	0.723097	0.004032	0.814552	0.737710	0.871628	0.065006	0.502830	0.181776	0.473959	0.814532	0.261044	0.854110	0.802070	0.224624	0.097116	0.595351	0.322834	0.467050	0.739196	
0.356801	0.589820	0.765957	0.375285	0.308663	0.965375	0.053936	0.041330	0.985624	0.868651	0.780708	0.021205	0.785979	0.975442	0.481425	0.457789	0.325462	0.260034	0.140259	0.039152	0.484563	0.572116	0.230946	0.446545	0.456845	0.426818	0.280962	0.613613	0.792062	0.319970	0.303693	0.111714	0.825367	0.720575	0.007067	0.414547	0.764254	0.030128	0.600109	0.211771	0.791868	0.294508	0.086612	0.139771	0.497176	0.152162	0.237499	0.430026	
0.635624	0.028493	0.910327	0.134322	0.429703	0.669781	0.641123	0.086766	0.520140	0.505822	0.289396	0.485425	0.105334	0.587442	0.901463	0.405700	0.168068	0.179779	0.877233	0.752975	0.478550	0.336748	0.304308	0.552665	0.804788	0.431199	0.704079	0.880756	0.554212	0.152246	0.485665	0.992762	0.992139	0.732127	0.486642	0.176307	0.907859	0.084865	0.936569	0.036614	0.696016	0.835542	0.384438	0.209509	0.184496	0.394325	0.919701	0.323894	
0.559628	0.781211	0.541124	0.011462	0.470574	0.661149	0.733857	0.148501	0.165577	0.829969	0.700341	0.488665	0.401233	0.554998	0.270077	0.232774	0.934914	0.875975	0.971503	0.925021	0.983765	0.849220	0.283933	0.147496	0.981764	0.999525	0.016943	0.566942	0.371180	0.739109	0.000832	0.470962	0.985868	0.411783	0.234374	0.399448	0.922974	0.935761	0.246389	0.656418	0.060722	0.910258	0.144133	0.495840	0.599139	0.156569	0.206831	0.535716	
0.974468	0.150070	0.284304	0.426981	0.798187	0.414186	0.445999	0.272730	0.726546	0.584386	0.660188	0.385991	0.315174	0.859298	0.170091	0.714705	0.342515	0.353400	0.414293	0.834096	0.143123	0.257057	0.318885	0.095843	0.712774	0.916110	0.760454	0.632289	0.844662	0.597634	0.886602	0.159311	0.177113	0.855935	0.293092	0.803887	0.938313	0.025338	0.590730	0.302629	0.801410	0.676466	0.520840	0.637493	0.800343	0.380255	0.547466	0.916062	
0.052277	0.315986	0.462029	0.781585	0.180816	0.657540	0.928104	0.075050	0.178907	0.291379	0.060271	0.065250	0.163999	0.547560	0.985071	0.436043	0.235620	0.382717	0.871902	0.097990	0.971225	0.824264	0.715698	0.628843	0.650830	0.594353	0.849093	0.571716	0.105108	0.724556	0.582897	0.127526	0.912629	0.516165	0.674546	0.837249	0.369685	0.545101	0.560827	0.979988	0.094165	0.922759	0.233945	0.956351	0.613750	0.429231	0.841506	0.015164	
0.067001	0.538666	0.145484	0.387319	0.037428	0.600552	0.106364	0.809913	0.154882	0.143788	0.227146	0.727879	0.781045	0.037543	0.713868	0.376687	0.584035	0.522417	0.291267	0.244688	0.842157	0.926950	0.425779	0.149050	0.469534	0.969487	0.392976	0.537576	0.854477	0.796574	0.627825	0.349215	0.088613	0.941379	0.781369	0.708576	0.031306	0.572046	0.372388	0.037746	0.013934	0.538602	0.704600	0.580932	0.651297	0.127422	0.550766	0.490982	
0.348269	0.019261	0.618428	0.753163	0.363362	0.106820	0.046305	0.577673	0.151800	0.467149	0.192453	0.415476	0.425586	0.122872	0.019535	0.615733	0.046215	0.497442	0.362829	0.314377	0.575815	0.461942	0.565763	0.682359	0.155890	0.573962	0.197589	0.192093	0.532336	0.599529	0.928819	0.919675	0.850254	0.639676	0.667722	0.939275	0.375250	0.865658	0.440832	0.658576	0.697525	0.945065	0.221976	0.518290	0.452124	0.306184	0.333080	0.355976	
0.642977	0.396418	0.949705	0.554236	0.736910	0.265968	0.967911	0.774464	0.157082	0.560550	0.856688	0.133372	0.196659	0.689754	0.665415	0.713073	0.041383	0.619091	0.445184	0.316043	0.593221	0.359837	0.506556	0.226567	0.853830	0.042697	0.865958	0.019329	0.615625	0.592356	0.754814	0.589432	0.414920	0.787285	0.381850	0.042199	0.685339	0.536202	0.536336	0.855533	0.549888	0.100684	0.074299	0.478463	0.829096	0.970963	0.376248	0.380107	
0.768918	0.651273	0.270720	0.125839	0.095507	0.147955	0.424811	0.022009	0.901718	0.390545	0.242706	0.665940	0.939827	0.655713	0.197299	0.107244	0.203212	0.116985	0.451989	0.429991	0.904865	0.179339	0.581434	0.304375	0.324041	0.459169	0.563928	0.638549	0.762013	0.819830	0.330081	0.925530	0.685591	0.007225	0.285339	0.685076	0.015163	0.519881	0.065763	0.079749	0.519176	0.956551	0.664028	0.586858	0.889361	0.385353	0.333763	0.752736	
0.353398	0.156934	0.197178	0.828942	0.706424	0.808937	0.173080	0.161991	0.427603	0.775359	0.713641	0.517672	0.768906	0.822446	0.213908	0.122023	0.335143	0.206044	0.120967	0.744661	0.383809	0.599579	0.442283	0.249144	0.880111	0.961517	0.386721	0.196755	0.382214	0.258296	0.594383	0.163428	0.659277	0.461846	0.404458	0.607637	0.760104	0.345155	0.968785	0.072273	0.618803	0.442648	0.512978	0.161152	0.658605	0.491314	0.799768	0.182514	
0.024215	0.239290	0.850867	0.216939	0.054142	0.813357	0.156394	0.871822	0.919419	0.780722	0.953874	0.327590	0.361322	0.865466	0.473646	0.620136	0.692340	0.926533	0.706353	0.154177	0.705567	0.783421	0.853164	0.637159	0.969714	0.204981	0.359755	0.536067	0.351474	0.882167	0.449514	0.322981	0.361729	0.685060	0.392986	0.828576	0.806771	0.960514	0.267241	0.432518	0.015554	0.160544	0.170069	0.096385	0.098145	0.346663	0.480854	0.689512	
0.919157	0.910664	0.213809	0.410696	0.351238	0.680515	0.968883	0.855435	0.750531	0.359745	0.712591	0.442143	0.434681	0.358394	0.458450	0.758119	0.422478	0.689750	0.408024	0.656867	0.471656	0.377741	0.450414	0.424975	0.249156	0.121546	0.240849	0.772482	0.352495	0.591066	0.178783	0.188551	0.017968	0.237549	0.978747	0.185253	0.231797	0.890941	0.796171	0.883157	0.100635	0.007074	0.568392	0.017013	0.910433	0.731832	0.957264	0.690477	
0.798685	0.401222	0.822441	0.227835	0.149470	0.736450	0.434691	0.990968	0.624311	0.876809	0.777598	0.113591	0.501902	0.777247	0.765807	0.434396	0.395751	0.341924	0.422094	0.272431	0.688534	0.517205	0.628488	0.658551	0.506215	0.445502	0.429183	0.971845	0.404515	0.390250	0.216818	0.734814	0.660265	0.830761	0.646496	0.653923	0.112073	0.458255	0.679302	0.993360	0.652166	0.469331	0.997955	0.012433	0.190270	0.572793	0.227329	0.019656	
0.384344	0.969953	0.953609	0.365869	0.795005	0.806244	0.940930	0.659824	0.238467	0.674445	0.570332	0.638892	0.089562	0.167689	0.519292	0.204484	0.037763	0.934475	0.798313	0.057055	0.124468	0.067625	0.662903	0.658494	0.856604	0.137791	0.019818	0.187538	0.988369	0.426270	0.542573	0.411296	0.805191	0.571708	0.646114	0.196823	0.492061	0.835980	0.991896	0.056334	0.827413	0.275436	0.970809	0.956611	0.818201	0.466839	0.013635	0.941109	
0.223905	0.422331	0.141580	0.640602	0.883602	0.788606	0.971056	0.723998	0.039064	0.645701	0.462408	0.969052	0.985192	0.641383	0.314025	0.817653	0.095310	0.407950	0.859138	0.870531	0.525134	0.618238	0.504076	0.294659	0.341671	0.553014	0.542671	0.084689	0.957956	0.526690	0.308565	0.809912	0.584328	0.640764	0.266414	0.186206	0.170433	0.287737	0.146681	0.217650	0.522757	0.292432	0.292730	0.593292	0.103193	0.522668	0.464325	0.815632	
0.550441	0.492119	0.967692	0.608402	0.482770	0.812635	0.478536	0.117804	0.800949	0.066721	0.787357	0.344365	0.779994	0.302309	0.199613	0.292973	0.574337	0.566909	0.463418	0.680155	0.071451	0.575639	0.523074	0.551280	0.103679	0.417702	0.278013	0.781586	0.629100	0.302328	0.201836	0.578768	0.380393	0.318203	0.320989	0.789998	0.491148	0.942428	0.059080	0.338245	0.111709	0.053794	0.518013	0.447730	0.919276	0.975827	0.345359	0.897285	
0.700272	0.569562	0.213846	0.413701	0.725198	0.719215	0.849837	0.947036	0.813406	0.351269	0.836211	0.478534	0.549058	0.876599	0.008956	0.620168	0.989371	0.730489	0.549291	0.908210	0.500319	0.058766	0.684885	0.311703	0.006633	0.829711	0.461971	0.598332	0.762606	0.905445	0.248814	0.480789	0.715343	0.441402	0.355467	0.539122	0.977038	0.205943	0.603691	0.160215	0.180617	0.453169	0.298172	0.653616	0.526431	0.832339	0.084673	0.013430	
0.524405	0.064649	0.804444	0.735659	0.201660	0.443406	0.459247	0.415676	0.593548	0.282452	0.920345	0.952497	0.495128	0.222020	0.097963	0.379817	0.690282	0.502241	0.048238	0.276208	0.179502	0.055249	0.323235	0.278614	0.339769	0.808502	0.497133	0.706890	0.545834	0.572062	0.164360	0.266166	0.396346	0.349367	0.006308	0.694482	0.345188	0.824559	0.220657	0.585205	0.664238	0.820540	0.154706	0.153632	0.456339	0.344338	0.677574	0.475340	
0.378911	0.518504	0.450282	0.571029	0.962718	0.463893	0.498761	0.743801	0.442805	0.324370	0.091770	0.298051	0.203697	0.168807	0.252892	0.955191	0.468853	0.017023	0.686682	0.714605	0.983640	0.832776	0.227596	0.645401	0.140916	0.267911	0.447774	0.780794	0.208350	0.532741	0.593748	0.093047	0.961628	0.981737	0.698121	0.297710	0.874839	0.164163	0.707062	0.772835	0.779335	0.080665	0.606708	0.878579	0.811060	0.276301	0.899253	0.467410	
0.479418	0.509190	0.145488	0.859301	0.937386	0.122762	0.833028	0.492427	0.936344	0.839472	0.434550	0.358111	0.129371	0.650419	0.003760	0.889504	0.566976	0.660717	0.205594	0.732792	0.543481	0.787429	0.751152	0.988872	0.852947	0.230548	0.546395	0.533108	0.223071	0.704391	0.301357	0.710009	0.992589	0.580798	0.890743	0.341164	0.169144	0.810733	0.408449	0.607792	0.627950	0.548893	0.426999	0.850112	0.265528	0.876902	0.148397	0.435218	
0.957636	0.339170	0.329606	0.282603	0.808927	0.419046	0.892942	0.478772	0.865179	0.695236	0.109666	0.942249	0.099851	0.942079	0.406061	0.389234	0.393313	0.212077	0.408739	0.221669	0.588017	0.435043	0.667554	0.001850	0.941480	0.824911	0.242435	0.426340	0.586310	0.590533	0.745716	0.356069	0.708172	0.861947	0.062826	0.334578	0.724331	0.131802	0.683435	0.924618	0.830739	0.676062	0.516688	0.415460	0.470821	0.095370	0.985761	0.355566	
0.019584	0.810845	0.301130	0.733254	0.915043	0.417346	0.998708	0.223394	0.091492	0.902622	0.001857	0.711179	0.324074	0.689215	0.257987	0.003768	0.262295	0.359982	0.960036	0.588885	0.958292	0.473557	0.348195	0.786447	0.596407	0.047868	0.007150	0.070943	0.565595	0.641060	0.804940	0.101153	0.459441	0.630659	0.554370	0.294555	0.225776	0.469662	0.465064	0.013658	0.945179	0.659735	0.820572	0.283554	0.490835	0.209748	0.569441	0.363009	
0.772035	0.448358	0.213213	0.839068	0.511026	0.012959	0.564839	0.037560	0.088143	0.462347	0.427972	0.294882	0.670514	0.214583	0.815531	0.268837	0.571261	0.913971	0.460109	0.223462	0.061769	0.947224	0.263038	0.136626	0.682079	0.259896	0.344873	0.028859	0.059408	0.255342	0.821034	0.462505	0.241376	0.176768	0.129515	0.672620	0.636650	0.817892	0.604628	0.250870	0.553490	0.396758	0.065544	0.913750	0.669059	0.999891	0.693272	0.882387	
0.838872	0.636133	0.459384	0.159671	0.928597	0.995723	0.932080	0.819932	0.757358	0.383933	0.642308	0.947855	0.466776	0.801459	0.410141	0.094696	0.743001	0.217400	0.039581	0.298419	0.354633	0.501403	0.540735	0.772283	0.538026	0.120996	0.453899	0.491700	0.016596	0.080722	0.977006	0.675751	0.906247	0.922391	0.270222	0.914007	0.514953	0.911568	0.736745	0.353782	0.840067	0.455104	0.543629	0.214640	0.239964	0.986963	0.470781	0.936976	

Printing Matrix B
0.476502	0.338202	0.851113	0.445471	0.318167	0.910877	0.716731	0.700764	0.840728	0.122616	0.224649	0.423419	0.354612	0.631889	0.945532	0.744651	0.399227	0.116404	0.138541	0.989716	0.406490	0.236070	0.244749	0.776277	0.141245	0.221230	0.135322	0.378061	0.717019	0.084939	0.904613	0.084586	0.912442	0.554181	0.762865	0.507691	0.444491	0.292577	0.680595	0.774717	0.967747	0.187735	0.640596	0.593002	0.575747	0.020167	0.507531	0.784201	
0.305743	0.470956	0.882280	0.237963	0.722408	0.016011	0.599393	0.224843	0.786675	0.670209	0.978374	0.784887	0.941152	0.034481	0.909807	0.868657	0.157064	0.284159	0.318259	0.366115	0.052661	0.443670	0.172855	0.219195	0.081092	0.386802	0.152615	0.613586	0.976743	0.542450	0.466748	0.102101	0.750719	0.663156	0.908381	0.109646	0.411397	0.613096	0.221829	0.543782	0.721695	0.362386	0.102272	0.968077	0.624040	0.965565	0.921634	0.714600	
0.453926	0.741332	0.407027	0.323349	0.404294	0.402676	0.768737	0.929044	0.877042	0.364741	0.267403	0.058329	0.843345	0.982231	0.091561	0.437331	0.074587	0.907794	0.029641	0.300038	0.167588	0.060058	0.649172	0.426757	0.280534	0.505528	0.124316	0.439380	0.587752	0.732638	0.118442	0.224801	0.348633	0.674642	0.363738	0.812209	0.677394	0.467651	0.861370	0.852780	0.685906	0.689841	0.922165	0.777881	0.550831	0.189231	0.680489	0.862302	
0.546627	0.407396	0.511623	0.441691	0.091873	0.515582	0.803750	0.095147	0.726670	0.299877	0.914208	0.158753	0.588278	0.134312	0.762016	0.297890	0.533557	0.219006	0.924891	0.234197	0.570039	0.970007	0.118142	0.863444	0.850140	0.493647	0.241079	0.229387	0.000384	0.098125	0.360312	0.071042	0.101300	0.939050	0.950745	0.042955	0.923027	0.894573	0.078114	0.885980	0.921338	0.692602	0.032027	0.991774	0.285688	0.794811	0.485913	0.539870	
0.155900	0.613404	0.652166	0.627430	0.669320	0.616361	0.280019	0.675689	0.881969	0.363774	0.290280	0.946407	0.445448	0.221968	0.607071	0.518574	0.240757	0.869616	0.788337	0.468116	0.019048	0.205092	0.586819	0.500425	0.249071	0.382784	0.219748	0.115318	0.070410	0.596557	0.099123	0.440451	0.247109	0.232803	0.807113	0.493104	0.785396	0.125229	0.578977	0.841003	0.489853	0.367399	0.552978	0.374797	0.820004	0.300867	0.086485	0.259007	
0.051386	0.369041	0.192729	0.684660	0.560342	0.350340	0.435543	0.967367	0.415129	0.634997	0.817484	0.591495	0.981147	0.556614	0.633680	0.401226	0.307431	0.543565	0.632412	0.478284	0.038115	0.332072	0.019967	0.399054	0.634205	0.403203	0.043845	0.089177	0.887060	0.092624	0.461412	0.205806	0.264116	0.269002	0.977597	0.089282	0.575910	0.489371	0.720794	0.030973	0.922476	0.806689	0.428873	0.991312	0.541656	0.836673	0.577786	0.771911	
0.791851	0.738431	0.788199	0.785161	0.249068	0.959986	0.162957	0.324861	0.425134	0.051753	0.027415	0.169941	0.127002	0.572140	0.049093	0.546689	0.384964	0.610392	0.112833	0.537272	0.670085	0.331763	0.488217	0.918474	0.788174	0.767359	0.013293	0.384660	0.943914	0.845082	0.300851	0.833950	0.676891	0.858978	0.839895	0.151625	0.893509	0.343021	0.140011	0.295078	0.231722	0.743774	0.999737	0.385309	0.085234	0.936657	0.622162	0.071900	
0.214949	0.088778	0.327128	0.564823	0.723791	0.602363	0.169338	0.791987	0.959879	0.646074	0.664195	0.903267	0.261774	0.135513	0.610531	0.182990	0.138291	0.880323	0.512171	0.686056	0.352988	0.099763	0.185860	0.923386	0.427511	0.105355	0.600843	0.841135	0.848546	0.746553	0.184061	0.284556	0.201311	0.787770	0.610024	0.949443	0.762245	0.485339	0.940957	0.093845	0.978184	0.460174	0.207821	0.441644	0.277957	0.515443	0.117740	0.784370	
0.964877	0.032533	0.045966	0.537913	0.031182	0.756317	0.431976	0.340607	0.049361	0.989188	0.102090	0.313549	0.619029	0.842066	0.628990	0.055820	0.198576	0.168769	0.070329	0.052753	0.729934	0.073650	0.659232	0.572071	0.215039	0.965776	0.992090	0.697177	0.108316	0.347888	0.165678	0.331174	0.492061	0.608796	0.206625	0.663900	0.470620	0.098469	0.151808	0.838446	0.231798	0.683977	0.083546	0.835007	0.920398	0.929169	0.586603	0.450330	
0.760286	0.641053	0.720675	0.903470	0.042504	0.321148	0.672479	0.561160	0.963816	0.128166	0.626292	0.239225	0.146068	0.632765	0.428737	0.811336	0.142221	0.155934	0.757342	0.054192	0.061343	0.994158	0.534934	0.638100	0.800455	0.546112	0.729438	0.973435	0.953731	0.608178	0.689296	0.571491	0.871903	0.694413	0.786829	0.429091	0.123944	0.581995	0.978567	0.157628	0.986360	0.205768	0.489077	0.591305	0.785404	0.825276	0.618997	0.306216	
0.124192	0.120145	0.749234	0.759194	0.972486	0.532057	0.561283	0.730075	0.393425	0.263442	0.115047	0.325310	0.054229	0.375151	0.547352	0.164126	0.681997	0.582565	0.833507	0.304410	0.682948	0.757046	0.526152	0.791875	0.422965	0.802078	0.910063	0.438464	0.277973	0.637518	0.494983	0.496870	0.085915	0.608212	0.421194	0.725416	0.749088	0.348374	0.969583	0.194816	0.195565	0.930561	0.124281	0.069919	0.182640	0.227580	0.509081	0.854603	
0.803885	0.514419	0.375436	0.329221	0.722297	0.399765	0.817843	0.084429	0.591475	0.119036	0.384014	0.118010	0.896392	0.244278	0.070040	0.000470	0.561695	0.099003	0.754724	0.061656	0.105819	0.168901	0.056001	0.937071	0.268319	0.363232	0.245061	0.218988	0.826832	0.546927	0.562147	0.770796	0.062286	0.060974	0.298023	0.294031	0.584050	0.327504	0.716262	0.287527	0.320681	0.636915	0.132001	0.707196	0.319170	0.855705	0.801519	0.005159	
0.496300	0.680816	0.188762	0.198164	0.437780	0.412864	0.790244	0.138623	0.351150	0.676667	0.631443	0.441985	0.637985	0.831929	0.924191	0.303310	0.903220	0.214813	0.958974	0.864794	0.938646	0.550795	0.978049	0.839814	0.464957	0.812351	0.900344	0.047013	0.552026	0.977834	0.716030	0.896708	0.265270	0.711233	0.524498	0.620997	0.853685	0.192034	0.861211	0.160934	0.548330	0.422568	0.227621	0.987004	0.348524	0.255865	0.245982	0.683804	
0.264093	0.735497	0.971064	0.251736	0.528286	0.656482	0.475619	0.715665	0.790701	0.472624	0.607814	0.797971	0.424466	0.020892	0.206408	0.181701	0.099733	0.259093	0.273691	0.895545	0.954599	0.191474	0.369444	0.454168	0.045372	0.178468	0.386420	0.609524	0.030274	0.481334	0.335113	0.707183	0.580232	0.505643	0.477105	0.655900	0.953215	0.861923	0.754512	0.482804	0.242884	0.453070	0.637710	0.440190	0.693011	0.904665	0.584559	0.462969	
0.578125	0.018713	0.369799	0.486935	0.521986	0.645673	0.664950	0.076382	0.789748	0.537138	0.592046	0.095442	0.898852	0.313180	0.611956	0.648201	0.744761	0.245310	0.341526	0.437575	0.081103	0.140011	0.211725	0.653887	0.745844	0.428931	0.168352	0.622947	0.524480	0.550615	0.712277	0.326516	0.865729	0.571598	0.304072	0.070768	0.092421	0.131228	0.427171	0.305619	0.976140	0.510905	0.258924	0.211697	0.069980	0.919840	0.961126	0.239294	
0.818183	0.034111	0.820065	0.507430	0.315657	0.216632	0.423774	0.915842	0.256802	0.544406	0.560599	0.299131	0.518414	0.412835	0.465327	0.306396	0.463021	0.405765	0.445385	0.195571	0.551854	0.503869	0.934454	0.375542	0.846458	0.706983	0.676051	0.037636	0.225084	0.674006	0.102600	0.973921	0.320908	0.848707	0.292881	0.527335	0.456481	0.820362	0.450916	0.582192	0.115852	0.704432	0.295288	0.986369	0.192540	0.210783	0.640776	0.860761	
0.564389	0.727977	0.753746	0.702004	0.286518	0.601162	0.718271	0.034808	0.472528	0.626027	0.481308	0.288189	0.272770	0.968989	0.683677	0.875229	0.539218	0.105336	0.858520	0.503190	0.329707	0.882471	0.287705	0.882102	0.656519	0.528050	0.120525	0.811676	0.315212	0.306840	0.610415	0.246955	0.785276	0.442596	0.159632	0.788834	0.050137	0.537318	0.588584	0.098075	0.927549	0.382931	0.442365	0.441368	0.975272	0.756467	0.930277	0.735319	
0.355713	0.359349	0.123700	0.004685	0.819488	0.511679	0.961422	0.653175	0.235880	0.937044	0.230714	0.435823	0.126620	0.791672	0.195711	0.772450	0.704906	0.066770	0.279982	0.002444	0.613457	0.507541	0.123878	0.463850	0.196823	0.038003	0.779306	0.633523	0.666115	0.962822	0.952187	0.413252	0.867071	0.485700	0.551477	0.246522	0.002268	0.739814	0.914780	0.485904	0.604559	0.539141	0.997733	0.289791	0.597858	0.525675	0.987885	0.207138	
0.418948	0.002009	0.180982	0.135360	0.002595	0.309396	0.078838	0.028979	0.319207	0.067261	0.740783	0.980788	0.609666	0.888687	0.445390	0.452507	0.788662	0.834763	0.703047	0.152895	0.845297	0.623017	0.257591	0.607531	0.220116	0.893738	0.031844	0.299541	0.380989	0.239061	0.284052	0.690717	0.146084	0.042359	0.495603	0.554773	0.657545	0.265034	0.829787	0.491933	0.547357	0.010803	0.260197	0.220712	0.498571	0.467565	0.151340	0.855338	
0.683762	0.146555	0.092951	0.520265	0.879119	0.665631	0.657865	0.758809	0.543235	0.784423	0.079955	0.444618	0.464907	0.361150	0.070466	0.913672	0.114184	0.933594	0.761556	0.957630	0.239159	0.349581	0.780824	0.102246	0.878002	0.127491	0.891804	0.536484	0.484292	0.972959	0.114120	0.308987	0.946858	0.435439	0.696440	0.349088	0.016330	0.832623	0.807059	0.121213	0.821538	0.643018	0.820812	0.070053	0.077135	0.859862	0.929643	0.419560	
0.411430	0.584915	0.248068	0.043469	0.632672	0.061552	0.810960	0.124793	0.431468	0.345839	0.947313	0.557384	0.458904	0.215703	0.586095	0.265048	0.490263	0.105394	0.783967	0.002729	0.024955	0.856371	0.247045	0.468413	0.748974	0.930792	0.230145	0.720735	0.905422	0.077597	0.571702	0.489042	0.192609	0.800295	0.743300	0.393215	0.867304	0.604170	0.230749	0.792862	0.886836	0.676010	0.211829	0.806030	0.333182	0.608769	0.226272	0.966848	
0.692247	0.395456	0.570166	0.203802	0.038257	0.551819	0.880556	0.248728	0.068335	0.884373	0.321482	0.397415	0.574031	0.559549	0.103995	0.219184	0.293540	0.231789	0.403311	0.301177	0.243564	0.710573	0.197677	0.891511	0.884040	0.546176	0.466288	0.860187	0.949775	0.840621	0.946134	0.850011	0.674445	0.103380	0.517391	0.519325	0.257554	0.885074	0.189200	0.721243	0.552470	0.278763	0.211010	0.059076	0.558687	0.214555	0.959502	0.744494	
0.146366	0.711704	0.252432	0.424712	0.460928	0.965217	0.086372	0.723368	0.953880	0.657599	0.141081	0.325676	0.616372	0.204588	0.604796	0.209822	0.796957	0.414920	0.152556	0.559374	0.149419	0.263611	0.211052	0.874633	0.989110	0.329823	0.248907	0.829959	0.195728	0.441153	0.983630	0.551687	0.572501	0.829975	0.806239	0.338540	0.913940	0.191449	0.589131	0.289925	0.598315	0.708433	0.275246	0.712501	0.572940	0.271499	0.804630	0.337156	
0.789793	0.102188	0.556479	0.551690	0.042880	0.595412	0.809222	0.210252	0.505085	0.254758	0.457077	0.251305	0.120914	0.586586	0.345989	0.302675	0.090872	0.731814	0.845591	0.117770	0.026644	0.520482	0.598519	0.243402	0.649418	0.883934	0.465419	0.136511	0.658042	0.511877	0.646838	0.139814	0.219415	0.385060	0.155132	0.953477	0.216012	0.017642	0.204692	0.918136	0.759204	0.960605	0.937309	0.810957	0.820212	0.599383	0.137386	0.204760	
0.610824	0.421807	0.092650	0.947733	0.849244	0.123194	0.226419	0.908046	0.843400	0.210248	0.965766	0.376059	0.344039	0.253029	0.714638	0.838227	0.047609	0.091419	0.635319	0.448921	0.004527	0.538499	0.613446	0.216570	0.315195	0.237554	0.448023	0.066941	0.589055	0.273488	0.777759	0.629156	0.371748	0.965626	0.759727	0.491630	0.986663	0.995200	0.476673	0.056954	0.638589	0.072830	0.908121	0.878674	0.459741	0.800870	0.263876	0.062867	
0.150600	0.642692	0.443040	0.674581	0.164450	0.029812	0.881551	0.432991	0.381274	0.606752	0.645593	0.786572	0.637587	0.342833	0.017467	0.537087	0.434193	0.078395	0.314101	0.306936	0.422756	0.119673	0.423514	0.824448	0.058486	0.094184	0.916625	0.809413	0.468198	0.455675	0.557946	0.653733	0.172541	0.869371	0.485103	0.965192	0.513055	0.212166	0.637530	0.741358	0.467813	0.400095	0.716298	0.938650	0.361755	0.670161	0.387087	0.911840	
0.056022	0.046270	0.957518	0.448983	0.096327	0.407143	0.697763	0.429874	0.984043	0.550015	0.039478	0.884837	0.882990	0.320934	0.878892	0.829705	0.013985	0.476038	0.887437	0.442077	0.586170	0.717622	0.997721	0.449510	0.977465	0.682105	0.488190	0.418175	0.121940	0.641257	0.971883	0.935745	0.346937	0.957371	0.336804	0.218139	0.248668	0.206908	0.083257	0.228153	0.655943	0.077665	0.477200	0.515312	0.234949	0.599971	0.627531	0.192699	
0.947500	0.208842	0.549518	0.207278	0.362742	0.044576	0.070603	0.506721	0.182988	0.870679	0.080225	0.259327	0.542560	0.522005	0.395015	0.144558	0.864775	0.626818	0.780381	0.212480	0.248282	0.589122	0.529786	0.045431	0.680229	0.372962	0.302101	0.075628	0.491588	0.014753	0.312339	0.229117	0.512711	0.591407	0.690031	0.436215	0.060943	0.257198	0.121181	0.303504	0.218739	0.561865	0.308755	0.365502	0.235127	0.686945	0.539566	0.724579	
0.771998	0.345370	0.119873	0.400342	0.806923	0.771546	0.960168	0.729514	0.751516	0.699748	0.928872	0.860614	0.445505	0.711464	0.463622	0.037348	0.752029	0.697648	0.164303	0.052718	0.755530	0.899329	0.899314	0.894606	0.920222	0.711101	0.659603	0.013092	0.119275	0.090178	0.160600	0.818517	0.510244	0.784531	0.614155	0.645772	0.661513	0.085383	0.173944	0.211657	0.574342	0.943259	0.494475	0.339053	0.680907	0.196647	0.556758	0.754135	
0.531329	0.741548	0.375915	0.515169	0.932420	0.598255	0.580540	0.200529	0.732671	0.388826	0.100139	0.840896	0.157111	0.622552	0.052706	0.780870	0.915353	0.729519	0.909737	0.328695	0.845239	0.948520	0.736863	0.580661	0.292838	0.696680	0.697366	0.174022	0.575119	0.568345	0.173261	0.211860	0.871632	0.379881	0.186067	0.623526	0.635526	0.457086	0.721096	0.841922	0.007233	0.406910	0.076178	0.559077	0.377506	0.279122	0.476637	0.639380	
0.432361	0.129638	0.727836	0.649734	0.325210	0.735750	0.144566	0.060239	0.116275	0.856399	0.048081	0.843750	0.542898	0.976353	0.613854	0.367804	0.634993	0.664643	0.250605	0.726191	0.421197	0.622120	0.039615	0.717563	0.149508	0.348343	0.989438	0.623176	0.314965	0.551871	0.215261	0.975033	0.417117	0.213084	0.954053	0.243537	0.401217	0.941013	0.548017	0.596722	0.232538	0.895114	0.137159	0.754313	0.117819	0.380943	0.225859	0.183334	
0.995652	0.310699	0.335693	0.324955	0.419894	0.177742	0.924544	0.665436	0.719529	0.379059	0.078840	0.308812	0.439556	0.529739	0.045731	0.308392	0.109491	0.991088	0.173327	0.182094	0.582011	0.561132	0.134301	0.663638	0.787118	0.710518	0.176069	0.062617	0.709084	0.281040	0.305429	0.796197	0.208523	0.860104	0.103328	0.975071	0.402035	0.191895	0.762770	0.390166	0.898230	0.415846	0.120013	0.689923	0.070819	0.583910	0.560395	0.791169	
0.167392	0.150768	0.693472	0.956060	0.662041	0.631843	0.003488	0.974699	0.122693	0.976017	0.869008	0.071802	0.636904	0.316076	0.035820	0.966217	0.758517	0.473932	0.242824	0.547496	0.577946	0.329676	0.201348	0.483152	0.694920	0.566747	0.125110	0.503755	0.294262	0.959312	0.927074	0.533293	0.042515	0.137580	0.437216	0.190205	0.864414	0.596597	0.824256	0.389804	0.538918	0.083104	0.595100	0.426041	0.406689	0.219443	0.310883	0.019354	
0.759961	0.638737	0.842010	0.212340	0.348823	0.772187	0.888685	0.692256	0.118542	0.091631	0.362218	0.603003	0.903025	0.102669	0.575182	0.567306	0.278958	0.532320	0.034986	0.827392	0.553597	0.556889	0.761569	0.869886	0.024504	0.593752	0.479189	0.155627	0.019201	0.596122	0.380320	0.929526	0.369472	0.780245	0.206507	0.788267	0.207215	0.202387	0.594300	0.848896	0.033790	0.005524	0.639404	0.895192	0.419448	0.252988	0.654742	0.459045	
0.644360	0.428672	0.846927	0.610971	0.562095	0.022927	0.885630	0.775198	0.314471	0.432397	0.941874	0.612479	0.818904	0.161090	0.047980	0.497861	0.859426	0.543206	0.143472	0.760495	0.967534	0.861961	0.655244	0.772583	0.417881	0.923588	0.532570	0.721077	0.401534	0.825120	0.502303	0.141853	0.249514	0.068081	0.839237	0.098553	0.611998	0.659935	0.597673	0.236956	0.637499	0.375308	0.696611	0.521543	0.978552	0.547659	0.669644	0.842583	
0.374572	0.312143	0.739241	0.020580	0.371210	0.618480	0.113033	0.984436	0.015979	0.920600	0.456130	0.810736	0.788806	0.915536	0.047906	0.377607	0.668783	0.636287	0.100446	0.759262	0.337382	0.440538	0.233177	0.200946	0.784719	0.961747	0.563689	0.675530	0.130877	0.810945	0.349185	0.601261	0.878301	0.425991	0.894416	0.450403	0.562994	0.682211	0.315916	0.045327	0.004703	0.341483	0.779556	0.920888	0.608079	0.089216	0.920384	0.975231	
0.928026	0.777432	0.586475	0.054239	0.118776	0.945641	0.619607	0.535326	0.998042	0.192703	0.893823	0.688031	0.845423	0.459165	0.467725	0.564492	0.835619	0.218192	0.569758	0.571564	0.008881	0.123225	0.508173	0.252799	0.535360	0.283814	0.559093	0.931084	0.749093	0.170322	0.824646	0.612569	0.076737	0.082359	0.103192	0.335030	0.171128	0.740561	0.116806	0.185517	0.438862	0.081349	0.441177	0.402471	0.402683	0.407088	0.307606	0.887594	
0.850417	0.030839	0.623876	0.065682	0.824124	0.474307	0.799604	0.593096	0.129155	0.236422	0.686879	0.760602	0.211685	0.316891	0.187346	0.903635	0.174437	0.991372	0.300344	0.593318	0.863299	0.065398	0.727449	0.901370	0.332939	0.426936	0.776684	0.109379	0.355227	0.507661	0.630754	0.580336	0.345771	0.603505	0.628763	0.770582	0.264448	0.154964	0.494474	0.848500	0.194125	0.847231	0.462974	0.959178	0.382881	0.360774	0.878135	0.818826	
0.512817	0.870020	0.619154	0.633641	0.476582	0.875498	0.844939	0.798469	0.999435	0.009873	0.602311	0.280609	0.435890	0.998827	0.582492	0.537930	0.239984	0.236890	0.048552	0.742740	0.659137	0.496190	0.342237	0.543141	0.940360	0.804080	0.522066	0.527863	0.726072	0.271981	0.344344	0.403874	0.217862	0.443466	0.511296	0.791547	0.804445	0.674509	0.582397	0.488353	0.770664	0.065428	0.377121	0.250686	0.119982	0.411758	0.332580	0.048653	
0.456397	0.816855	0.678325	0.138125	0.896140	0.629451	0.030285	0.001293	0.410236	0.093679	0.660012	0.890551	0.867033	0.244320	0.117941	0.750054	0.785092	0.542030	0.175312	0.946188	0.492790	0.549987	0.693443	0.324023	0.618001	0.891036	0.762067	0.058008	0.083895	0.828713	0.595301	0.776173	0.145677	0.843811	0.998358	0.392440	0.365637	0.014222	0.493708	0.162758	0.755946	0.389723	0.835381	0.147114	0.750058	0.121112	0.554595	0.725752	
0.215488	0.021261	0.359561	0.704993	0.356129	0.784278	0.057460	0.961546	0.000831	0.331420	0.798999	0.755487	0.454361	0.894416	0.773883	0.709228	0.189730	0.203217	0.144190	0.274489	0.627426	0.350156	0.005803	0.498292	0.662971	0.842844	0.308245	0.011028	0.474930	0.771561	0.525613	0.238185	0.211278	0.264634	0.349612	0.855787	0.597889	0.661924	0.517645	0.610324	0.989927	0.642588	0.051500	0.060777	0.559061	0.775245	0.313128	0.800016	
0.454832	0.879873	0.603772	0.781482	0.941602	0.805351	0.603621	0.639864	0.868844	0.891719	0.936068	0.446776	0.784836	0.579801	0.235450	0.622368	0.444467	0.494726	0.237900	0.249898	0.719614	0.638749	0.470925	0.916782	0.561065	0.260114	0.760999	0.992261	0.928910	0.643798	0.951880	0.854641	0.768407	0.444584	0.625575	0.185810	0.749732	0.668423	0.103173	0.560426	0.393707	0.161371	0.527429	0.700540	0.725694	0.620699	0.610504	0.073920	
0.824707	0.385219	0.212987	0.795470	0.395588	0.183375	0.049098	0.162999	0.564340	0.597511	0.478002	0.548108	0.642388	0.881271	0.644147	0.631804	0.473695	0.919135	0.588052	0.649401	0.178498	0.482401	0.576576	0.670401	0.969771	0.232686	0.565962	0.651470	0.949601	0.461243	0.487932	0.062602	0.110070	0.648310	0.696341	0.681762	0.130486	0.102435	0.809564	0.847979	0.040746	0.227109	0.861459	0.815059	0.411320	0.404809	0.369348	0.860880	
0.449147	0.177539	0.806900	0.020327	0.023464	0.644448	0.895598	0.612363	0.573091	0.543052	0.718051	0.245611	0.634412	0.028624	0.117830	0.483178	0.398694	0.712465	0.520017	0.142981	0.855554	0.376509	0.279856	0.687496	0.828344	0.287497	0.588659	0.675767	0.183527	0.226831	0.593895	0.868333	0.370726	0.198184	0.313590	0.434224	0.128593	0.920296	0.799605	0.261396	0.838340	0.174345	0.082001	0.650071	0.554502	0.566885	0.586911	0.140987	
0.016016	0.848379	0.680334	0.498750	0.093337	0.217376	0.026839	0.520892	0.027665	0.292178	0.545348	0.375194	0.819151	0.248248	0.377297	0.363698	0.728405	0.722919	0.494680	0.217666	0.640715	0.480959	0.913815	0.532733	0.697087	0.051146	0.767160	0.342285	0.368419	0.992371	0.979768	0.139029	0.568146	0.116911	0.083616	0.650843	0.769621	0.391885	0.133652	0.624915	0.749529	0.073174	0.102402	0.102998	0.005993	0.216537	0.451439	0.693933	
0.217513	0.082411	0.145423	0.025461	0.865056	0.598479	0.341964	0.829448	0.899456	0.608180	0.318081	0.472678	0.806548	0.309835	0.044781	0.277571	0.814613	0.563424	0.093236	0.875079	0.006231	0.957000	0.696951	0.439687	0.689069	0.598264	0.759046	0.331225	0.760158	0.823581	0.644828	0.067234	0.461135	0.419476	0.219544	0.512662	0.768112	0.573971	0.256109	0.061471	0.061526	0.952329	0.730677	0.386167	0.924613	0.295775	0.310901	0.028882	
0.993668	0.326406	0.742913	0.438988	0.308730	0.976089	0.026617	0.510018	0.697295	0.908715	0.745901	0.918808	0.504630	0.239955	0.577592	0.587566	0.717196	0.784473	0.753039	0.971135	0.236421	0.626608	0.984784	0.351181	0.598973	0.110051	0.554778	0.015387	0.243442	0.874939	0.524180	0.392294	0.376476	0.701485	0.400229	0.191284	0.619844	0.899689	0.954517	0.286707	0.510766	0.898363	0.425617	0.124952	0.169093	0.490093	0.462396	0.934648	
0.059155	0.968387	0.308753	0.096035	0.977563	0.533225	0.246593	0.485570	0.216691	0.822902	0.297683	0.311367	0.947746	0.160048	0.683846	0.249013	0.730829	0.202385	0.377071	0.968178	0.294142	0.286713	0.321335	0.298093	0.156216	0.180334	0.068851	0.920674	0.293160	0.426738	0.175418	0.720007	0.893151	0.945829	0.220811	0.624855	0.415410	0.055688	0.683851	0.274771	0.474778	0.293966	0.946804	0.560225	0.295362	0.216970	0.662714	0.377028	

Printing Matrix C
11.376085	7.930222	11.157045	9.795142	9.319553	11.382735	11.422876	11.984955	10.709710	11.535952	10.628625	10.623166	12.126902	11.077441	8.177130	10.143597	8.622368	11.300060	8.705363	8.847033	8.624501	9.753827	9.622107	12.358703	12.598085	11.266829	10.337617	9.254948	11.411612	11.622890	10.430031	11.150185	9.392898	11.163484	11.004019	11.285547	10.589129	10.175850	10.155811	10.380573	11.920275	11.327415	9.647962	12.213088	9.710523	11.491181	11.779275	11.513634	
11.945136	9.695189	11.773225	10.946198	10.912409	12.697260	11.791570	11.886194	13.139797	11.312087	12.415336	11.394043	12.523215	10.257918	9.557161	11.573223	10.385909	10.743434	10.356824	11.062836	10.083639	10.544994	10.210204	13.822108	12.529602	10.574148	12.489072	10.753453	11.425541	11.955184	12.158096	12.094117	9.144562	12.735024	12.551335	11.480208	12.010098	11.790289	12.380555	10.610048	12.285362	10.570946	10.441300	14.042388	10.456879	12.041344	11.641325	11.352028	
13.520516	10.807857	13.581178	12.032084	12.750379	14.371937	13.174983	13.426734	14.301190	13.702557	13.781263	14.404862	15.004765	13.088851	12.310163	12.318826	13.596708	13.710475	12.997251	12.964961	10.906257	13.168198	13.044769	16.290790	15.517964	14.081844	13.555945	11.434383	12.886271	14.348919	13.885574	13.337783	11.225247	15.399131	15.466323	13.523029	14.368557	11.320810	13.810400	11.827555	14.582602	14.132611	12.481365	15.701641	12.331731	12.614533	14.268132	15.969415	
11.361428	9.138742	11.705882	10.567518	10.886462	12.367273	10.755218	13.033176	11.438799	12.574948	11.137322	10.912951	12.716763	10.959558	9.612668	11.483196	10.234343	10.753116	9.978287	10.141768	9.741657	10.958728	10.621401	12.270793	13.030193	11.191421	10.868601	9.736558	10.754646	12.894412	11.212275	12.973120	10.336910	13.050744	12.225954	10.425937	11.121128	11.741727	12.561967	8.673733	12.729991	11.081208	10.794314	12.040882	9.885373	11.665008	12.868507	11.733561	
12.878812	10.342776	13.880291	11.485754	12.196799	14.444856	12.360863	13.158611	13.932644	12.634716	13.946518	14.249556	14.679044	12.350145	11.945633	12.915112	13.122127	12.858360	12.685829	13.159683	11.015877	12.765766	12.610137	15.033774	14.499047	13.254927	12.842529	11.135875	12.201547	14.128354	13.336202	13.135039	11.128839	14.462197	13.578017	13.437400	13.702358	12.026474	13.934280	11.303601	14.142531	13.260227	12.363324	14.209953	11.626951	13.302869	13.524222	14.887146	
12.494669	10.316375	13.803773	11.074045	11.461102	12.379927	12.703814	13.536784	11.921028	13.006261	12.135545	12.379778	14.054570	12.437985	10.450324	12.174422	11.657554	12.637067	11.317174	11.393524	12.195490	12.641702	11.482647	14.398120	13.570570	13.648085	12.238757	10.764475	10.801004	13.567949	12.304961	12.359171	10.345021	12.998680	14.118075	12.460270	12.729019	12.134348	13.963047	12.069800	12.874496	11.133000	11.236981	14.570311	12.534751	12.028614	13.956316	14.157190	
11.981945	10.751728	13.560507	12.451307	11.693741	13.442875	12.216220	13.454714	12.914847	12.489748	11.843842	12.536639	13.624259	12.274593	11.453197	12.879172	12.671259	12.345666	11.993395	12.558362	11.106653	12.429569	11.759167	15.311000	13.918596	12.604986	11.967172	11.295124	12.138405	14.189694	13.471443	12.092295	11.143621	14.440602	13.378824	13.280013	13.723909	11.799083	13.497688	11.558605	14.589417	12.132812	11.780067	13.834735	10.311348	12.341220	13.265509	14.348757	
12.146802	10.754356	12.263176	11.126538	11.758157	13.255996	12.836956	12.052746	13.763114	11.807594	12.516376	12.610954	12.775803	11.832622	10.560627	11.467682	11.726424	11.541390	10.927017	11.904632	10.675162	11.800474	10.389504	14.196934	13.166472	12.761283	11.221089	11.577117	12.581245	12.451006	11.402926	11.670677	10.754540	13.096575	12.457228	12.447853	12.445560	10.712117	13.642580	9.552283	13.836326	11.623738	10.852360	12.972285	10.902959	12.718590	12.832923	13.765114	
12.981638	10.414473	13.205665	10.895918	11.128565	13.041613	12.731106	12.088690	13.255502	11.476836	12.605086	12.331767	13.105030	10.839765	9.448159	12.046448	10.490213	11.564162	10.623606	11.299269	10.437945	11.314392	11.068524	14.539182	12.769642	11.907763	11.805497	11.351194	11.498489	13.238029	11.639979	12.903162	10.903040	13.095376	13.323921	11.592191	12.257549	11.942546	11.928654	10.747053	12.977131	10.972973	11.242466	13.606955	11.175803	12.684091	13.355109	12.740853	
12.767076	10.089326	10.866707	9.890150	10.479008	12.252488	12.119060	11.874536	11.737202	11.870804	12.427358	11.607333	14.116205	12.279843	9.336945	10.778983	12.066041	10.974198	9.795535	9.684745	10.269996	10.941134	10.844519	13.821716	12.703952	12.665900	11.118208	10.640905	11.312407	12.228747	12.281062	12.060840	9.317523	12.087825	11.430657	12.043912	12.321382	10.024989	11.905108	11.319496	12.052132	10.434742	10.671416	13.352433	10.755580	11.523560	12.367033	12.884197	
14.154801	11.369029	13.570634	12.451475	13.455074	14.271083	14.543917	14.180081	14.695884	13.528204	13.321477	13.191923	14.412085	13.599582	11.058814	12.274047	12.894893	13.336418	12.702439	11.906673	11.811330	14.440769	12.993855	16.804739	15.124338	14.788302	13.212383	11.947637	13.724898	15.229591	13.283451	14.461883	12.472202	14.762395	14.386014	13.280043	15.153118	13.023806	14.449993	11.400039	14.752855	13.684566	12.259445	15.149411	12.544222	13.272570	14.647650	14.321428	
11.552626	10.323401	12.859632	10.661733	11.143797	13.196889	11.605240	12.474981	12.241836	11.699135	12.218698	12.741311	13.671902	11.465148	11.330880	12.244693	11.906852	12.148463	10.990953	12.111070	11.370375	12.240909	10.746332	14.709758	13.211732	11.702647	11.098732	10.793941	11.848049	13.099955	13.204608	12.229451	10.615779	12.474301	12.591229	11.893660	12.524952	11.894993	13.483997	10.269795	13.932103	10.679565	10.345200	12.469355	10.240083	12.143229	12.998909	13.356841	
11.063570	10.563967	11.604121	10.867076	11.559228	12.858804	12.953600	13.377533	13.795954	11.989531	12.074306	10.956142	12.619501	12.099540	9.910134	11.327824	11.808867	11.093860	11.005813	10.469405	10.078691	12.068010	10.855945	14.328213	13.522851	11.375255	12.216520	10.873408	12.318346	13.189764	12.771416	10.989926	10.751304	12.423319	12.491093	11.954140	13.165547	11.789724	13.054506	10.997319	13.379652	11.318617	10.869704	13.757777	11.104606	10.902550	12.248754	12.033867	
13.124728	11.060334	12.803092	10.733244	13.134094	12.796492	14.682083	14.118181	13.333301	13.397663	13.121522	13.375425	15.095932	12.426978	10.714696	12.696222	12.680274	13.067350	11.502639	11.992058	11.032806	12.751392	12.837531	15.511219	14.300659	13.210162	12.716229	10.981433	13.508631	14.804584	13.640553	12.654573	11.369628	14.473067	13.290310	13.946870	12.906223	10.871675	13.300177	12.572416	14.276586	12.648323	12.900919	15.174383	12.090971	12.405144	14.164063	14.768490	
10.414376	8.833429	9.991974	8.338425	10.381057	10.440337	10.116213	9.458358	10.700569	10.278593	9.946102	9.630468	11.931637	8.193227	8.382783	9.822736	10.482036	8.981355	9.660262	8.558529	8.013244	10.384820	9.908324	11.187056	11.041244	10.032514	10.360836	8.693078	10.023379	11.473853	10.655126	9.401734	9.153359	11.002423	10.273815	8.530894	10.309376	9.357036	9.993661	9.259379	10.548890	10.012986	8.004600	11.126219	8.871615	10.651734	11.539954	10.233179	
11.871131	10.136774	12.234176	10.978219	11.105149	12.338401	12.812688	12.418197	13.553094	11.720824	11.613404	12.012305	13.750128	10.552841	10.037590	11.701070	11.319489	11.615330	10.862636	11.311577	9.502952	11.104325	10.599897	14.463963	13.273707	11.576460	11.530398	11.451948	12.957794	13.094268	12.630731	12.049619	9.962485	12.371854	12.711040	11.532384	12.359251	11.098054	13.396248	10.645201	13.604778	11.140099	10.527485	13.684554	10.544734	12.330537	12.598900	12.760782	
13.734147	9.920534	13.359924	11.270170	12.086065	13.199873	13.110322	13.410240	12.932861	12.524176	12.093347	12.323597	13.806189	12.803501	10.104310	12.462750	12.155039	12.256327	11.085792	11.805755	10.768761	12.110399	12.634750	13.907374	12.718246	12.907503	13.542692	10.542165	12.743305	14.358446	12.641234	12.028956	12.311344	13.244860	13.554349	12.111153	12.655467	12.262089	13.124125	11.208442	12.896655	13.069420	12.106296	14.560060	11.485570	13.034098	14.209996	13.590755	
10.283680	8.067069	10.243682	8.996660	9.684703	11.033270	9.517740	10.886267	9.566781	11.064497	9.405670	10.616730	11.549122	10.335052	8.791250	9.027632	10.078322	10.778254	8.415490	9.499554	9.667451	9.580576	9.528554	12.645526	10.427706	10.185737	9.785418	8.886060	9.131407	10.497833	9.914725	11.075984	8.980699	11.246076	10.256648	10.911196	10.875165	8.527703	11.003411	9.277091	10.139471	9.856215	8.948027	11.626673	8.897792	9.041923	11.061670	11.829260	
14.334427	11.849193	14.126256	12.406504	12.288384	14.382005	14.255778	13.797471	15.697300	13.478292	13.302613	14.253502	15.825496	13.686930	12.045080	13.578999	12.575291	13.912660	12.199938	13.410614	11.408034	13.623883	13.018944	16.061134	15.467003	13.928125	12.874822	12.747645	14.232948	14.419078	14.143409	13.411924	12.372599	15.509391	15.499013	13.558288	13.903778	12.485123	14.832923	11.715617	16.547034	13.097906	13.390259	14.902809	12.550896	14.757599	15.212668	15.340684	
12.408424	11.677726	13.955949	11.580314	11.711794	12.816888	13.259922	12.396461	14.230291	11.693858	12.827519	13.772653	14.023961	11.741002	11.169741	13.147839	11.681109	11.827807	11.882633	12.155593	11.096357	12.722842	11.414002	14.865739	14.465474	13.326870	11.950871	11.613113	12.334467	12.921012	13.131704	12.737977	10.717257	14.204439	14.398101	12.308440	12.954908	11.492726	13.096895	11.117324	14.328714	11.440710	10.829092	13.977032	11.297678	13.377835	13.954557	14.843495	
13.473255	10.318470	13.674717	11.627766	11.411988	13.904806	13.950714	13.795269	14.411589	13.052593	14.061011	14.028953	14.385796	12.633541	11.621851	13.223699	12.669241	11.426517	11.974455	11.268780	10.893378	14.023073	11.593501	15.041266	13.852446	13.551452	12.244042	11.512909	12.652219	13.036278	13.925685	12.001286	12.114630	13.938264	13.898096	12.157428	13.167432	13.058236	13.056545	11.535293	14.541762	12.934298	11.892805	15.475117	13.596190	14.279300	14.402264	14.500233	
11.823028	8.832596	10.685013	8.962440	9.290263	10.904182	11.853486	9.814394	11.829483	10.875513	11.431157	10.483422	12.488152	10.924761	9.245341	10.631431	10.803746	9.308828	11.311234	9.160632	7.685838	11.080460	9.840184	11.989368	11.971713	11.559331	10.450550	9.781718	11.908952	11.440265	11.654797	9.938433	9.694528	11.345625	11.589388	10.362477	10.212341	10.124061	11.035813	9.545286	12.744296	10.715047	9.817722	12.236368	10.896097	11.993630	12.085687	12.109145	
14.787942	10.979033	13.880626	11.254694	12.602601	14.136956	14.625140	14.029444	12.924284	14.575472	13.684634	13.090629	15.335890	12.692806	11.307312	12.790827	12.510951	12.994265	11.398612	12.491959	11.326068	11.875132	12.329093	15.560098	13.908827	12.670985	12.800036	12.307841	13.391583	14.773222	13.329178	13.675857	11.829434	14.148106	13.376224	13.566566	12.428625	12.430386	14.090826	12.680373	14.336487	13.031056	13.022165	15.598906	12.109778	13.574472	15.024937	14.928296	
12.611012	10.889102	12.682454	11.595938	12.374621	13.857847	13.244280	14.032726	13.451653	11.831415	12.947096	11.995359	13.892532	11.786013	10.171457	11.477510	11.525823	12.117931	10.902067	10.562390	10.638423	11.980639	10.779364	15.606278	14.290086	13.338304	11.280653	11.367877	13.168624	13.861185	12.762218	13.132215	11.007060	13.884618	12.564368	13.393197	13.958183	11.238739	14.131560	12.010536	14.289355	12.282236	11.005905	13.820452	10.922361	12.695726	13.908159	13.650433	
10.112745	9.197916	10.792689	9.522114	9.173798	11.108328	10.936088	11.813307	10.495751	10.729218	11.311732	10.075700	12.034064	10.550095	9.870739	9.590608	9.483755	8.537222	9.132279	9.023596	8.935775	9.962221	9.676918	11.458051	10.899716	11.148938	10.040149	9.242111	9.753383	10.651968	10.705513	10.488246	9.013895	11.213950	10.543031	10.753865	11.171855	9.874484	10.863538	9.498522	11.568982	9.640860	9.001872	11.852257	10.036682	10.614282	11.043523	11.783155	
13.365638	9.776170	12.308100	11.546595	10.817053	13.304516	12.333319	13.858558	13.670540	11.790386	12.339030	11.590500	14.126738	12.166649	10.046820	12.131952	10.856683	11.970852	10.322389	11.240286	9.932784	11.311607	11.235148	13.361283	13.632563	12.328036	10.476677	10.357340	12.350378	12.403639	12.416735	12.583218	10.065185	12.695710	12.063917	11.796879	12.542082	11.637727	13.020928	10.668781	13.704598	10.759733	11.762278	12.696938	10.307755	12.928838	12.579848	12.415181	
12.813360	12.064781	12.970560	10.990972	13.070463	12.566638	13.786883	13.246050	13.096837	12.409463	13.854760	12.761510	13.788510	11.834715	9.415095	13.964612	12.211678	11.638967	12.051762	11.152696	10.821437	12.289610	11.446106	14.651006	12.979407	12.125384	11.951523	12.423500	13.789659	13.662820	14.131024	13.443150	11.999920	13.232995	13.720859	12.541493	12.834292	12.440642	14.169786	11.038849	14.250312	10.668358	12.617404	13.878792	11.895784	13.152551	14.620406	14.301583	
12.576397	11.352364	13.751049	11.602619	11.723846	14.372016	12.596582	14.453561	13.461276	12.955744	12.407003	13.890498	14.758356	12.388862	11.473761	12.359770	12.167960	11.909208	11.345611	12.701336	11.543673	12.252633	12.627379	14.502319	13.323906	12.057362	13.403683	11.726713	11.234697	13.452894	12.574551	13.730110	11.904050	13.857051	13.310149	13.080477	13.163343	12.538693	13.516707	11.364568	13.115336	11.179179	12.159541	13.920573	11.442337	12.511803	13.543828	13.921958	
12.209831	10.480613	13.669461	10.415144	10.664043	12.972363	12.026048	12.053850	12.666713	12.306201	13.577529	12.555305	14.608242	10.890669	9.192770	12.700672	12.406611	12.063528	10.937654	11.208214	11.015686	12.688280	11.351315	14.107307	14.535256	13.072336	11.379347	11.217390	11.598198	13.524895	13.881754	13.140068	10.608160	12.992962	13.766831	10.474599	13.219304	12.483786	11.894971	11.132838	13.392781	10.893098	11.508428	13.742917	11.018979	12.520654	13.508587	12.701456	
11.326473	9.510198	10.861000	9.085588	10.647533	10.336435	12.587413	10.576723	10.652561	12.064680	11.838363	11.698938	13.057539	10.094701	9.262733	10.118357	11.266311	10.519891	10.359154	9.846198	9.802250	11.448723	10.182532	14.055390	11.947859	10.622596	11.276347	10.335248	11.175480	11.781842	11.428680	11.656140	9.901265	12.085909	11.720997	11.013084	10.934996	10.309293	11.743121	9.895673	11.636014	10.083677	9.275979	13.332124	9.384370	10.878995	12.676753	12.958051	
11.318890	9.194490	11.610853	9.305700	10.571197	11.805169	11.735044	12.223852	10.758541	11.197679	11.727994	11.522324	12.400591	10.783507	8.040094	10.708385	10.713891	11.581008	8.981986	10.015310	10.518705	11.088657	9.867602	13.462851	12.257951	11.762877	11.516971	9.722404	10.238610	12.552522	11.395861	12.003134	8.940364	11.607229	11.849547	11.509663	11.751836	10.723486	11.908987	10.788778	11.939741	10.418953	9.963541	13.142204	10.101913	9.710525	11.625658	12.314035	
11.701198	10.364199	13.278274	10.622015	12.207397	13.608406	12.425588	13.718084	14.198820	10.634662	12.052189	12.781773	13.515006	10.728405	10.530525	12.295532	11.245230	12.427393	10.333829	11.899894	10.814354	12.184908	12.116335	14.415197	13.293065	12.555873	11.870794	10.188805	11.608001	13.965964	12.615703	12.907392	10.473098	14.042311	12.896255	12.225192	13.724217	11.892074	13.182385	10.925400	13.782666	11.723223	11.604385	12.754655	10.621041	11.655727	12.816756	12.736616	
11.067498	9.551313	10.751652	9.313861	10.688192	10.957282	11.109619	11.099906	11.063518	11.977198	10.925323	10.972025	12.678185	10.670040	9.154883	10.245849	10.841518	10.662306	9.837083	9.590469	10.627776	10.824704	10.449996	12.976055	12.014669	11.330925	10.728292	9.945187	11.048543	11.614074	11.700648	11.340457	10.447628	12.060008	11.192317	11.173154	12.077073	9.413436	11.317513	10.200908	11.578392	10.052742	9.357717	13.051214	9.960427	11.126642	12.003955	12.078042	
11.042324	10.206492	11.699816	11.122951	10.436499	12.272875	11.727208	12.765823	12.350707	11.345845	12.409560	11.723038	12.826280	10.803485	10.035694	11.207965	10.471141	10.044403	10.900891	11.345990	9.468432	11.203687	10.661909	13.262385	12.564056	10.854078	11.879881	10.318496	10.951425	12.440474	12.255300	11.323933	9.282029	11.810900	12.484992	11.208504	12.842242	11.955292	12.509675	9.892439	12.507903	10.405500	10.384694	12.676236	10.166589	11.823377	11.697586	12.117132	
12.892475	10.274276	12.131906	10.097129	12.224274	12.893479	12.886092	13.352949	12.730548	12.731546	12.311164	12.702280	13.222675	12.007853	10.259429	11.535322	11.760982	11.635211	11.480896	11.152436	10.384764	12.026888	11.439837	14.101999	12.615320	12.932935	12.319428	11.787070	11.916946	13.127406	12.603785	12.844603	11.162964	13.853941	12.759917	12.942988	12.636328	11.848435	13.988039	10.623182	12.682551	12.216681	11.698559	14.469627	11.933751	12.276934	14.114659	14.330646	
12.779045	10.222609	12.700325	10.291125	12.374661	12.581877	11.839136	12.386379	12.613951	11.742320	11.878866	12.519408	13.278192	10.898853	10.683160	11.760392	12.139541	12.116454	10.923318	12.486437	10.651767	11.896091	12.238608	13.895303	13.084168	12.205666	11.969524	10.235730	12.491513	13.688943	12.029608	10.660528	11.229274	13.619533	13.503029	11.715002	12.558254	10.814430	13.042949	10.593250	13.237522	12.443813	11.466631	12.783014	10.802011	12.213405	13.732224	14.142362	
13.192689	10.323022	13.150634	11.773712	12.281554	12.964873	12.725184	14.044289	13.672063	12.364006	12.883891	12.801598	14.106126	12.706363	10.882201	12.447196	11.523347	12.625397	10.630910	12.306665	10.849933	12.521145	11.704675	14.923661	14.356366	13.943072	12.178719	11.304019	13.233101	13.785565	13.185543	12.087437	10.830758	14.710803	14.216595	13.603701	13.169978	11.014484	14.249911	11.416093	14.287922	11.998682	12.339831	14.375677	12.210638	12.772798	13.748606	14.862276	
12.326072	10.971559	12.627074	11.832948	12.865995	13.462684	12.929521	14.645018	13.917114	11.665288	13.840840	12.407962	14.323163	12.392368	10.990183	12.833897	11.796253	13.219292	10.369127	11.080023	11.059503	11.666714	10.885025	15.298307	13.584544	12.501095	11.223194	11.329524	13.532383	13.562010	12.891911	12.209018	10.799698	13.183195	13.817964	12.992583	13.786214	11.571545	14.529743	11.826766	14.493219	11.770844	12.457608	14.471487	11.813196	12.870857	13.548728	12.717236	
11.875541	9.916627	11.711225	10.435104	11.905936	12.573718	12.814913	12.648786	12.985665	11.790701	12.196862	12.477883	13.367495	10.427641	9.967355	11.017036	11.178995	11.935644	11.713516	11.022698	10.747391	11.893079	11.026651	14.789636	13.275522	12.174374	10.930875	9.768405	11.838095	13.346634	11.385144	13.685830	10.122711	13.418960	12.895402	11.756066	13.258634	11.063373	13.871443	10.063050	13.295706	11.745781	10.813048	13.497864	10.322979	12.446093	12.785614	12.554015	
11.593343	9.560999	11.284250	8.866483	11.048634	11.971307	11.953167	12.497763	11.092881	12.412375	10.616648	11.196079	13.617192	11.369057	9.331932	10.509316	11.682212	12.215155	10.362717	11.120883	10.057352	10.869712	11.428614	13.171333	12.538371	11.631138	11.305848	9.796143	10.782998	12.752079	11.630694	10.826254	10.541682	12.409516	11.802943	12.065062	11.636279	9.796185	12.197353	10.340852	11.919699	11.996645	11.226897	13.231064	10.866519	10.792278	13.406659	13.612610	
12.464452	10.964917	13.216412	11.304507	12.300386	14.100244	13.625520	14.123732	14.306220	13.061745	12.375312	13.323301	13.652741	12.237938	10.352023	12.207988	12.531022	12.437322	11.880152	11.775994	11.818229	12.372164	11.895469	15.305462	13.878758	12.820938	12.858937	12.113636	12.523735	13.528302	12.679873	12.534941	11.374350	13.377265	13.206903	13.140234	13.653965	12.122732	13.930446	10.839665	13.591817	12.202735	11.480191	14.142785	12.155961	13.211851	13.741202	14.054161	
MPI_Wtime measured for total run by process 4 = 0.115819
MPI_Wtime measured for total run by process 15 = 0.098905
MPI_Wtime measured for total run by process 16 = 0.098642
MPI_Wtime measured for total run by process 17 = 0.098805
MPI_Wtime measured for total run by process 21 = 0.098598
MPI_Wtime measured for total run by process 24 = 0.094553
MPI_Wtime measured for total run by process 30 = 0.083358
MPI_Wtime measured for total run by process 33 = 0.083364
MPI_Wtime measured for total run by process 35 = 0.083396
10.622865	9.128709	10.770004	9.311549	10.601477	11.438431	10.825484	11.311110	10.634411	10.618218	10.268493	10.320657	11.585811	10.390043	8.548226	10.008787	10.250303	9.895200	9.712831	9.401859	9.539041	9.914634	10.122354	12.688323	11.022682	10.429530	10.699868	8.606790	9.651764	11.497861	10.826189	10.561185	8.998039	12.039561	10.724540	10.936512	11.177097	9.296329	11.215116	9.335329	10.841290	10.816137	9.692215	12.023658	9.431218	10.348148	11.857432	11.926627	
13.067495	10.426282	13.936660	10.860940	10.606820	13.360883	11.839818	12.939270	12.338239	12.283132	13.459654	13.234463	14.811248	11.213036	10.842978	12.512089	12.088734	12.841831	11.907141	12.069595	10.379532	12.352270	12.044000	13.834728	14.399800	13.089371	11.585790	10.905776	11.827610	13.832622	12.299938	12.412955	9.870258	12.512600	13.100209	12.320846	12.605145	12.498852	13.097557	12.061712	14.169967	11.003361	10.994084	13.208735	11.122434	12.128175	12.638181	14.387721	
14.093989	10.663915	14.329362	12.294503	12.798378	14.114777	13.993203	14.710251	13.960005	13.321899	13.203592	12.864814	13.922983	11.729443	10.456796	13.604704	11.689611	13.014029	11.976967	12.018809	12.010361	13.743445	12.580126	15.648126	15.184027	14.278465	13.150820	11.965630	12.742659	14.991307	13.930823	13.428106	11.849269	14.643427	14.383067	13.395980	13.950645	13.149005	13.894303	12.652243	14.509332	12.711040	12.823242	15.307944	13.519138	13.964124	14.676321	13.103256	
13.254647	11.876085	13.499210	12.027140	11.684824	14.601475	11.741162	13.226731	13.853511	11.950696	13.179088	13.408214	14.344687	11.774350	10.974095	12.586254	11.641991	11.174844	10.507318	12.224226	10.636631	11.389735	11.298328	15.074628	12.944696	12.088010	11.825438	11.244663	12.159554	13.181835	13.014565	13.684712	10.927622	13.853112	13.777301	12.452212	13.965054	12.152208	13.692643	11.689580	13.696619	11.029611	11.663616	13.797177	11.549631	13.167146	13.159443	13.185931	
11.605512	9.997318	11.374983	10.561679	10.484380	11.809907	11.047731	10.770746	11.786811	10.257378	12.576311	11.897942	12.039379	10.747554	9.619761	11.366938	10.004943	11.115794	10.727318	9.802959	9.353239	11.631935	9.644759	13.339185	12.012535	11.506083	9.835608	9.876062	11.954358	12.267695	10.991420	11.026108	9.763798	11.121965	12.887554	10.474446	12.456760	11.282144	11.918780	11.119040	12.418036	10.549591	10.360103	12.537636	10.520621	12.500087	11.433247	11.313476	
10.678337	9.123584	11.642701	8.466740	9.973354	12.389537	11.498015	11.026677	11.334437	10.933190	10.917164	10.596134	12.202576	10.421996	9.420662	11.318137	10.919022	9.669295	9.558834	10.853465	9.491042	10.881006	9.409834	12.993378	11.819166	10.204371	10.674862	10.147264	10.634697	12.399536	12.436451	11.403028	10.648763	11.264231	11.182036	10.245139	10.910680	11.535467	11.496251	9.432936	12.235140	9.825410	9.874475	11.451276	9.574003	10.435348	12.426038	10.806426	
13.347131	11.300744	14.617221	12.231671	13.500007	15.506873	12.960151	15.128257	13.969940	13.641076	12.875789	13.592968	15.564931	13.002696	11.975684	13.115069	11.852296	13.160807	11.212046	14.386353	10.696779	11.954672	11.335689	15.926916	14.002657	13.797598	12.143913	12.170670	13.793784	14.999078	13.884439	13.595318	11.795660	14.284466	14.508874	13.926407	14.435636	12.325114	14.729252	11.878607	14.281921	13.291363	13.163927	15.710098	12.825938	13.871754	14.648483	13.617541	
The results Matches
MPI_Wtime measured for total run by process 1 = 0.115894
MPI_Wtime measured for total run by process 2 = 0.115896
MPI_Wtime measured for total run by process 3 = 0.116139
MPI_Wtime measured for total run by process 5 = 0.116046
MPI_Wtime measured for total run by process 6 = 0.115908
MPI_Wtime measured for total run by process 8 = 0.115959
MPI_Wtime measured for total run by process 10 = 0.115918
MPI_Wtime measured for total run by process 11 = 0.115851
MPI_Wtime measured for total run by process 12 = 0.098574
MPI_Wtime measured for total run by process 13 = 0.098553
MPI_Wtime measured for total run by process 14 = 0.098583
MPI_Wtime measured for total run by process 18 = 0.098562
MPI_Wtime measured for total run by process 19 = 0.098535
MPI_Wtime measured for total run by process 20 = 0.098620
MPI_Wtime measured for total run by process 22 = 0.098660
MPI_Wtime measured for total run by process 23 = 0.098699
MPI_Wtime measured for total run by process 26 = 0.094592
MPI_Wtime measured for total run by process 27 = 0.094557
MPI_Wtime measured for total run by process 28 = 0.094715
MPI_Wtime measured for total run by process 29 = 0.094765
MPI_Wtime measured for total run by process 31 = 0.083423
MPI_Wtime measured for total run by process 32 = 0.083355
MPI_Wtime measured for total run by process 34 = 0.083423
MPI_Wtime measured for total run by process 7 = 0.115840
MPI_Wtime measured for total run by process 9 = 0.116216
MPI_Wtime measured for total run by process 25 = 0.094605
