MPI_Wtime measured for total run by process 0 = 0.027371
Total time by each process = 0.665447  And Average = 0.026618 
Printing Matrix A
0.760680	0.841598	0.642420	0.106364	0.012307	0.631227	0.940374	0.520436	0.649393	0.437847	0.532573	0.760789	0.937529	0.442558	0.537733	0.809477	0.409901	0.588596	0.138659	0.003173	0.141978	0.992840	0.705647	0.658791	0.530396	0.906445	0.608758	0.308779	0.959757	0.849243	0.775112	0.795903	0.309794	0.237335	0.079458	0.599419	0.874908	0.303789	0.105535	0.935595	0.059218	0.698900	0.509275	0.214262	0.759016	0.966521	0.722225	0.719142	0.146923	0.480473	
0.196986	0.447817	0.672150	0.652449	0.714185	0.413617	0.430086	0.441378	0.120196	0.408393	0.719146	0.413340	0.137339	0.473391	0.088960	0.510642	0.033755	0.357840	0.710064	0.483591	0.598334	0.197653	0.009725	0.967781	0.294672	0.009133	0.751088	0.455189	0.554956	0.172688	0.882443	0.929862	0.641789	0.622103	0.297991	0.776103	0.002903	0.924746	0.612787	0.142549	0.268701	0.921276	0.574155	0.908216	0.305045	0.773027	0.764234	0.103686	0.990591	0.757877	
0.831483	0.184909	0.507737	0.847014	0.002181	0.027981	0.141245	0.290671	0.325722	0.844512	0.279791	0.818255	0.320428	0.450049	0.647729	0.599603	0.741907	0.313599	0.894166	0.370166	0.150176	0.167230	0.347405	0.006821	0.656787	0.303894	0.468872	0.980603	0.044090	0.100320	0.638577	0.171032	0.484435	0.630127	0.645243	0.274948	0.398442	0.086840	0.900078	0.418974	0.944994	0.493443	0.845018	0.203167	0.904698	0.580927	0.003410	0.923759	0.236589	0.866446	
0.554180	0.677252	0.583571	0.698469	0.857753	0.040515	0.840312	0.216613	0.008004	0.574438	0.723267	0.455977	0.907324	0.214522	0.933622	0.025745	0.222362	0.440424	0.467088	0.289582	0.256336	0.127587	0.864055	0.781978	0.763980	0.784760	0.511782	0.213923	0.620472	0.563018	0.509414	0.041896	0.291761	0.537708	0.621213	0.083690	0.157387	0.974197	0.555478	0.893500	0.112592	0.806704	0.918997	0.043479	0.449073	0.093564	0.195261	0.690262	0.617781	0.245870	
0.055260	0.116542	0.540838	0.234089	0.846915	0.415773	0.805850	0.583880	0.243104	0.264317	0.233856	0.650664	0.493341	0.916138	0.568895	0.350115	0.491569	0.836803	0.557397	0.128722	0.198481	0.363818	0.766972	0.729178	0.575058	0.702253	0.351376	0.238031	0.693842	0.955840	0.316179	0.886894	0.772613	0.840155	0.794588	0.734321	0.513373	0.997400	0.045838	0.290421	0.720073	0.429810	0.345591	0.916167	0.822011	0.302171	0.177962	0.945938	0.912761	0.280584	
0.754970	0.700418	0.113043	0.548688	0.424396	0.779776	0.831783	0.215919	0.877428	0.216807	0.004094	0.837629	0.708044	0.132631	0.569660	0.328154	0.428119	0.592973	0.726391	0.700044	0.980770	0.295257	0.689406	0.989926	0.643263	0.266273	0.725712	0.829414	0.887468	0.054560	0.375259	0.781759	0.411287	0.344541	0.516393	0.288465	0.524404	0.309715	0.094898	0.780644	0.506375	0.385519	0.150818	0.665842	0.176977	0.495415	0.103117	0.355614	0.651905	0.652082	
0.744740	0.665461	0.524269	0.482955	0.274817	0.357328	0.310516	0.013278	0.957780	0.499621	0.399524	0.686992	0.272209	0.017046	0.742762	0.092412	0.609675	0.756647	0.733049	0.753111	0.503202	0.789058	0.853287	0.275053	0.481457	0.945822	0.769710	0.383622	0.675422	0.966033	0.069795	0.905686	0.816319	0.813414	0.901936	0.557234	0.676964	0.218856	0.148628	0.341317	0.268582	0.511065	0.919954	0.080211	0.295354	0.013560	0.104689	0.044619	0.581580	0.470376	
0.424558	0.888654	0.373901	0.631773	0.601418	0.152613	0.260229	0.908293	0.558365	0.775559	0.034747	0.218869	0.708364	0.060444	0.121521	0.773460	0.558429	0.647601	0.769623	0.454858	0.252464	0.241042	0.271149	0.692875	0.137838	0.683234	0.257552	0.312021	0.165591	0.255860	0.903284	0.833192	0.691433	0.394042	0.760167	0.832097	0.456371	0.525323	0.222474	0.557035	0.686632	0.532897	0.142372	0.910100	0.217382	0.595076	0.195280	0.582378	0.909061	0.347770	
0.825320	0.681859	0.253006	0.009212	0.425380	0.835791	0.806516	0.056196	0.213605	0.256851	0.132256	0.551654	0.280195	0.214250	0.110452	0.858484	0.741886	0.217464	0.747525	0.470372	0.792922	0.284917	0.674851	0.548326	0.307409	0.319444	0.657104	0.767202	0.005130	0.126555	0.543471	0.051355	0.525382	0.280249	0.495494	0.445811	0.056785	0.887854	0.071841	0.620092	0.241356	0.818915	0.810634	0.835760	0.567568	0.931346	0.947354	0.396397	0.251520	0.745642	
0.427267	0.035429	0.922181	0.215688	0.359462	0.373272	0.775316	0.499280	0.778305	0.401714	0.297355	0.456913	0.315761	0.717445	0.529955	0.314294	0.654539	0.441274	0.273006	0.570742	0.492742	0.233288	0.136202	0.854008	0.067607	0.260380	0.588782	0.609671	0.570602	0.471823	0.790202	0.057779	0.135840	0.021462	0.156015	0.041315	0.536218	0.916815	0.007171	0.586926	0.026544	0.439740	0.564599	0.519868	0.376527	0.235757	0.777808	0.611471	0.792589	0.322494	
0.225137	0.597362	0.638412	0.433775	0.284999	0.720361	0.868008	0.926870	0.209512	0.567806	0.438429	0.752769	0.097099	0.129884	0.997174	0.838294	0.816188	0.983666	0.949832	0.100183	0.438142	0.546376	0.980645	0.738756	0.919984	0.776196	0.110126	0.574650	0.893206	0.096914	0.156912	0.112690	0.370863	0.427700	0.513796	0.555527	0.348428	0.258088	0.575148	0.519230	0.303406	0.853544	0.824391	0.620757	0.132728	0.607976	0.652879	0.262740	0.817021	0.344436	
0.218324	0.282755	0.001865	0.895825	0.537686	0.072144	0.710481	0.254625	0.353881	0.252469	0.593053	0.776249	0.581110	0.269673	0.729430	0.728947	0.514073	0.514506	0.552544	0.092950	0.825386	0.931323	0.090782	0.070738	0.061330	0.931273	0.183651	0.900315	0.746512	0.162892	0.784098	0.423697	0.903541	0.814108	0.348534	0.546315	0.072153	0.709786	0.663585	0.607598	0.103731	0.379297	0.246393	0.052144	0.449600	0.468847	0.106874	0.531868	0.830747	0.466499	
0.253034	0.353201	0.490451	0.488122	0.843511	0.878950	0.634591	0.234624	0.537859	0.873890	0.501803	0.221157	0.235281	0.619092	0.099001	0.245309	0.098406	0.677222	0.661496	0.742893	0.261064	0.452249	0.880091	0.776640	0.973641	0.405410	0.993268	0.084121	0.379592	0.294578	0.788806	0.830629	0.138397	0.476069	0.673195	0.304900	0.840806	0.829914	0.444022	0.138847	0.257085	0.893107	0.170823	0.478902	0.680442	0.029009	0.313367	0.356460	0.367489	0.251656	
0.051492	0.974943	0.313705	0.613194	0.411411	0.175391	0.296297	0.918849	0.045727	0.017537	0.171231	0.195418	0.906184	0.936360	0.384407	0.314357	0.744573	0.328197	0.094156	0.816006	0.693431	0.174064	0.059895	0.456849	0.490663	0.831791	0.520932	0.146491	0.579086	0.700789	0.270867	0.399392	0.304446	0.073718	0.668979	0.904170	0.881120	0.352139	0.171146	0.046637	0.283374	0.323702	0.905636	0.231422	0.553044	0.448215	0.947357	0.839351	0.575195	0.650404	
0.802792	0.606585	0.632808	0.624928	0.767712	0.465762	0.549992	0.855392	0.259658	0.940349	0.019025	0.636613	0.236171	0.218184	0.389033	0.055540	0.423162	0.875737	0.620849	0.859923	0.172229	0.439648	0.115150	0.177849	0.381854	0.187510	0.506762	0.367260	0.300087	0.554298	0.454032	0.880945	0.271963	0.933165	0.257347	0.281373	0.118774	0.151798	0.016061	0.608732	0.447845	0.798794	0.620366	0.697539	0.751498	0.609573	0.861676	0.082725	0.247200	0.026451	
0.808978	0.934124	0.028845	0.161676	0.415568	0.442820	0.566651	0.818019	0.407668	0.107470	0.767396	0.364696	0.207561	0.762711	0.463310	0.959309	0.096987	0.200040	0.979355	0.170737	0.132125	0.258335	0.855172	0.885793	0.591913	0.422005	0.710306	0.988381	0.234121	0.372629	0.540255	0.969719	0.225371	0.763073	0.531475	0.599648	0.547368	0.362375	0.934338	0.665379	0.241430	0.885560	0.874084	0.869603	0.625034	0.805636	0.574170	0.802530	0.945113	0.004266	
0.499413	0.140187	0.461897	0.449321	0.750729	0.922487	0.202083	0.943895	0.681989	0.184372	0.055730	0.472311	0.765362	0.429441	0.840444	0.187064	0.037621	0.386638	0.829813	0.895754	0.950659	0.572701	0.626288	0.228910	0.330095	0.615300	0.403290	0.015726	0.362452	0.879128	0.878873	0.542753	0.393442	0.416012	0.765350	0.803797	0.130006	0.868751	0.893095	0.064572	0.510942	0.609016	0.767483	0.082885	0.069908	0.332832	0.028205	0.865274	0.804975	0.644902	
0.593051	0.286334	0.825198	0.479352	0.252745	0.941483	0.223795	0.677920	0.175241	0.121214	0.722818	0.193930	0.329630	0.172670	0.340490	0.704931	0.266272	0.656599	0.146349	0.809762	0.679873	0.162781	0.301745	0.894947	0.601506	0.722135	0.470208	0.075347	0.975269	0.934444	0.065589	0.249300	0.630639	0.423330	0.041849	0.176081	0.984338	0.625391	0.179563	0.763069	0.536501	0.105393	0.401269	0.806547	0.428756	0.692296	0.380365	0.826206	0.847495	0.787991	
0.482629	0.611067	0.302934	0.753051	0.756796	0.263566	0.001324	0.300005	0.549698	0.779130	0.847543	0.472800	0.413023	0.238911	0.548543	0.149862	0.990974	0.498139	0.997386	0.776405	0.767310	0.047480	0.408929	0.171227	0.454037	0.937081	0.421784	0.529488	0.708887	0.095325	0.795302	0.288601	0.006115	0.080184	0.037929	0.757684	0.896559	0.573873	0.152649	0.264114	0.695458	0.908267	0.611075	0.952049	0.206155	0.577391	0.292560	0.787733	0.652731	0.302177	
0.724505	0.495900	0.865025	0.926552	0.814874	0.624360	0.391860	0.627574	0.970382	0.322897	0.626997	0.177993	0.766279	0.218233	0.833642	0.109672	0.580270	0.179211	0.675345	0.462968	0.296429	0.000551	0.619955	0.691224	0.207749	0.766874	0.914409	0.754303	0.910592	0.099699	0.492945	0.302381	0.814942	0.518511	0.587356	0.980506	0.068807	0.572073	0.609181	0.279100	0.277418	0.651676	0.990840	0.872515	0.378515	0.645666	0.181586	0.944676	0.429641	0.486815	
0.444666	0.900781	0.448377	0.202236	0.736151	0.874489	0.527309	0.205397	0.932143	0.419581	0.050127	0.182119	0.013296	0.228240	0.589982	0.459932	0.182376	0.548120	0.833567	0.688312	0.231691	0.583288	0.088965	0.277149	0.866597	0.331766	0.761978	0.148436	0.640680	0.218210	0.091732	0.265308	0.038855	0.904861	0.563784	0.442140	0.155973	0.554475	0.814112	0.266046	0.528353	0.597432	0.111697	0.065604	0.122544	0.983037	0.961956	0.488384	0.061774	0.873233	
0.986418	0.421032	0.340800	0.387329	0.807130	0.835619	0.251186	0.625815	0.178919	0.115259	0.975233	0.515739	0.346641	0.938000	0.397368	0.033973	0.126605	0.526176	0.430512	0.622316	0.566879	0.573126	0.890986	0.180948	0.890360	0.371368	0.394502	0.802783	0.891230	0.149559	0.552015	0.672382	0.638536	0.146025	0.112063	0.306690	0.226276	0.497007	0.078757	0.187167	0.974161	0.834710	0.445642	0.109807	0.378275	0.625469	0.442897	0.608911	0.496410	0.150482	
0.523277	0.287415	0.336989	0.866815	0.462377	0.384863	0.612516	0.805201	0.857066	0.395030	0.174374	0.165632	0.318349	0.698706	0.529480	0.423232	0.306361	0.802311	0.495069	0.059096	0.723107	0.393984	0.663531	0.393782	0.114193	0.755938	0.809310	0.905840	0.696113	0.942418	0.453734	0.278351	0.076296	0.403444	0.749787	0.528810	0.906498	0.808518	0.121979	0.090626	0.991112	0.524740	0.768134	0.928081	0.035125	0.689841	0.236149	0.248953	0.048854	0.883809	
0.114937	0.271535	0.335413	0.591465	0.282353	0.693564	0.528655	0.073886	0.648882	0.761037	0.872466	0.172865	0.419070	0.421059	0.074215	0.266565	0.717488	0.210587	0.618154	0.510293	0.484143	0.173972	0.422160	0.309588	0.249826	0.755049	0.521503	0.230907	0.349732	0.408498	0.956835	0.613099	0.213163	0.727224	0.625738	0.731824	0.441374	0.122679	0.153654	0.934576	0.502893	0.525772	0.617540	0.964970	0.408645	0.391219	0.048531	0.039803	0.828003	0.093011	
0.004545	0.563622	0.730631	0.309452	0.118569	0.287766	0.933654	0.645858	0.570217	0.518465	0.984295	0.344342	0.914002	0.294520	0.151172	0.195746	0.212366	0.601635	0.445669	0.827283	0.155116	0.185699	0.928587	0.639963	0.442384	0.477665	0.068113	0.459505	0.206151	0.724120	0.141556	0.513040	0.679234	0.296920	0.025763	0.689139	0.239251	0.269649	0.706394	0.666641	0.068041	0.575457	0.966313	0.118268	0.788987	0.529788	0.762254	0.284465	0.157503	0.566390	
0.705587	0.364146	0.130368	0.112677	0.543407	0.985541	0.923624	0.747601	0.595960	0.062401	0.708258	0.315489	0.635017	0.912000	0.181339	0.975787	0.733921	0.831765	0.973727	0.701051	0.723759	0.128581	0.247589	0.537320	0.742052	0.228495	0.191910	0.920822	0.143939	0.619446	0.311213	0.212204	0.935166	0.909422	0.988410	0.426027	0.297064	0.359551	0.430791	0.388202	0.496592	0.623152	0.160682	0.515427	0.376796	0.629898	0.730107	0.733142	0.886070	0.574166	
0.253037	0.586648	0.554801	0.094754	0.843071	0.158435	0.099654	0.028164	0.325561	0.564956	0.678465	0.390366	0.036956	0.073845	0.766073	0.797506	0.648203	0.569211	0.330354	0.188596	0.146922	0.513088	0.128618	0.506911	0.084843	0.156535	0.266721	0.171880	0.670410	0.226703	0.893735	0.455592	0.408363	0.744942	0.688768	0.912143	0.280570	0.082266	0.966482	0.863366	0.661043	0.814632	0.566803	0.231441	0.232236	0.673695	0.482352	0.667909	0.154090	0.629434	
0.346390	0.678549	0.966807	0.036148	0.349991	0.984614	0.919416	0.938798	0.785758	0.723431	0.628382	0.143966	0.526414	0.001450	0.224727	0.523363	0.172460	0.198077	0.962726	0.072557	0.133739	0.323750	0.856417	0.539373	0.432786	0.660170	0.659931	0.171902	0.616011	0.866848	0.804234	0.411855	0.592123	0.115962	0.844157	0.867565	0.245689	0.031050	0.453863	0.744281	0.833227	0.947817	0.208587	0.679502	0.293070	0.665336	0.936561	0.073999	0.687124	0.083532	
0.378479	0.509177	0.142413	0.726274	0.110650	0.482925	0.875006	0.437034	0.550462	0.908190	0.662887	0.940836	0.650717	0.128132	0.204796	0.869122	0.162762	0.207442	0.918525	0.901451	0.404270	0.973052	0.815119	0.362868	0.526623	0.209113	0.844585	0.788958	0.164784	0.833143	0.128755	0.952855	0.080563	0.596693	0.094013	0.028264	0.882520	0.777559	0.411402	0.063220	0.411486	0.127535	0.422282	0.751374	0.833583	0.956646	0.286782	0.253856	0.069797	0.366434	
0.348692	0.662093	0.396013	0.928851	0.580079	0.745440	0.264405	0.247636	0.789467	0.273752	0.583527	0.585388	0.139898	0.237654	0.689793	0.373505	0.998785	0.269697	0.475250	0.202213	0.190620	0.046894	0.820628	0.141711	0.293540	0.233145	0.645861	0.747376	0.657777	0.995455	0.589117	0.386055	0.404558	0.982700	0.854300	0.935137	0.132565	0.499944	0.276561	0.563288	0.057118	0.447169	0.614966	0.488738	0.179574	0.620313	0.853154	0.356592	0.662120	0.137520	
0.524204	0.561339	0.054688	0.609963	0.702938	0.901350	0.969684	0.463035	0.543063	0.857393	0.435966	0.491327	0.484074	0.546832	0.187212	0.662613	0.757009	0.368186	0.285236	0.142946	0.151400	0.748230	0.392814	0.705733	0.163038	0.658514	0.040832	0.888124	0.997761	0.671101	0.119309	0.896389	0.557667	0.688015	0.242725	0.831077	0.875257	0.515208	0.790572	0.203948	0.784067	0.552614	0.012304	0.349806	0.875694	0.195039	0.354621	0.871321	0.356004	0.755190	
0.390297	0.992853	0.165573	0.533625	0.729002	0.909754	0.600035	0.337968	0.903106	0.622405	0.708681	0.773803	0.908872	0.975588	0.204460	0.863604	0.317044	0.860311	0.364518	0.438762	0.131508	0.606589	0.810883	0.343883	0.632332	0.492789	0.783732	0.404314	0.911716	0.957478	0.110680	0.710933	0.677539	0.910342	0.965179	0.135577	0.697619	0.828232	0.686724	0.222491	0.138403	0.660068	0.981872	0.614738	0.444284	0.009764	0.393298	0.982688	0.291941	0.112894	
0.242133	0.353808	0.990637	0.448254	0.354154	0.996417	0.386025	0.414692	0.720867	0.261485	0.601647	0.720114	0.991946	0.065782	0.595833	0.541007	0.427146	0.777717	0.076855	0.095144	0.896717	0.923566	0.748045	0.650639	0.367689	0.634062	0.183372	0.964280	0.056980	0.459205	0.208738	0.490778	0.895027	0.053668	0.494467	0.402890	0.240372	0.673925	0.664715	0.457329	0.236687	0.001739	0.445568	0.595378	0.996081	0.155360	0.054795	0.840704	0.914633	0.921703	
0.043184	0.800283	0.651050	0.271973	0.798772	0.348169	0.820693	0.455519	0.315927	0.768809	0.105479	0.516828	0.570307	0.110095	0.251904	0.894040	0.356392	0.578644	0.168531	0.323208	0.579918	0.002761	0.021286	0.666873	0.509176	0.649222	0.359852	0.774929	0.523583	0.415100	0.916824	0.070575	0.003463	0.280658	0.499835	0.139296	0.275244	0.480365	0.600337	0.633743	0.582922	0.724169	0.449015	0.872934	0.384123	0.748084	0.597173	0.574163	0.467878	0.772630	
0.458687	0.047467	0.053983	0.030460	0.675071	0.763834	0.947168	0.200766	0.987101	0.368780	0.361734	0.672172	0.935524	0.559543	0.101155	0.371115	0.244100	0.293772	0.946413	0.952404	0.988435	0.879476	0.204240	0.331785	0.153943	0.562566	0.817429	0.474583	0.481072	0.156355	0.366300	0.142068	0.946051	0.908483	0.760072	0.513948	0.577124	0.684109	0.473667	0.972706	0.716459	0.143285	0.770010	0.286842	0.651995	0.833308	0.970666	0.628696	0.411216	0.809181	
0.398066	0.919794	0.716553	0.756555	0.619797	0.817829	0.264534	0.870145	0.578983	0.285626	0.600183	0.249274	0.094310	0.487566	0.415148	0.676814	0.619875	0.788404	0.200511	0.526647	0.274221	0.156565	0.305590	0.573299	0.183696	0.115551	0.977859	0.354728	0.242794	0.577696	0.139040	0.471156	0.851118	0.095344	0.804520	0.871937	0.966467	0.617495	0.055211	0.156629	0.049719	0.022786	0.637004	0.099747	0.219808	0.537740	0.931952	0.117764	0.268456	0.834699	
0.835098	0.151717	0.735138	0.073622	0.960006	0.029257	0.502431	0.037303	0.429557	0.019233	0.814493	0.008213	0.565869	0.529515	0.339085	0.907302	0.070851	0.975748	0.828231	0.596339	0.279621	0.797963	0.677640	0.921486	0.972316	0.756562	0.497692	0.533254	0.890753	0.897886	0.426984	0.404021	0.864206	0.303824	0.429139	0.480674	0.525759	0.490811	0.113903	0.310596	0.353017	0.873027	0.831935	0.914269	0.469050	0.952525	0.617342	0.393869	0.736316	0.173985	
0.597856	0.874216	0.933296	0.327014	0.777325	0.133417	0.704770	0.981050	0.412724	0.259392	0.707473	0.777808	0.568464	0.806362	0.869370	0.470236	0.635005	0.590840	0.709479	0.615500	0.555465	0.617145	0.755360	0.796939	0.493513	0.049859	0.268248	0.525800	0.999345	0.141491	0.312508	0.335940	0.956179	0.515814	0.844634	0.152461	0.880231	0.660334	0.367801	0.803676	0.513603	0.062299	0.681203	0.618562	0.920260	0.549263	0.371781	0.180281	0.811982	0.993617	
0.827409	0.056715	0.915684	0.343231	0.174322	0.144798	0.000443	0.469776	0.795196	0.362194	0.848391	0.948223	0.796660	0.548131	0.824599	0.265258	0.687825	0.359648	0.039022	0.886993	0.849786	0.901269	0.238889	0.531875	0.459383	0.749540	0.805526	0.527947	0.826267	0.210827	0.617825	0.302874	0.798058	0.909159	0.365401	0.050424	0.827944	0.065415	0.322739	0.100917	0.491359	0.089897	0.548220	0.899071	0.693921	0.025354	0.585983	0.617396	0.990749	0.221121	
0.322708	0.571337	0.223239	0.217486	0.234042	0.328100	0.168860	0.022285	0.035840	0.091568	0.031254	0.041506	0.445149	0.001278	0.185459	0.792048	0.493944	0.658820	0.000137	0.263160	0.194708	0.959579	0.009256	0.080649	0.903220	0.774856	0.289138	0.551711	0.475265	0.170185	0.775387	0.168891	0.325618	0.986513	0.704016	0.559933	0.840933	0.262292	0.501376	0.895284	0.515157	0.339069	0.486503	0.538582	0.443769	0.622492	0.671000	0.488486	0.619093	0.322373	
0.724673	0.221833	0.401818	0.415794	0.827066	0.307790	0.981219	0.146518	0.537639	0.429489	0.393866	0.200563	0.843364	0.061484	0.164049	0.785566	0.266163	0.454328	0.491524	0.571175	0.181200	0.660814	0.525823	0.630141	0.492432	0.044870	0.111611	0.951165	0.934483	0.417431	0.396505	0.987254	0.210396	0.330649	0.311704	0.020511	0.780788	0.655324	0.488657	0.370074	0.345094	0.867388	0.660377	0.411680	0.831201	0.693393	0.032108	0.890374	0.122230	0.944426	
0.122847	0.926838	0.646262	0.210246	0.867626	0.116008	0.995263	0.669425	0.801949	0.250501	0.910215	0.860857	0.624541	0.184829	0.972254	0.180704	0.094191	0.998736	0.689703	0.875372	0.789301	0.770049	0.974776	0.440204	0.520578	0.409876	0.634598	0.373117	0.021963	0.005909	0.687200	0.089319	0.294155	0.521843	0.297036	0.541188	0.388595	0.870900	0.750710	0.140097	0.001808	0.702080	0.820705	0.895545	0.633142	0.836886	0.088068	0.101733	0.014260	0.366081	
0.020791	0.397632	0.218505	0.772758	0.579636	0.240502	0.462828	0.217849	0.017780	0.126202	0.014848	0.971264	0.889293	0.485138	0.696572	0.214849	0.758488	0.126749	0.881013	0.946208	0.812362	0.042092	0.129293	0.558723	0.373335	0.797995	0.648013	0.491099	0.842255	0.440860	0.827456	0.256190	0.268190	0.562938	0.282447	0.609851	0.695857	0.369998	0.911886	0.972223	0.613646	0.673404	0.539476	0.798966	0.140739	0.920558	0.895534	0.554140	0.559688	0.312926	
0.626225	0.936943	0.574722	0.147233	0.235663	0.771828	0.889674	0.110969	0.609735	0.810881	0.149760	0.718670	0.908188	0.209018	0.389889	0.310011	0.444722	0.338197	0.553896	0.506051	0.604886	0.638869	0.723112	0.923710	0.659772	0.083322	0.466030	0.854826	0.074802	0.842094	0.585789	0.480805	0.399060	0.049955	0.304431	0.742516	0.833886	0.403877	0.131223	0.889846	0.062177	0.600527	0.775160	0.902425	0.519198	0.314654	0.896624	0.135498	0.614461	0.248640	
0.741460	0.828209	0.372541	0.132345	0.559672	0.294759	0.995359	0.150056	0.350641	0.620483	0.796999	0.974826	0.730596	0.989307	0.295777	0.263949	0.229103	0.612584	0.324244	0.105409	0.767120	0.505764	0.295455	0.532999	0.708300	0.515935	0.088619	0.198923	0.601084	0.164272	0.426177	0.934099	0.520379	0.256925	0.291612	0.728538	0.762502	0.821211	0.890122	0.704053	0.507692	0.103722	0.710748	0.415526	0.490875	0.208694	0.008018	0.572331	0.689476	0.373019	
0.191590	0.039819	0.335859	0.012048	0.215240	0.824404	0.936089	0.319243	0.230771	0.958669	0.314566	0.638697	0.310157	0.850981	0.040285	0.980721	0.325557	0.185966	0.881571	0.887398	0.914115	0.819743	0.639928	0.497041	0.873754	0.592345	0.623074	0.510903	0.442072	0.932865	0.585884	0.714231	0.934126	0.572858	0.098211	0.912508	0.172058	0.862531	0.871236	0.682685	0.815282	0.933308	0.506074	0.371588	0.806096	0.430502	0.218039	0.303422	0.044930	0.967862	
0.336535	0.155467	0.612620	0.320579	0.377569	0.228845	0.278295	0.631208	0.606365	0.732514	0.307249	0.804441	0.307749	0.677453	0.984142	0.495819	0.525686	0.829270	0.669283	0.622162	0.153113	0.239704	0.013160	0.215776	0.873709	0.031986	0.111306	0.706246	0.944289	0.771733	0.029015	0.249109	0.918838	0.693007	0.228227	0.634974	0.166176	0.812748	0.745590	0.798861	0.976814	0.800257	0.667274	0.507174	0.890202	0.539995	0.546460	0.473919	0.867482	0.053420	
0.482095	0.477050	0.563072	0.827607	0.318321	0.927960	0.457315	0.383254	0.234720	0.736152	0.169337	0.044140	0.065251	0.181096	0.684984	0.028443	0.922911	0.815349	0.795291	0.794645	0.269424	0.408747	0.450822	0.851328	0.682430	0.810464	0.863627	0.567564	0.372662	0.861611	0.983176	0.224724	0.395546	0.392070	0.683029	0.304449	0.909319	0.679192	0.505197	0.045683	0.117999	0.039393	0.710750	0.910504	0.355617	0.141058	0.662168	0.244881	0.405856	0.248551	
0.823665	0.041338	0.266196	0.093126	0.251050	0.959019	0.994955	0.350675	0.605370	0.789117	0.033293	0.299781	0.295957	0.753175	0.181612	0.790699	0.554727	0.738262	0.552567	0.592315	0.970196	0.172666	0.549746	0.670857	0.784520	0.116103	0.390150	0.513275	0.960545	0.387921	0.268177	0.147435	0.010656	0.643827	0.717084	0.366840	0.787476	0.652432	0.062848	0.492338	0.783263	0.665182	0.024325	0.859520	0.444908	0.127027	0.426060	0.535990	0.160159	0.999939	
0.415958	0.564523	0.906286	0.540656	0.540244	0.816503	0.641436	0.496920	0.660142	0.650630	0.603881	0.818135	0.052120	0.466656	0.533941	0.089521	0.833375	0.153334	0.870999	0.708795	0.726985	0.734750	0.006983	0.034181	0.588109	0.772175	0.462469	0.221930	0.944435	0.726867	0.155182	0.428275	0.470433	0.728219	0.275600	0.752675	0.962312	0.371005	0.719095	0.636419	0.089997	0.499194	0.998904	0.067054	0.409711	0.421714	0.610310	0.553450	0.431599	0.422175	

Printing Matrix B
0.386126	0.290182	0.487584	0.950852	0.447019	0.841875	0.071247	0.576439	0.017119	0.551405	0.512120	0.245810	0.292523	0.302956	0.023775	0.298413	0.651075	0.052321	0.694959	0.150966	0.634400	0.082353	0.513276	0.355040	0.096638	0.062969	0.667234	0.546287	0.751337	0.497490	0.658720	0.185014	0.384499	0.448453	0.240508	0.221436	0.592259	0.580555	0.962580	0.635931	0.842041	0.667975	0.007679	0.469032	0.063505	0.534129	0.762424	0.032020	0.956478	0.226381	
0.079891	0.071894	0.751605	0.777686	0.588045	0.773403	0.112517	0.939361	0.655641	0.879212	0.374914	0.441371	0.132483	0.284261	0.953863	0.285946	0.958459	0.705905	0.010289	0.424250	0.897208	0.028420	0.639031	0.129921	0.376174	0.013818	0.422473	0.888427	0.928580	0.643916	0.683330	0.916198	0.287702	0.351854	0.105694	0.896326	0.973756	0.012628	0.892527	0.907458	0.151682	0.019789	0.376465	0.129111	0.080904	0.187488	0.702889	0.406024	0.725789	0.288583	
0.533981	0.834386	0.109655	0.120523	0.989563	0.270882	0.949257	0.715400	0.198887	0.630767	0.617539	0.044025	0.921941	0.311020	0.207926	0.479213	0.784511	0.249643	0.160613	0.896347	0.398148	0.291421	0.457901	0.673128	0.851333	0.936578	0.122149	0.789301	0.430651	0.691819	0.699923	0.380484	0.484631	0.378601	0.000294	0.795419	0.442177	0.745847	0.093661	0.556865	0.722869	0.413866	0.474046	0.889108	0.303487	0.543275	0.751959	0.487845	0.553886	0.881833	
0.141394	0.952622	0.764091	0.483649	0.117443	0.802747	0.533958	0.685330	0.419779	0.912702	0.155365	0.726677	0.379736	0.143913	0.080968	0.487802	0.702997	0.805933	0.138893	0.324841	0.330097	0.096648	0.344200	0.872059	0.356417	0.487246	0.240737	0.419105	0.428446	0.554094	0.588764	0.731775	0.482320	0.758849	0.827290	0.877549	0.211277	0.021442	0.756176	0.319457	0.678261	0.624374	0.020627	0.539470	0.606497	0.958487	0.135460	0.487021	0.227970	0.238993	
0.329560	0.212647	0.090739	0.096315	0.127589	0.959507	0.222477	0.724847	0.627359	0.692177	0.357881	0.429117	0.340926	0.111122	0.162009	0.624156	0.466658	0.032407	0.070892	0.404311	0.544495	0.004331	0.947699	0.010076	0.993495	0.808914	0.352917	0.844718	0.154170	0.262738	0.305955	0.807748	0.723696	0.330009	0.968877	0.993069	0.098139	0.280345	0.726578	0.620895	0.992674	0.071450	0.667841	0.039433	0.872007	0.138190	0.189065	0.950575	0.786093	0.707349	
0.014905	0.268343	0.697818	0.158881	0.839109	0.144470	0.209586	0.177374	0.132087	0.699439	0.518979	0.182056	0.783567	0.620805	0.413215	0.324630	0.028572	0.541163	0.141661	0.150787	0.479820	0.812552	0.511176	0.566834	0.206733	0.647357	0.103901	0.433756	0.962044	0.457128	0.382715	0.803378	0.374732	0.137678	0.044585	0.497163	0.583722	0.213811	0.299641	0.738161	0.046917	0.232087	0.214932	0.038287	0.720403	0.552236	0.277173	0.514404	0.700156	0.168298	
0.940547	0.269145	0.975176	0.619167	0.263600	0.781192	0.742847	0.461335	0.679121	0.134756	0.995036	0.502641	0.042607	0.924114	0.669128	0.487503	0.757873	0.133944	0.239602	0.007866	0.110439	0.813718	0.802336	0.811066	0.774674	0.880981	0.632815	0.041919	0.400667	0.418184	0.058445	0.679470	0.662334	0.549368	0.566525	0.405138	0.346292	0.530251	0.493909	0.630085	0.287139	0.038292	0.894687	0.595376	0.046244	0.365149	0.919246	0.921008	0.858033	0.483516	
0.027609	0.101522	0.107510	0.522529	0.973090	0.870001	0.663678	0.180183	0.988503	0.853719	0.789118	0.139436	0.263488	0.289944	0.530819	0.546079	0.662113	0.932329	0.279374	0.371041	0.607471	0.512692	0.149335	0.829515	0.468434	0.172585	0.902103	0.965916	0.372465	0.287113	0.029320	0.461712	0.480793	0.461056	0.848900	0.012631	0.073139	0.727520	0.218198	0.360312	0.240269	0.944184	0.844918	0.307963	0.165960	0.120666	0.428268	0.886713	0.976420	0.669228	
0.179867	0.281691	0.207182	0.475480	0.566247	0.112012	0.368688	0.948888	0.966296	0.430988	0.851927	0.327536	0.134032	0.189256	0.562019	0.935773	0.540343	0.994892	0.226675	0.172905	0.306163	0.599438	0.341113	0.888457	0.805177	0.439665	0.871098	0.937299	0.981451	0.115582	0.985039	0.285357	0.268819	0.272906	0.750621	0.288416	0.730728	0.731636	0.436179	0.379250	0.939536	0.898461	0.586117	0.815764	0.962315	0.111039	0.982701	0.472736	0.676646	0.747014	
0.191453	0.484052	0.923283	0.994022	0.835780	0.600819	0.192188	0.585950	0.335040	0.345873	0.333060	0.244709	0.853309	0.567280	0.463087	0.957222	0.349723	0.576720	0.656962	0.632469	0.944014	0.268058	0.732567	0.914507	0.255722	0.364962	0.717292	0.904542	0.327116	0.100557	0.786117	0.444742	0.499053	0.408846	0.592204	0.648757	0.274603	0.672420	0.770823	0.074778	0.847306	0.615326	0.049411	0.135200	0.991691	0.166730	0.293536	0.913648	0.632933	0.948605	
0.363809	0.761355	0.514177	0.645583	0.020701	0.311544	0.160101	0.432606	0.446738	0.586039	0.803563	0.216237	0.364240	0.889689	0.452378	0.222311	0.435655	0.454600	0.417441	0.234832	0.820544	0.306150	0.473245	0.190157	0.306563	0.358413	0.528965	0.207225	0.704534	0.890379	0.935207	0.973100	0.096355	0.320695	0.527884	0.951938	0.101902	0.329073	0.996844	0.495131	0.295426	0.413532	0.428194	0.717597	0.717671	0.289640	0.720665	0.023741	0.690441	0.330817	
0.899963	0.566752	0.540842	0.577013	0.415055	0.841093	0.925688	0.534872	0.875382	0.486609	0.860444	0.245932	0.038990	0.398131	0.614110	0.947754	0.011702	0.515938	0.410331	0.090230	0.165094	0.535866	0.185947	0.444664	0.323207	0.654383	0.707522	0.764761	0.169988	0.475942	0.891839	0.298170	0.938203	0.456085	0.907058	0.173920	0.477637	0.162935	0.780524	0.724914	0.538871	0.287382	0.279612	0.992905	0.215035	0.233698	0.892544	0.010415	0.345976	0.179281	
0.012814	0.325187	0.062987	0.154036	0.095720	0.947242	0.258247	0.880985	0.286768	0.987460	0.342738	0.608677	0.753025	0.066028	0.085592	0.352035	0.598510	0.588857	0.165344	0.505007	0.621843	0.895655	0.686873	0.417950	0.650530	0.475444	0.626567	0.228549	0.703214	0.478593	0.539887	0.887212	0.507851	0.799893	0.218962	0.934259	0.757149	0.720897	0.606554	0.417663	0.544256	0.250353	0.977229	0.550416	0.773480	0.469248	0.859638	0.451763	0.832529	0.040684	
0.556556	0.892298	0.804857	0.757728	0.752041	0.668496	0.068498	0.467121	0.397751	0.726169	0.046546	0.484597	0.551878	0.273673	0.188016	0.435899	0.289300	0.058278	0.941391	0.505568	0.991397	0.989729	0.092912	0.105622	0.474386	0.661894	0.027208	0.427116	0.082851	0.963493	0.015146	0.015440	0.727588	0.398602	0.889724	0.362411	0.078233	0.941015	0.808988	0.661809	0.878427	0.804306	0.470193	0.484722	0.932211	0.823911	0.847607	0.251802	0.913069	0.244174	
0.554574	0.683912	0.958724	0.803953	0.671564	0.051087	0.789465	0.455628	0.086814	0.812702	0.388564	0.966381	0.475964	0.811366	0.868588	0.191825	0.662125	0.055970	0.500665	0.388561	0.325686	0.722221	0.295040	0.374808	0.118198	0.400879	0.824123	0.742933	0.585444	0.689120	0.609838	0.877195	0.756682	0.892812	0.793088	0.429577	0.721021	0.233924	0.329647	0.397915	0.796243	0.954607	0.166054	0.920453	0.251838	0.205530	0.490518	0.133639	0.015890	0.504547	
0.307824	0.927752	0.085922	0.044906	0.770409	0.863413	0.241614	0.187017	0.515558	0.159166	0.717043	0.629072	0.447420	0.454762	0.789162	0.272288	0.893433	0.125832	0.361716	0.394923	0.613558	0.698776	0.076355	0.262839	0.993263	0.359309	0.786700	0.917867	0.751092	0.697431	0.331938	0.637241	0.169759	0.204725	0.933810	0.663599	0.857984	0.402540	0.248167	0.526251	0.087384	0.951736	0.873942	0.108205	0.242232	0.165288	0.775354	0.799541	0.565603	0.476588	
0.603914	0.046781	0.502562	0.396236	0.114700	0.992159	0.808048	0.076167	0.813498	0.307023	0.990008	0.629900	0.274841	0.710476	0.433707	0.339857	0.327251	0.499518	0.835959	0.580542	0.818241	0.152742	0.516597	0.308277	0.413282	0.385825	0.087611	0.168653	0.445166	0.202896	0.066192	0.916494	0.929391	0.223255	0.311765	0.716009	0.376499	0.756294	0.097660	0.223190	0.679872	0.914232	0.624742	0.129936	0.962013	0.948781	0.875584	0.421647	0.281286	0.570325	
0.448699	0.723057	0.155084	0.718293	0.543923	0.763687	0.550499	0.991279	0.760805	0.245149	0.454046	0.751023	0.059204	0.134606	0.817572	0.933541	0.991264	0.091469	0.135950	0.399094	0.751246	0.903669	0.840701	0.476986	0.016162	0.324324	0.916064	0.799838	0.248017	0.315759	0.639374	0.331861	0.905899	0.776987	0.233092	0.721722	0.338862	0.286083	0.520339	0.781069	0.485204	0.006708	0.180740	0.376537	0.740991	0.494346	0.941596	0.011004	0.249536	0.889344	
0.964072	0.466967	0.236458	0.482497	0.516120	0.293297	0.368958	0.402593	0.106552	0.978454	0.471426	0.227908	0.299006	0.260518	0.026902	0.031172	0.760929	0.293908	0.251190	0.754183	0.039970	0.768634	0.347485	0.958626	0.950358	0.301580	0.409880	0.834807	0.768400	0.257429	0.245187	0.786276	0.786740	0.003501	0.856589	0.805239	0.805164	0.305488	0.745101	0.606686	0.201195	0.117242	0.437755	0.319962	0.047374	0.001457	0.865992	0.298675	0.867916	0.690661	
0.059861	0.621064	0.069773	0.017674	0.190666	0.510332	0.532627	0.002935	0.579624	0.176536	0.900288	0.919557	0.965726	0.419011	0.520409	0.558147	0.605572	0.445295	0.105763	0.490219	0.087328	0.688289	0.628125	0.590337	0.014121	0.834746	0.944867	0.680688	0.972536	0.744234	0.209371	0.073216	0.481593	0.490287	0.981479	0.883784	0.981056	0.688763	0.263297	0.816930	0.045973	0.191827	0.405979	0.901432	0.972215	0.871460	0.948048	0.996528	0.463187	0.016996	
0.467321	0.513473	0.472854	0.057559	0.481335	0.013570	0.526164	0.518149	0.077912	0.310658	0.065248	0.231712	0.126795	0.442936	0.715055	0.034647	0.360713	0.630753	0.750356	0.569718	0.562800	0.759000	0.788684	0.021108	0.696730	0.916724	0.513885	0.775273	0.376676	0.230661	0.678142	0.274108	0.813428	0.872422	0.593173	0.795475	0.025427	0.244938	0.831623	0.680708	0.597812	0.290331	0.745868	0.752376	0.283814	0.214276	0.248345	0.000811	0.393245	0.625558	
0.315372	0.142391	0.975507	0.154911	0.653374	0.335484	0.433051	0.362883	0.691419	0.301463	0.098296	0.937189	0.004123	0.408415	0.811233	0.383785	0.455005	0.467405	0.913505	0.237642	0.457935	0.818065	0.198941	0.069905	0.296206	0.865593	0.887107	0.741144	0.740783	0.288597	0.183532	0.678621	0.198558	0.069048	0.768341	0.678942	0.879816	0.117262	0.677955	0.969117	0.558535	0.368663	0.637493	0.336871	0.259366	0.930291	0.297851	0.081434	0.754937	0.608473	
0.457173	0.749553	0.784422	0.415746	0.053982	0.436538	0.219573	0.058158	0.915008	0.235341	0.020498	0.617272	0.774544	0.814759	0.849188	0.052757	0.710646	0.643350	0.669125	0.957446	0.443958	0.335624	0.199185	0.520597	0.788812	0.288568	0.921570	0.127659	0.604545	0.225594	0.365650	0.760094	0.080662	0.571365	0.462540	0.472894	0.922794	0.570030	0.202300	0.236172	0.846564	0.800422	0.430579	0.464248	0.870499	0.488858	0.968192	0.312445	0.652397	0.798641	
0.412619	0.021435	0.080053	0.457392	0.682091	0.273465	0.218303	0.296790	0.001967	0.684007	0.450878	0.108615	0.421818	0.467924	0.304869	0.189152	0.538100	0.052901	0.802052	0.900507	0.203857	0.012799	0.247858	0.071042	0.070625	0.122292	0.927914	0.940574	0.651966	0.423947	0.675063	0.674323	0.823686	0.831317	0.237517	0.109881	0.905796	0.863534	0.432268	0.403480	0.689625	0.024396	0.756679	0.967272	0.373468	0.365480	0.004318	0.261694	0.767027	0.453741	
0.824835	0.445919	0.686301	0.884286	0.244028	0.621461	0.813538	0.551193	0.610827	0.978862	0.909684	0.032826	0.384145	0.742005	0.387531	0.155717	0.759368	0.942997	0.911088	0.564237	0.115049	0.088770	0.831556	0.498803	0.158429	0.426679	0.822007	0.982115	0.754025	0.357323	0.919866	0.353922	0.114676	0.124902	0.124203	0.180879	0.874838	0.167838	0.909612	0.148778	0.144306	0.136154	0.034962	0.172464	0.842388	0.930543	0.042828	0.441488	0.581385	0.183267	
0.255530	0.944839	0.633795	0.836762	0.779318	0.611447	0.560998	0.889937	0.865869	0.384946	0.592189	0.470512	0.599954	0.792520	0.478391	0.886926	0.339933	0.864288	0.944441	0.517134	0.686591	0.647383	0.876182	0.843549	0.599721	0.450310	0.543985	0.826926	0.832822	0.325278	0.595233	0.045133	0.043968	0.908893	0.610473	0.712169	0.554609	0.544653	0.896871	0.172843	0.616697	0.688501	0.543974	0.304621	0.134874	0.688009	0.842102	0.665273	0.642564	0.874480	
0.000193	0.550101	0.946200	0.985592	0.482956	0.339662	0.781587	0.260335	0.543591	0.702357	0.194854	0.408572	0.123508	0.923026	0.648010	0.019110	0.384155	0.203004	0.663965	0.173425	0.347031	0.246575	0.541251	0.454179	0.071867	0.763308	0.546901	0.303677	0.245724	0.436482	0.024209	0.541938	0.024803	0.738718	0.933539	0.835690	0.425231	0.409188	0.589176	0.051325	0.019902	0.927764	0.986512	0.237213	0.458143	0.125971	0.129287	0.890716	0.412852	0.842859	
0.541577	0.626960	0.760814	0.933289	0.899514	0.011034	0.799246	0.486219	0.170238	0.017995	0.397126	0.110734	0.811875	0.680504	0.630883	0.571117	0.201911	0.139267	0.234225	0.312717	0.057171	0.053154	0.262548	0.642175	0.262804	0.061168	0.804136	0.186344	0.173351	0.840738	0.390211	0.976694	0.609932	0.554848	0.188518	0.977896	0.191315	0.102106	0.570423	0.886649	0.404451	0.493158	0.119719	0.824598	0.546350	0.097305	0.077191	0.528684	0.189961	0.531281	
0.951097	0.624168	0.540227	0.596276	0.470555	0.943877	0.430743	0.083592	0.116536	0.843532	0.573526	0.599448	0.014835	0.337841	0.211665	0.583275	0.378298	0.305175	0.933716	0.029175	0.384376	0.279276	0.410086	0.365581	0.271059	0.189510	0.149949	0.495302	0.917090	0.369580	0.702265	0.291518	0.160297	0.999089	0.498144	0.498283	0.001316	0.697639	0.140427	0.938025	0.272333	0.256071	0.916493	0.587066	0.584517	0.962338	0.909500	0.367345	0.850548	0.163810	
0.394697	0.231212	0.439652	0.807415	0.992072	0.991565	0.872975	0.686686	0.999010	0.623050	0.230398	0.870309	0.839244	0.209696	0.604087	0.038485	0.035598	0.394798	0.198548	0.055329	0.947653	0.455024	0.294530	0.610095	0.415463	0.877067	0.818533	0.785759	0.985029	0.347570	0.368960	0.587902	0.655751	0.879808	0.184913	0.044920	0.982031	0.953193	0.641655	0.570101	0.796433	0.702979	0.194544	0.272743	0.484193	0.768691	0.006368	0.257712	0.339292	0.516419	
0.072657	0.656770	0.061283	0.331249	0.173251	0.760056	0.348519	0.584649	0.951773	0.722637	0.477706	0.289120	0.847920	0.146194	0.684352	0.711416	0.223953	0.811697	0.978149	0.988174	0.044296	0.121083	0.211265	0.935877	0.563126	0.599004	0.149842	0.524907	0.434956	0.184973	0.333714	0.876318	0.264576	0.842902	0.830961	0.394125	0.579307	0.268071	0.220941	0.953610	0.862462	0.824899	0.440738	0.010065	0.020906	0.995003	0.091428	0.912287	0.559336	0.598728	
0.586266	0.265554	0.508061	0.956144	0.737573	0.513069	0.462368	0.612339	0.687774	0.778800	0.817444	0.063301	0.645124	0.264875	0.730778	0.594757	0.856457	0.482617	0.393935	0.093520	0.348516	0.731544	0.944558	0.713989	0.966288	0.341012	0.266592	0.692603	0.379902	0.116176	0.821082	0.427724	0.571244	0.042057	0.349103	0.096688	0.742166	0.508502	0.172115	0.319056	0.715280	0.922135	0.064382	0.893588	0.572216	0.554964	0.720697	0.070837	0.893030	0.257120	
0.248471	0.939752	0.182040	0.677361	0.670745	0.492557	0.656485	0.367897	0.029430	0.165151	0.271249	0.994945	0.702803	0.283887	0.178676	0.837966	0.894815	0.417783	0.225971	0.431009	0.091560	0.282742	0.338258	0.468912	0.912124	0.969335	0.354177	0.175318	0.030062	0.652812	0.000212	0.635885	0.268495	0.971882	0.148812	0.391183	0.326457	0.988417	0.324564	0.032404	0.091391	0.420060	0.966019	0.502548	0.054583	0.204820	0.646138	0.949822	0.894372	0.409100	
0.324594	0.283556	0.474208	0.315766	0.729302	0.035459	0.349908	0.266262	0.050897	0.312009	0.924169	0.160274	0.357532	0.484940	0.031799	0.295088	0.694323	0.007442	0.850617	0.967302	0.671378	0.400612	0.458280	0.337213	0.435683	0.614656	0.166050	0.930160	0.885025	0.775487	0.309140	0.273216	0.649219	0.171994	0.603866	0.079754	0.142057	0.296530	0.147239	0.109513	0.282965	0.942774	0.499098	0.972597	0.288034	0.300947	0.818659	0.600636	0.854821	0.967713	
0.911926	0.733930	0.527832	0.654320	0.664203	0.257992	0.488003	0.396183	0.073700	0.371225	0.116864	0.958907	0.246334	0.403402	0.332174	0.559841	0.418581	0.298083	0.324232	0.621484	0.716238	0.935602	0.080243	0.191342	0.700565	0.515676	0.234738	0.752953	0.034127	0.582226	0.527470	0.610400	0.435840	0.892464	0.860887	0.748507	0.393424	0.781365	0.015894	0.627609	0.535272	0.533888	0.617869	0.251082	0.443197	0.018296	0.975376	0.916717	0.537179	0.171288	
0.323129	0.975190	0.603903	0.190219	0.729261	0.336256	0.961114	0.034544	0.156986	0.230978	0.118934	0.570849	0.877969	0.505526	0.296747	0.813214	0.596608	0.336428	0.544959	0.820308	0.344476	0.538755	0.026709	0.884573	0.858925	0.783879	0.364824	0.072169	0.842294	0.657942	0.254510	0.758916	0.259560	0.051629	0.621991	0.078741	0.028502	0.272057	0.190794	0.238907	0.272180	0.027578	0.377514	0.879798	0.677443	0.358848	0.008896	0.783070	0.213108	0.072976	
0.706636	0.801565	0.769212	0.790350	0.230251	0.009725	0.052043	0.139435	0.137050	0.649365	0.556973	0.746445	0.125977	0.834325	0.364214	0.174183	0.059019	0.805989	0.049370	0.788237	0.625596	0.782051	0.835266	0.107197	0.940719	0.786809	0.764776	0.063560	0.062769	0.229838	0.805187	0.497835	0.379770	0.692437	0.900163	0.708760	0.278637	0.203399	0.412298	0.086218	0.067159	0.850708	0.406281	0.722688	0.812154	0.896034	0.356547	0.481548	0.697692	0.165456	
0.654659	0.123615	0.365027	0.047199	0.637611	0.130341	0.006444	0.536704	0.895318	0.881775	0.211917	0.324814	0.171677	0.304780	0.980346	0.467225	0.344452	0.568301	0.917854	0.486804	0.748917	0.260235	0.598195	0.168085	0.056330	0.200985	0.827668	0.836711	0.332161	0.868714	0.611727	0.947513	0.926780	0.665657	0.131314	0.400099	0.769606	0.635591	0.457273	0.861314	0.853536	0.781851	0.588099	0.680548	0.760053	0.232768	0.885202	0.327959	0.696095	0.656616	
0.146078	0.707640	0.717049	0.283485	0.146907	0.687925	0.207097	0.681646	0.088338	0.715456	0.911457	0.220172	0.128504	0.608642	0.541748	0.652008	0.321973	0.603509	0.702879	0.213344	0.031792	0.850229	0.371045	0.034084	0.894069	0.307775	0.697763	0.602186	0.076078	0.650866	0.476085	0.305650	0.662522	0.837080	0.796153	0.215187	0.951694	0.066833	0.597290	0.782122	0.850457	0.296885	0.617843	0.374487	0.109898	0.311746	0.328228	0.384041	0.526556	0.356150	
0.271545	0.150653	0.636752	0.545978	0.318403	0.725400	0.417996	0.717080	0.921356	0.729760	0.116921	0.617237	0.658903	0.435898	0.222399	0.508167	0.363385	0.717182	0.876305	0.234178	0.591260	0.363568	0.981864	0.045095	0.172216	0.934474	0.816362	0.734287	0.552988	0.660724	0.962233	0.269331	0.827711	0.325755	0.249673	0.898724	0.519512	0.850189	0.342941	0.404596	0.670140	0.804295	0.890780	0.961768	0.708766	0.219156	0.791383	0.996618	0.475000	0.323109	
0.882306	0.565606	0.484125	0.903194	0.311079	0.342223	0.646859	0.467721	0.685100	0.981408	0.051981	0.064866	0.689050	0.462457	0.383857	0.888722	0.007399	0.667981	0.870122	0.318590	0.878964	0.162419	0.807332	0.063462	0.059630	0.886299	0.245434	0.954975	0.012649	0.098533	0.202997	0.662668	0.441582	0.701921	0.901824	0.492904	0.681325	0.306611	0.285464	0.981089	0.414944	0.456705	0.818553	0.594860	0.829111	0.227706	0.680647	0.242505	0.221023	0.433933	
0.964937	0.903635	0.582161	0.134919	0.580319	0.212720	0.983396	0.655640	0.081104	0.633150	0.943894	0.942324	0.751231	0.746771	0.129254	0.095101	0.107542	0.740453	0.208981	0.557329	0.991380	0.784564	0.439473	0.776726	0.690704	0.430793	0.270732	0.259139	0.557945	0.994218	0.186613	0.781391	0.088054	0.983859	0.397215	0.086336	0.311236	0.363372	0.311104	0.271287	0.549973	0.636406	0.075197	0.842669	0.901454	0.320342	0.926205	0.382223	0.623576	0.311296	
0.907269	0.409386	0.268532	0.969215	0.912855	0.581444	0.942582	0.283533	0.113394	0.650922	0.963088	0.102915	0.072996	0.903553	0.851220	0.717363	0.612481	0.976994	0.899507	0.460649	0.186711	0.275190	0.259942	0.147073	0.684925	0.388183	0.769258	0.537307	0.976237	0.538827	0.655709	0.585945	0.382940	0.149203	0.509147	0.094809	0.651944	0.825150	0.928721	0.285221	0.770218	0.261659	0.164503	0.381731	0.239826	0.968196	0.176749	0.163724	0.117078	0.842135	
0.922778	0.322083	0.306942	0.486607	0.119456	0.849309	0.445233	0.429150	0.909934	0.750475	0.731439	0.045294	0.272810	0.467876	0.521944	0.016114	0.246955	0.019444	0.485430	0.789560	0.277880	0.494560	0.749838	0.332848	0.734591	0.809532	0.801992	0.374218	0.063844	0.464691	0.152105	0.030511	0.819002	0.952956	0.556007	0.909317	0.381385	0.556999	0.327586	0.790995	0.973168	0.528207	0.455354	0.849963	0.744519	0.104987	0.795459	0.295684	0.185453	0.918892	
0.991156	0.575346	0.232086	0.503764	0.022191	0.621849	0.895287	0.770520	0.052480	0.869839	0.935137	0.693623	0.110324	0.345057	0.237947	0.037237	0.092158	0.601645	0.744929	0.883916	0.400168	0.762479	0.655820	0.646096	0.153482	0.505300	0.490760	0.819215	0.188230	0.896862	0.428221	0.655280	0.546683	0.844622	0.362333	0.058731	0.234302	0.057957	0.354210	0.598423	0.219988	0.596311	0.302645	0.311832	0.579797	0.917051	0.142793	0.528397	0.829256	0.981088	
0.101557	0.954091	0.861030	0.225981	0.716101	0.722932	0.928126	0.646837	0.734768	0.721646	0.167364	0.322584	0.211029	0.999633	0.224000	0.231874	0.020541	0.661416	0.198014	0.096811	0.711802	0.850204	0.138985	0.870700	0.455711	0.188319	0.231043	0.933231	0.361884	0.482357	0.913586	0.911441	0.900197	0.815697	0.460256	0.012326	0.732250	0.811986	0.359572	0.744989	0.275031	0.438357	0.444212	0.948145	0.304453	0.391980	0.144733	0.152165	0.876280	0.143141	
0.880370	0.508593	0.017997	0.483856	0.003264	0.192852	0.162153	0.784369	0.002796	0.412461	0.163016	0.525288	0.107863	0.352679	0.645316	0.320677	0.651286	0.138306	0.149849	0.046852	0.851007	0.431407	0.870912	0.619525	0.948290	0.180958	0.836427	0.419055	0.383700	0.928432	0.267553	0.554701	0.078379	0.588122	0.315169	0.381340	0.874678	0.179336	0.028524	0.619299	0.830847	0.088120	0.506503	0.611563	0.278908	0.919218	0.789104	0.465299	0.166926	0.095710	
0.688394	0.648271	0.289798	0.308662	0.626468	0.295135	0.728217	0.124589	0.890429	0.124922	0.276147	0.715797	0.518058	0.932733	0.234516	0.167079	0.505493	0.485983	0.642956	0.113612	0.722605	0.726739	0.792001	0.685542	0.587480	0.851767	0.854603	0.928878	0.748660	0.057646	0.890054	0.906087	0.040074	0.190837	0.186714	0.952453	0.713196	0.360141	0.530519	0.187627	0.856147	0.981626	0.606957	0.083412	0.772114	0.338794	0.365782	0.057714	0.636951	0.088885	
0.553000	0.732984	0.720530	0.771392	0.138809	0.369049	0.998412	0.705705	0.261179	0.960987	0.930175	0.695461	0.544662	0.701813	0.001727	0.005277	0.832037	0.820923	0.831387	0.803617	0.551334	0.965152	0.523341	0.155116	0.459974	0.817814	0.415884	0.686107	0.266451	0.142157	0.178619	0.822904	0.885697	0.563223	0.236142	0.687280	0.539507	0.337222	0.323289	0.847368	0.608441	0.173413	0.178457	0.984870	0.247441	0.713085	0.274462	0.436716	0.179817	0.877243	
0.366780	0.203434	0.216955	0.969134	0.032995	0.323507	0.481685	0.665760	0.356440	0.105050	0.777658	0.029940	0.354125	0.212279	0.466596	0.949900	0.654045	0.739661	0.693990	0.411243	0.525298	0.368421	0.231669	0.667125	0.684811	0.191990	0.590310	0.514588	0.688587	0.478376	0.816388	0.988557	0.581609	0.341432	0.437014	0.002585	0.487425	0.969294	0.405186	0.307204	0.408594	0.552466	0.721124	0.943338	0.793921	0.564893	0.849990	0.080743	0.281669	0.707199	

Printing Matrix C
12.874904	14.148747	13.965663	14.931945	13.995257	15.015573	14.225415	13.970824	13.784839	15.613218	14.046150	12.977161	11.195613	14.004368	13.168211	11.679195	13.078395	13.560138	14.026526	11.233036	14.431085	14.268269	13.615148	13.691784	13.804837	13.735874	16.079785	16.483475	15.544107	13.147128	14.732987	16.303629	12.251710	14.745560	13.205276	12.936365	15.164768	13.481748	13.110497	13.977069	14.199347	14.544633	13.613073	14.852942	13.516429	14.089065	15.611412	11.882026	16.825423	12.632879	
11.819328	13.105256	11.006971	12.287524	11.764644	12.054310	12.763908	12.243277	10.176202	14.776999	13.103230	9.652167	10.317087	11.519602	10.755682	10.435915	12.369516	11.001766	12.414558	11.611757	11.559542	11.787003	11.594873	11.646229	13.041541	12.366982	12.662993	14.935844	11.711505	12.774447	11.294386	14.949946	12.741532	13.476069	12.717240	11.646740	12.171536	11.567342	11.122062	13.563179	12.959432	11.149611	11.725615	14.742302	11.839821	10.947986	12.974728	11.176094	13.854640	12.324153	
11.754927	13.304165	11.631884	13.606937	11.061783	11.794851	13.124461	11.308313	9.940194	12.940326	12.546761	9.892318	9.990281	11.957446	9.705724	10.868468	10.788386	11.712263	12.675796	10.825981	10.978648	11.215409	10.562508	11.594473	11.249770	11.533454	12.723316	14.601885	10.998095	11.313728	11.887951	13.993937	11.526578	12.096760	12.928330	11.457774	12.019619	10.499121	11.605172	11.416253	12.207688	13.057799	10.237666	12.238273	11.795442	10.632311	12.671881	10.112007	12.455032	11.622655	
11.896000	12.262076	12.005613	12.996846	11.056645	12.760198	12.317561	12.530525	10.900271	14.691232	12.295249	11.429624	10.087663	12.302773	10.660866	9.845000	12.277487	11.649901	13.019547	11.193078	12.070335	11.018382	12.498801	10.477592	11.172746	12.056410	14.018449	14.838894	12.856198	12.041385	12.620813	14.737889	11.752421	13.812116	11.659734	12.764706	12.860008	11.564512	12.620662	11.864949	13.780180	11.679060	11.416608	12.718402	12.008017	11.173826	13.592873	11.065550	13.787601	12.088292	
14.553473	14.071659	12.721876	14.409524	13.575474	13.947322	14.584491	12.775795	13.327126	15.685774	13.547256	12.682553	11.501939	12.965440	11.704390	11.337297	13.024390	11.787435	14.320272	12.907929	13.892215	14.243988	13.550241	12.285684	13.743247	15.098663	14.651645	16.780295	12.696477	12.409761	12.224475	15.640285	14.104121	14.873368	13.588142	13.039113	13.311314	13.496484	11.857245	13.734618	14.721195	13.933474	13.262147	14.737755	14.412949	12.400685	15.451040	11.996566	15.709909	13.917774	
12.129051	12.255778	12.721830	13.798601	11.677516	12.615373	12.862901	12.308007	11.694224	14.494468	12.940384	10.928781	10.184911	12.225497	11.456469	10.783838	12.648432	11.866230	12.563277	10.971151	11.327760	12.477386	13.023423	11.618829	11.999991	12.887288	14.543003	15.374755	13.185560	11.142365	13.117841	14.626079	13.254401	13.853415	13.010232	13.537892	13.426858	11.943138	12.011572	13.684000	12.746851	12.039928	12.619577	15.012352	13.175324	10.938760	14.819918	11.123098	14.497849	11.764947	
12.171068	13.141400	12.995437	14.899598	13.056612	12.128403	13.649884	12.350346	11.175121	13.640503	13.282363	12.455778	10.479422	12.340433	11.863655	11.498272	13.114895	12.327620	12.625199	11.359140	12.227920	12.555284	12.280202	11.839051	12.564437	13.291967	14.279296	15.263680	14.264771	11.441427	12.813674	13.998280	11.788002	13.232623	13.166227	12.648927	13.508936	12.322667	12.380856	12.026752	12.938144	12.849143	11.148680	14.108221	12.689533	12.162342	15.036027	11.005597	13.994604	13.031488	
10.751682	12.670864	10.761454	12.653502	12.109469	13.259076	12.394195	12.399869	12.329393	14.305632	12.221356	11.040863	11.105851	10.915224	10.522971	11.249432	12.692228	12.091507	11.762434	12.102300	12.511325	12.109056	12.227728	12.147382	13.129190	12.563481	13.357816	15.728612	11.888925	10.595680	11.471088	14.657029	12.414958	13.268234	12.917798	13.056120	12.838815	11.939853	10.730149	12.667616	13.050602	12.540351	12.124858	13.048314	12.245902	10.161449	13.885109	12.328589	14.136266	12.251346	
11.971805	11.719569	11.010329	11.637060	11.162398	11.704880	12.183086	11.332711	10.580470	12.441667	11.878972	10.043613	9.461968	12.240038	11.342652	9.350372	11.103835	10.631108	11.924904	10.658873	11.706484	11.363059	11.478939	11.069864	12.165557	11.609974	13.447140	13.829744	12.145929	12.331880	10.860212	14.763888	11.894260	12.492828	11.402007	11.881553	12.985047	11.444855	11.041070	12.843179	12.194883	11.277908	11.729539	12.759816	11.513106	10.223295	13.715217	10.804329	13.141197	11.648530	
10.804996	10.669720	9.602548	11.050358	10.512520	10.593387	11.192115	10.608349	10.288506	12.208436	11.355435	9.652928	8.830813	10.547070	10.006724	8.964645	10.038141	9.762803	11.200219	9.666363	10.668778	10.615610	10.736626	10.052266	10.283373	11.416024	12.690938	12.935849	10.702193	10.508849	10.369027	12.477951	11.349167	12.102785	10.702498	11.357074	10.961727	11.208481	9.747210	11.782159	12.560512	11.233244	10.739673	12.372474	11.224216	10.664155	12.217197	9.877040	11.794678	11.087458	
14.029717	14.416620	13.736942	14.304873	13.480199	13.795912	14.711044	12.629732	11.958588	15.155270	14.701158	11.991824	10.457444	14.396449	12.698590	11.399676	13.985686	12.750878	13.659535	12.376640	12.994873	13.668591	12.649837	12.666009	13.668628	12.763289	15.556906	16.477080	14.091807	12.777919	12.969349	15.929800	13.372217	14.244731	13.657797	13.376154	13.976148	12.191529	12.420669	13.914714	13.686831	12.350994	12.528058	14.635444	12.766779	12.202322	15.634633	11.753619	14.577512	13.673266	
10.660279	12.952389	11.908860	11.721552	11.175309	12.001103	12.430293	11.920287	10.674541	12.485028	11.904045	11.482426	9.156624	11.173933	10.488056	10.986580	11.652585	11.106640	12.705340	9.983008	10.936496	12.208515	10.944963	10.829303	11.950589	12.236772	12.534624	14.097581	11.610951	11.417034	11.276420	14.394907	12.017385	12.923484	12.666938	12.449575	11.011285	10.079378	11.532117	12.607441	12.283325	11.986839	11.861120	13.039519	10.377780	10.560242	13.064055	10.607502	13.215867	11.672977	
11.802891	12.663325	12.083740	12.697687	11.247734	11.730044	11.337219	11.779471	11.338294	14.528933	12.748295	10.808996	10.478831	11.934667	11.157901	9.993740	11.711954	11.576017	12.308049	12.010676	11.972813	12.269302	12.895573	11.700558	12.065066	12.835400	13.571942	14.879197	12.101306	11.397645	11.719700	13.915014	11.181560	12.989486	13.185779	12.525288	12.802260	10.925156	11.622692	12.243289	12.734850	12.211440	11.053003	12.252245	13.974660	11.722051	13.500393	11.881757	14.912107	12.366649	
11.048297	12.416157	10.546434	12.449037	11.181027	12.376175	12.484089	11.051008	10.394838	13.511012	11.445568	11.445839	9.362425	11.278350	10.528337	9.739238	11.458325	11.817780	11.374008	10.408121	12.653266	12.178575	11.516431	10.550535	12.164161	12.014237	12.759048	13.768730	12.137690	11.382103	10.823363	13.680921	10.799830	12.866545	12.127436	11.722637	11.793449	11.448833	10.967510	11.528931	11.681464	11.223201	11.648579	12.032435	12.078140	12.596009	12.315183	10.571028	12.638619	9.957843	
11.196826	11.184548	10.781560	12.545287	11.665426	12.761352	12.544827	12.029449	10.816224	13.677154	12.492336	10.114286	9.718622	10.458327	10.143146	10.272713	11.444319	10.300672	10.569843	10.129978	11.826632	11.086621	12.380861	11.937707	10.864162	11.904888	12.705266	14.968110	11.646252	11.311568	10.659217	12.509650	12.019572	12.008413	12.037368	11.149356	11.617391	10.615237	10.663824	12.202205	12.265947	11.305267	9.719480	12.625877	11.662645	10.957138	13.097186	11.106192	13.296951	11.874447	
13.786225	14.687168	14.022978	15.306450	13.916556	13.918144	14.011575	13.237640	12.462589	16.590562	14.980897	11.686114	11.308280	14.901443	12.577309	10.190269	13.789586	12.803782	14.271774	12.678485	13.525240	14.306814	13.078316	12.595731	14.741888	13.121635	16.077197	17.012720	14.183511	14.063588	13.208631	16.547285	13.299098	14.254356	14.503735	13.359201	15.208103	12.401096	13.448525	14.519586	14.562087	14.498420	12.710198	15.253043	13.012187	11.855415	14.922897	12.272737	16.506854	13.404430	
11.150224	13.399067	11.706265	12.258462	13.234417	12.442230	13.504425	12.217575	11.995508	15.013702	12.631926	11.813879	11.556343	11.832047	11.650711	11.483242	12.429635	13.190666	13.174176	11.530885	12.229926	14.088627	11.634647	12.300911	13.339518	13.946999	14.250481	16.545999	14.004837	11.341101	12.072481	15.158314	12.620825	13.703754	14.146941	12.168480	14.048173	12.384289	12.142207	13.685346	14.263519	12.960007	12.271562	13.429933	12.655928	11.677853	13.799127	11.297909	14.485492	12.323404	
11.342880	12.820231	11.104097	12.986998	11.981110	12.609633	12.617259	11.483391	11.523973	14.429485	12.797534	10.937750	10.437591	12.400466	10.582776	9.686657	11.837817	11.905895	12.549990	10.756727	12.817528	12.213442	12.991684	10.693371	11.397194	13.407538	14.437562	15.649349	13.354927	11.553431	12.939269	13.772535	12.164338	13.952938	11.547034	12.770024	12.954917	12.705709	11.409377	12.727902	12.020778	12.429767	12.511512	14.148284	12.946161	12.356749	13.432282	10.513940	13.965466	11.833847	
12.405324	13.876611	12.137449	13.178368	11.086287	12.734790	13.042515	12.082094	12.186092	14.952764	13.072925	10.958604	10.798910	12.938692	10.944576	10.717667	11.339713	12.953148	12.792323	12.012826	12.934733	11.846536	13.298493	12.285290	12.526997	12.759187	13.633891	14.895735	12.988287	11.145118	12.776306	14.971815	12.166103	13.602042	13.767196	14.443097	12.205305	11.030404	12.713074	12.971120	13.693936	12.629267	11.052951	13.614883	14.223906	11.903662	14.033552	10.728430	13.314978	12.280540	
12.595434	14.948115	12.975739	14.349439	13.764254	13.848930	14.896895	13.141744	11.987034	16.028336	14.271624	11.994718	11.981433	13.967664	11.586559	12.251920	13.825757	13.053975	13.819659	12.646452	12.737923	12.790172	12.926897	13.829029	14.342263	13.853618	14.860112	16.176035	14.817522	13.496757	13.535922	16.808841	12.925073	15.305727	14.185294	14.518429	13.604643	13.737499	13.038943	13.562321	15.168854	14.093892	13.666061	15.321301	14.164148	11.934749	15.244349	12.938101	15.654208	13.770209	
10.269082	11.139714	11.216747	11.292577	11.159816	10.455949	10.956338	11.458536	9.861260	12.728124	11.491863	9.603046	8.317714	11.003668	10.263194	10.010059	11.309735	10.197624	10.659186	8.847160	11.470498	11.417541	11.275213	10.925056	11.157728	10.740685	12.356575	15.264685	12.678346	11.100624	11.429746	13.141282	10.507450	11.040788	12.017635	10.689744	12.910767	9.955721	10.352778	12.118695	10.991728	10.428903	11.018909	11.922784	11.503436	9.759559	13.144189	10.232109	13.161311	10.391651	
11.814172	13.210806	12.040963	13.012100	11.446662	12.070490	12.217917	11.402004	11.005701	14.370536	11.572858	10.423668	10.600571	11.988334	10.478139	10.197489	11.285090	11.534666	12.431296	9.918608	12.260861	11.418739	12.031285	10.953122	10.965308	12.096529	12.734811	14.276306	12.147821	11.694219	11.550159	14.268700	10.751555	12.706178	12.141010	12.185394	11.912175	10.756788	12.203452	13.432881	12.330196	11.554047	10.771699	12.819557	12.935044	11.801216	13.403359	9.697899	14.501967	10.580509	
12.491530	13.468997	12.902485	14.613226	13.420224	12.661090	13.058874	12.488294	12.660985	14.465406	11.780461	10.956392	10.130660	12.428038	12.395366	11.631912	11.481641	12.159104	12.808835	11.208665	13.511973	12.534200	11.932520	12.293273	12.914646	12.841864	14.511313	15.329620	12.615655	11.677960	12.258457	14.871838	12.740506	14.917996	14.418603	12.796114	12.423649	12.875434	12.307993	13.491457	14.043836	13.983546	12.533897	14.060099	13.747102	11.416505	14.353797	10.946247	13.857974	13.389694	
10.406110	11.969612	11.325725	11.955247	10.333059	11.500696	11.637957	10.852922	10.789628	13.204864	11.961904	9.720991	10.417167	11.376827	9.402514	9.620702	10.172456	11.331733	12.051392	11.248018	11.196194	11.318710	11.421592	10.805419	11.467212	12.692187	11.237767	12.958750	11.658856	10.287329	10.668789	12.653509	11.103446	11.817207	12.149904	12.200363	10.714335	10.914198	10.353769	11.308769	11.911745	11.639265	10.478752	12.460287	12.164124	10.603529	12.573986	11.268881	12.402412	11.666827	
10.575165	12.042056	10.339365	12.007540	10.875890	12.034564	12.205997	11.768268	10.507454	12.533810	12.678436	10.269581	10.277795	11.452692	10.756260	10.404698	11.926309	11.703022	10.532614	10.202858	11.028697	11.695810	11.282208	11.746429	12.195643	11.379367	13.973659	13.183657	12.761635	12.044333	11.656875	13.668474	10.816137	12.053894	10.766369	10.659727	12.597579	11.750970	11.049163	11.151878	11.750917	10.336582	11.053368	13.246133	11.913567	11.162651	13.237444	10.573332	13.375364	11.047946	
13.382580	14.383506	12.398241	14.052546	13.381980	13.688901	13.989999	13.181751	11.940635	14.684983	14.608311	12.561391	11.657162	13.361133	11.453398	11.225683	13.862267	11.946378	12.933934	12.150850	14.139629	14.986013	13.242063	12.654863	14.308346	14.315269	15.148958	16.713858	13.832040	13.842261	12.146832	16.394317	14.154143	14.312400	13.874118	14.065538	14.018436	13.410797	12.677759	14.769570	13.390731	13.229523	13.791470	14.725496	13.959133	11.785725	16.306291	12.826801	16.192941	12.714327	
10.533126	12.104415	10.435947	11.144336	10.786374	11.330658	11.533341	10.797768	9.669256	12.134504	11.375539	10.275570	9.389438	11.027119	9.951310	10.656972	10.665951	9.990917	11.707284	9.987536	11.511037	10.677251	10.450275	9.714770	11.869944	11.439053	11.617952	14.078770	11.413143	11.001922	11.485073	13.752682	10.656071	11.572633	12.190830	10.936629	11.468462	10.251083	9.551648	11.605105	12.174055	11.295446	11.135848	12.113049	11.173113	9.688894	12.391372	10.245518	12.084697	10.516669	
12.219723	13.708646	12.486647	13.603243	13.050603	13.353939	13.633190	13.012284	12.155335	15.538406	12.857367	11.417970	11.977908	12.849297	11.348653	10.908396	12.457358	12.708951	12.033216	11.703343	13.204816	13.099326	12.545104	13.505494	14.295982	13.655216	13.942463	15.551380	13.589922	11.989224	11.736495	15.487327	11.372404	14.275252	13.111633	12.779238	14.014600	12.766139	11.030234	13.614684	13.227586	12.287431	13.155150	13.529719	12.388773	10.968458	14.753157	13.353445	15.258009	12.726228	
11.788305	12.467998	13.151435	13.424844	12.062738	12.866772	12.386543	11.932452	12.681322	14.301197	13.277317	10.608343	9.764136	12.767239	12.604277	9.922139	11.574832	12.031219	11.723463	10.534762	11.869349	12.966126	12.354756	12.458729	12.208707	12.550267	15.534768	15.541467	12.992203	11.819946	12.655684	14.800769	12.574031	12.847627	13.975271	12.688145	14.361864	11.146872	12.834712	13.281679	12.121402	13.158206	11.538681	13.855026	12.989854	11.476154	13.755108	10.705319	15.019940	12.461746	
11.539471	12.973132	12.421215	12.920159	12.134757	12.422483	13.225428	11.693218	11.428884	13.816609	12.179917	11.563518	10.519852	12.214113	11.097308	10.203680	11.869235	11.258581	11.844125	10.825727	12.489270	11.326248	11.050375	12.017659	12.649715	12.358680	12.817895	14.255549	13.297441	12.306556	11.737104	15.228273	12.012288	12.851156	12.443118	12.388813	12.446409	11.458958	10.726367	12.462561	13.467059	12.938353	10.954215	13.394590	12.596820	11.360007	13.546081	11.586116	12.857357	11.838412	
13.039802	13.444403	13.638484	14.408023	13.040070	13.853132	12.982358	12.669596	11.999099	14.446142	14.076451	12.141136	11.174438	12.923302	11.664207	12.408273	12.245176	12.289243	13.533259	11.175268	13.929500	13.459029	13.475917	12.617758	13.733405	13.528353	14.599909	15.742359	13.557122	12.457835	12.846347	16.187730	12.896862	13.935698	13.669289	12.963426	13.117593	12.103610	12.443923	13.824855	13.816013	13.668907	13.069599	14.104716	14.553344	12.671385	14.827668	11.962337	16.143810	12.499161	
14.115855	14.929922	14.307491	15.725646	14.828648	15.442173	13.675289	14.155026	13.866912	16.501287	15.198138	13.947338	11.375772	14.114304	13.828589	12.556987	14.427108	13.479275	14.160034	12.164377	15.346084	15.155970	14.455089	12.635686	14.938019	14.944507	16.769538	17.734257	15.564567	14.293320	14.424263	16.546418	13.285164	15.316744	15.098499	15.263926	15.524452	13.917553	14.697027	14.763926	15.456633	15.105741	14.021806	14.251319	15.830213	13.466987	17.467667	13.013307	17.557054	13.901414	
11.637856	13.135120	11.964396	13.092282	12.464730	12.345125	13.786089	13.329438	11.889861	13.790692	13.162683	11.465851	10.985503	12.259444	12.248645	11.390541	12.762444	12.716292	12.967975	11.690862	12.006025	13.525434	12.489816	11.432605	12.909134	13.817901	15.343990	15.694481	12.703795	12.005314	13.336837	15.924748	13.115029	13.858061	11.592385	13.737352	13.599814	11.957029	12.355224	13.621735	13.958458	12.602104	12.633488	14.214119	13.053912	11.525775	13.794962	10.515758	14.020676	13.499622	
11.406876	12.079110	10.755222	12.151545	11.276833	12.929319	12.443313	12.697959	11.638747	13.436847	12.618435	9.716067	9.860390	11.588381	11.137553	10.747035	10.905900	11.338980	11.737545	10.639158	12.070432	11.337111	12.346292	11.163178	12.109661	11.932232	13.467580	15.349439	11.478135	11.335694	11.980841	14.173003	12.149125	13.746262	12.111522	12.554724	12.395978	11.143867	11.039819	13.237439	12.880498	11.270132	12.034394	12.558859	11.949961	10.298813	12.972087	11.542315	12.790370	12.024248	
13.052235	13.891040	12.783932	13.742893	12.733194	12.886561	13.620300	13.306594	11.955488	14.642502	13.396625	12.528470	10.538557	13.402063	11.923158	12.664220	12.740777	12.959797	14.224511	11.504089	13.216398	14.991266	13.976567	12.349056	14.281417	15.470282	15.654210	16.747649	14.015656	13.386926	13.102477	15.736375	13.722744	14.396605	15.229223	14.201875	14.275316	13.667445	13.023392	14.601271	13.692968	13.128316	15.376747	15.557102	13.865025	12.245385	16.227545	13.237149	16.243734	13.084688	
9.904118	12.244718	10.753534	12.844340	12.026314	11.490615	11.530719	11.022907	10.202381	12.755701	11.164699	10.885160	9.227706	10.947854	11.336275	10.605501	12.316853	10.765514	9.745361	10.003038	12.205127	11.014660	10.722584	10.877030	12.172269	11.513907	13.015144	13.564520	11.764619	11.814835	11.255657	14.401989	11.070886	12.079830	12.071976	11.791955	11.705462	11.690091	10.517479	11.403264	11.142474	11.564549	11.449033	12.316557	12.042294	10.921258	12.659922	11.279618	12.901801	10.871503	
14.076134	15.169844	12.212547	14.256922	13.323747	14.318541	14.311806	13.561389	12.188315	15.617797	13.832242	12.908239	11.381361	13.557014	11.794746	10.637929	13.843272	11.716579	13.675334	12.534652	13.434307	13.645534	13.464639	12.236176	14.178358	14.174202	15.877548	16.628578	14.381698	13.453446	13.033108	15.626992	12.712991	15.344151	13.526967	13.912024	14.777672	13.716250	13.306376	14.538274	14.363738	12.503705	13.098023	15.036884	13.744123	13.295540	15.205910	11.745713	15.986441	13.569851	
14.871695	14.759246	13.737766	16.053900	13.485213	15.276714	14.773870	14.184368	12.873780	17.260792	15.390663	13.252668	11.064001	13.771456	13.131542	12.715465	15.117790	13.571377	14.978083	13.844718	14.222043	14.417243	14.001155	12.097612	14.615479	14.936859	16.598413	18.093279	13.939412	14.582726	14.496929	17.300565	15.664406	16.050487	15.433149	15.080889	14.618761	14.830228	13.582513	15.961883	14.996915	14.324919	15.280092	16.979446	14.595415	13.574009	17.580793	13.124624	17.298506	14.743137	
12.441560	13.960571	12.001716	14.125428	11.856914	12.544173	13.651206	12.284260	11.111718	14.567060	14.215909	11.811794	10.376151	12.757360	11.209683	10.937254	12.402174	11.967050	14.224937	12.181529	12.332222	12.993723	12.919671	11.009603	12.243890	14.464122	14.786696	15.667984	12.808431	12.214482	12.592814	13.555256	12.273310	14.684958	14.019452	14.040701	12.712957	12.111275	12.347910	13.357300	13.886839	13.799312	12.759699	15.108850	12.895377	13.198914	14.773893	10.957751	14.265475	13.259771	
9.861873	11.102741	10.240366	10.722328	9.603337	10.425370	10.723346	10.237497	9.345679	11.401431	10.483980	9.926899	8.194628	10.519336	9.199773	8.879915	9.883317	10.111597	11.451234	9.709206	10.587895	10.513149	10.800214	8.638036	10.237448	11.056215	11.447467	12.872021	10.556078	10.059023	10.140442	11.859959	9.396472	10.984707	10.363492	10.879580	11.063640	8.691167	9.041607	10.977666	10.043892	10.363781	10.134987	10.735238	10.028831	10.768052	10.997865	9.987171	11.117148	9.765614	
12.588626	12.125752	11.369092	12.646740	11.370974	12.825293	12.272214	11.972835	11.124977	13.554922	13.644068	10.819886	9.930519	11.973893	10.895895	10.490247	11.745392	11.512269	11.920971	10.278018	11.637123	12.254239	12.506567	11.638699	12.722750	11.865356	14.316743	14.746778	12.868332	11.555997	13.036811	15.254419	11.921401	12.931678	12.196990	12.156306	13.117982	11.837391	11.613902	13.027270	12.891754	12.445974	11.798601	13.513498	13.470843	11.748942	13.897363	10.376255	15.066770	11.528266	
11.998438	13.421678	12.533119	12.382354	11.944112	12.965243	13.427007	13.226485	12.892216	14.657777	14.052720	11.352411	9.503286	13.111153	13.510094	11.169729	13.045207	12.348649	12.194525	12.394780	11.636079	13.367571	12.443427	12.095805	13.128803	13.130336	15.865974	15.850412	13.182042	13.099603	12.858801	15.378630	13.290891	14.325053	14.520521	13.310066	13.693491	11.407280	13.269053	14.092190	13.636005	11.920526	12.545760	14.725509	12.767934	10.789938	15.021247	11.356304	14.896774	13.846650	
12.689411	14.085958	12.558271	12.861785	11.325936	13.756736	13.936521	12.557913	11.770972	15.656332	12.975971	11.876526	10.816627	13.017779	10.978416	10.895992	11.341489	12.426148	13.346544	11.530341	12.216890	13.225957	13.282747	11.863227	13.308547	14.028918	13.984103	15.391601	12.713685	12.653111	12.320930	14.737287	13.763604	15.226362	14.542569	13.775567	13.607026	11.899571	11.984973	13.908481	13.783152	12.409294	13.210361	15.163187	12.856245	12.526496	14.313496	12.077179	13.623159	11.323947	
12.694079	12.330746	12.834878	13.971053	12.449270	13.046008	13.308144	13.098531	11.686585	14.730464	13.079574	11.579524	11.333297	12.777697	12.503486	10.343250	12.435901	12.317672	12.260698	12.062864	12.359038	12.668934	13.233723	12.118317	13.189186	13.636485	15.863085	14.799603	13.664211	12.510470	12.830897	15.419988	13.051181	13.672011	12.083112	13.313892	14.623569	12.253858	12.553563	13.649974	13.947237	11.772684	11.723248	14.638120	13.273839	12.278547	13.812583	11.917102	14.203112	12.380664	
12.612549	12.784595	12.916178	14.033489	11.774365	13.443346	12.008808	12.894918	11.641177	14.866928	13.172051	10.463180	9.680213	12.227187	11.596402	11.730859	12.403499	12.187054	13.900757	10.973111	12.391385	13.005509	13.275668	10.137319	12.749366	13.347472	14.090002	15.230048	12.146971	11.760676	13.512671	14.045943	13.107317	12.897692	12.731012	12.595134	12.662777	11.686640	13.512784	13.537458	13.765237	11.633724	12.141609	13.976647	12.644756	11.717078	14.344592	10.295626	15.092352	11.675297	
13.558713	14.706437	13.847566	14.247109	14.250919	14.113963	14.710587	12.935863	12.945346	15.035267	14.471888	12.088068	12.891073	13.823139	13.139460	12.662546	12.705636	13.521826	15.553971	12.578871	13.417590	14.563307	13.436697	13.607162	14.270931	15.479434	15.765943	17.084949	14.602074	13.955862	12.698121	15.924706	13.603647	14.499330	14.888891	12.543812	14.958384	13.917185	13.469871	14.404990	13.782056	14.058704	14.168448	15.098584	14.742024	12.983809	15.485414	13.258144	16.568282	13.846967	
13.955893	14.185925	12.437253	14.102386	13.292687	13.521684	14.979417	13.010547	11.433478	15.719013	14.059336	12.246903	11.101595	12.556082	11.091092	11.809346	12.392018	12.115465	13.621161	11.356045	13.058118	13.278130	12.789349	11.950395	11.991384	13.799343	14.812879	16.945298	12.644481	13.488594	12.477662	14.697260	13.961981	14.339288	13.165986	12.189546	13.218928	12.488614	11.902843	14.062663	13.761636	12.896570	11.951891	15.154449	13.874113	11.930515	14.765699	11.674780	14.134392	12.818500	
11.682330	12.581317	12.191480	13.982372	12.166916	12.512181	12.457843	11.722903	11.337247	14.431447	12.774891	11.257080	10.446387	12.413730	12.032875	10.350378	11.998505	11.513020	12.590443	12.207833	11.617057	11.572120	12.569765	12.107471	11.706873	12.706837	14.357417	14.859654	12.778939	11.432715	11.452704	14.382934	12.418910	14.128082	12.866076	13.363523	13.556328	11.582326	11.816762	12.841754	13.335393	12.371463	10.968228	12.184378	12.516152	12.958923	12.771799	11.945581	13.249209	13.093484	
MPI_Wtime measured for total run by process 1 = 0.026673
MPI_Wtime measured for total run by process 2 = 0.026385
MPI_Wtime measured for total run by process 12 = 0.025966
MPI_Wtime measured for total run by process 17 = 0.027054
MPI_Wtime measured for total run by process 22 = 0.027066
MPI_Wtime measured for total run by process 23 = 0.027090
13.137930	12.076232	11.817501	12.993534	11.646488	11.929467	11.655940	11.083110	10.887599	13.103492	12.650173	10.437684	10.016862	11.898160	10.899001	10.377295	11.278429	10.676014	13.048757	11.231083	12.892027	12.645117	12.692671	11.269193	11.729275	12.794861	14.024246	14.946990	12.534425	11.464065	11.904123	13.429841	12.423237	13.267807	12.823847	12.295793	11.991444	12.266835	10.987556	13.064508	12.508135	12.539497	12.390092	13.448249	14.336889	11.169338	15.088210	11.064459	14.217424	11.928284	
12.988359	13.783582	13.631975	14.009485	13.548138	13.127017	14.265055	12.519160	11.426626	15.044351	14.567355	12.016613	10.378448	13.570962	11.644622	11.846110	12.483013	13.349839	13.383325	11.157462	13.057529	13.545514	13.301702	12.555466	13.825357	14.499675	14.276282	16.148287	14.748533	12.758582	13.524476	14.752055	12.813754	12.990445	14.084947	13.218066	13.140648	12.344376	13.218113	13.187257	13.446933	12.976492	12.350007	14.450099	13.194856	13.491708	14.642994	11.963075	15.153522	12.612938	
The results Matches
MPI_Wtime measured for total run by process 5 = 0.025922
MPI_Wtime measured for total run by process 8 = 0.026732
MPI_Wtime measured for total run by process 9 = 0.025721
MPI_Wtime measured for total run by process 10 = 0.026441
MPI_Wtime measured for total run by process 11 = 0.026097
MPI_Wtime measured for total run by process 14 = 0.026281
MPI_Wtime measured for total run by process 16 = 0.026815
MPI_Wtime measured for total run by process 18 = 0.027174
MPI_Wtime measured for total run by process 19 = 0.026902
MPI_Wtime measured for total run by process 20 = 0.026634
MPI_Wtime measured for total run by process 21 = 0.026724
MPI_Wtime measured for total run by process 24 = 0.027025
MPI_Wtime measured for total run by process 3 = 0.026452
MPI_Wtime measured for total run by process 4 = 0.027012
MPI_Wtime measured for total run by process 6 = 0.026189
MPI_Wtime measured for total run by process 7 = 0.026300
MPI_Wtime measured for total run by process 13 = 0.026844
MPI_Wtime measured for total run by process 15 = 0.026577
