MPI_Wtime measured for total run by process 0 = 0.110755
Total time by each process = 3.509368  And Average = 0.097482 
Printing Matrix A
0.932523	0.399333	0.327535	0.832966	0.628833	0.327159	0.475648	0.862016	0.791447	0.316321	0.993093	0.832280	0.050747	0.156359	0.910956	0.160069	0.473741	0.540954	0.469095	0.158059	0.021866	0.185728	0.599969	0.277677	0.861451	0.191933	0.208229	0.538450	0.921506	0.497429	0.517117	0.675941	0.216899	0.792134	0.590815	0.783923	
0.435410	0.110196	0.017394	0.426797	0.981870	0.733390	0.642942	0.449075	0.966649	0.396910	0.604001	0.474624	0.289746	0.506895	0.216950	0.493242	0.260470	0.687740	0.991310	0.156710	0.733266	0.163280	0.161940	0.940657	0.558859	0.612355	0.410418	0.983761	0.353736	0.580725	0.781475	0.223047	0.677405	0.319809	0.025324	0.641896	
0.366619	0.134800	0.417531	0.657148	0.413024	0.139249	0.356481	0.523606	0.613666	0.280904	0.178299	0.437086	0.414738	0.524420	0.233414	0.198653	0.971492	0.128591	0.408910	0.365412	0.055241	0.645377	0.627671	0.121939	0.273314	0.636478	0.906794	0.307317	0.830459	0.761595	0.998054	0.663904	0.293701	0.358568	0.578234	0.524546	
0.228640	0.045196	0.338905	0.097648	0.569978	0.063832	0.807691	0.798304	0.202887	0.702022	0.520146	0.170486	0.158421	0.516459	0.253033	0.370129	0.210926	0.337985	0.582460	0.162050	0.169759	0.629210	0.597032	0.615599	0.987412	0.000859	0.683547	0.321406	0.700399	0.578623	0.878869	0.435105	0.364077	0.639626	0.208723	0.098975	
0.027559	0.355932	0.155698	0.424511	0.289152	0.650667	0.596715	0.814667	0.809937	0.250546	0.342042	0.778601	0.458741	0.652657	0.219905	0.045945	0.479817	0.872056	0.373409	0.778624	0.721936	0.635260	0.401365	0.615766	0.843218	0.900108	0.551962	0.891380	0.096937	0.678166	0.295669	0.564306	0.125989	0.411000	0.732929	0.161959	
0.618916	0.773517	0.247147	0.231582	0.255593	0.275625	0.810400	0.818258	0.711042	0.224179	0.220536	0.782196	0.224848	0.845922	0.382820	0.412641	0.805100	0.022016	0.575440	0.142612	0.385289	0.638589	0.585242	0.103026	0.953271	0.302995	0.115691	0.520331	0.278387	0.298315	0.374134	0.662943	0.897114	0.231481	0.938558	0.303587	
0.792329	0.519536	0.399023	0.673856	0.949766	0.526102	0.062041	0.405995	0.412687	0.001634	0.415266	0.966055	0.349537	0.784935	0.571628	0.611942	0.030698	0.741529	0.754039	0.782016	0.392234	0.769262	0.354552	0.794703	0.879567	0.554059	0.460915	0.607214	0.717650	0.098546	0.480671	0.653235	0.841965	0.941090	0.810147	0.299808	
0.031225	0.656657	0.244327	0.153015	0.247697	0.418728	0.227188	0.519062	0.418091	0.234116	0.328096	0.410130	0.282113	0.766064	0.074327	0.294642	0.134942	0.491328	0.402658	0.503164	0.351417	0.358966	0.947835	0.523443	0.495637	0.264687	0.644909	0.993793	0.026038	0.019282	0.825729	0.205915	0.265222	0.339942	0.341585	0.318235	
0.764999	0.271607	0.555229	0.078760	0.552609	0.874598	0.018265	0.124540	0.628248	0.144666	0.457745	0.414649	0.047825	0.390848	0.597697	0.082412	0.386283	0.075530	0.149070	0.992378	0.497737	0.899196	0.735367	0.560304	0.167557	0.817593	0.055552	0.348270	0.986833	0.492787	0.448201	0.947226	0.929218	0.775996	0.177046	0.779967	
0.635349	0.190784	0.702899	0.734331	0.456058	0.495759	0.784166	0.614986	0.583148	0.355529	0.682972	0.865832	0.325511	0.690478	0.410202	0.177339	0.149608	0.416267	0.119211	0.722962	0.702521	0.086879	0.062750	0.257686	0.809638	0.677246	0.915970	0.104800	0.184907	0.744037	0.265724	0.640661	0.289500	0.267838	0.207526	0.983981	
0.209521	0.396734	0.772725	0.918169	0.267635	0.074972	0.138494	0.425085	0.975051	0.918510	0.090499	0.656106	0.616099	0.788711	0.914744	0.733672	0.843552	0.396536	0.784826	0.198638	0.910120	0.236065	0.453383	0.372015	0.830272	0.669208	0.849695	0.300770	0.249258	0.289418	0.862173	0.288267	0.153496	0.322001	0.999508	0.990783	
0.794250	0.958242	0.887997	0.676066	0.620781	0.639040	0.670589	0.936271	0.029292	0.083850	0.248780	0.597189	0.056920	0.340598	0.439829	0.966057	0.558228	0.481712	0.254556	0.164495	0.503053	0.345815	0.743346	0.093490	0.507775	0.664102	0.549457	0.158830	0.180481	0.662806	0.830809	0.854389	0.553163	0.835263	0.493879	0.683056	
0.803294	0.170574	0.310956	0.319277	0.441404	0.575286	0.244670	0.597239	0.233545	0.045461	0.888908	0.453391	0.235951	0.249789	0.288413	0.726762	0.961716	0.638346	0.161400	0.091404	0.941001	0.593666	0.400807	0.610822	0.450949	0.698706	0.556133	0.781928	0.440752	0.521914	0.964563	0.820872	0.146012	0.198952	0.416841	0.910216	
0.957047	0.543514	0.694786	0.992207	0.810618	0.485593	0.843011	0.158835	0.299238	0.012928	0.929425	0.190079	0.293019	0.382849	0.679387	0.067703	0.796947	0.994288	0.765552	0.637470	0.677408	0.942921	0.390583	0.804181	0.782506	0.953621	0.650910	0.787368	0.532732	0.653789	0.463283	0.848553	0.332709	0.751964	0.829336	0.674431	
0.512496	0.027163	0.719109	0.592900	0.648453	0.213547	0.690222	0.243291	0.171133	0.435072	0.618571	0.894646	0.126466	0.049541	0.036044	0.462547	0.341325	0.451620	0.321054	0.562050	0.591041	0.268870	0.776512	0.504216	0.409240	0.582061	0.222914	0.979092	0.123318	0.305183	0.752605	0.707903	0.257440	0.154365	0.204043	0.548000	
0.492011	0.076347	0.329030	0.216168	0.519852	0.766082	0.274936	0.092146	0.773806	0.557615	0.165059	0.620341	0.425041	0.000992	0.491120	0.424168	0.365861	0.251655	0.081079	0.433162	0.266052	0.343697	0.944417	0.939241	0.833172	0.244635	0.762375	0.420730	0.639682	0.816499	0.970713	0.113933	0.741182	0.031465	0.833411	0.423192	
0.663871	0.640451	0.202733	0.326512	0.076550	0.034136	0.436123	0.026341	0.876588	0.206606	0.083507	0.183875	0.686127	0.646950	0.679968	0.619002	0.837032	0.952127	0.839146	0.075669	0.849785	0.754620	0.564672	0.361712	0.623801	0.288561	0.888858	0.531997	0.687777	0.094523	0.249090	0.711583	0.972978	0.125886	0.942349	0.727819	
0.311360	0.078042	0.263400	0.317292	0.008073	0.594508	0.078289	0.471916	0.305453	0.133810	0.279964	0.640664	0.509104	0.065066	0.968104	0.243587	0.275324	0.155497	0.761384	0.425924	0.078642	0.666388	0.146937	0.922996	0.704742	0.006932	0.902200	0.237648	0.414145	0.862756	0.095599	0.661714	0.427972	0.909646	0.290001	0.958813	
0.356001	0.525572	0.763504	0.955328	0.505374	0.452952	0.609855	0.818877	0.993314	0.406250	0.787977	0.459835	0.885176	0.405305	0.705050	0.543819	0.989318	0.563990	0.517959	0.221068	0.481577	0.430907	0.364620	0.115433	0.931417	0.446847	0.589647	0.935343	0.276163	0.650001	0.704766	0.042264	0.263211	0.446906	0.125571	0.804503	
0.341994	0.698580	0.485193	0.064548	0.335696	0.136004	0.418076	0.400167	0.411995	0.675452	0.243987	0.810846	0.323970	0.288368	0.925726	0.056689	0.328281	0.974334	0.569283	0.230085	0.550276	0.830322	0.437437	0.662590	0.280657	0.966193	0.055758	0.031842	0.034791	0.829269	0.413081	0.228237	0.641227	0.554837	0.241452	0.115489	
0.151011	0.760079	0.176300	0.437880	0.760711	0.981601	0.181112	0.196197	0.333653	0.176420	0.911423	0.488096	0.607227	0.763161	0.827855	0.640406	0.824461	0.567313	0.823155	0.457719	0.409266	0.400335	0.452762	0.806281	0.621997	0.533149	0.387357	0.086071	0.064179	0.843262	0.727882	0.870899	0.884154	0.553105	0.443404	0.291175	
0.450143	0.443049	0.288042	0.689321	0.232030	0.443460	0.243716	0.613971	0.378763	0.199928	0.940902	0.658988	0.509039	0.532365	0.222916	0.805114	0.515050	0.575966	0.497492	0.713131	0.487757	0.348909	0.686122	0.039368	0.420114	0.171530	0.310123	0.186073	0.042610	0.771605	0.541977	0.938586	0.824881	0.860118	0.779839	0.051894	
0.729841	0.999069	0.363684	0.480849	0.277734	0.144815	0.482896	0.407019	0.049325	0.791033	0.755342	0.648328	0.244171	0.902595	0.081696	0.291606	0.355292	0.227501	0.329113	0.502774	0.360728	0.194703	0.978476	0.369131	0.780345	0.619103	0.889783	0.115910	0.775877	0.157965	0.972993	0.669111	0.740247	0.047260	0.604962	0.676205	
0.197623	0.809315	0.472630	0.203900	0.338610	0.788662	0.090433	0.362348	0.923076	0.723883	0.969884	0.224353	0.289605	0.779490	0.821648	0.860257	0.326604	0.195370	0.848018	0.052208	0.222272	0.415021	0.745442	0.179015	0.297682	0.564586	0.295892	0.977696	0.060554	0.480064	0.212882	0.901473	0.009893	0.338719	0.496112	0.044539	
0.231797	0.031090	0.236929	0.645756	0.113003	0.802176	0.999283	0.994392	0.537059	0.942038	0.814777	0.289426	0.940354	0.682582	0.019071	0.154851	0.186680	0.228107	0.396045	0.958219	0.084206	0.917942	0.540268	0.143325	0.386790	0.827268	0.928875	0.026237	0.744838	0.305694	0.435940	0.014777	0.646486	0.046229	0.116747	0.551579	
0.764844	0.284442	0.381855	0.382439	0.513131	0.970211	0.326400	0.311234	0.705268	0.835147	0.077473	0.763828	0.092807	0.766490	0.814505	0.410507	0.787590	0.884460	0.122716	0.938089	0.476606	0.077853	0.904749	0.874244	0.006015	0.751225	0.559314	0.807447	0.325110	0.861674	0.892006	0.718963	0.967130	0.849040	0.870322	0.725694	
0.695430	0.149934	0.192633	0.210197	0.733570	0.282135	0.476475	0.945004	0.663520	0.941199	0.078860	0.235122	0.263584	0.135836	0.871291	0.480834	0.665076	0.166900	0.654947	0.056356	0.338519	0.681400	0.428073	0.616580	0.433083	0.647119	0.217941	0.557933	0.966402	0.615431	0.555298	0.404414	0.727034	0.078082	0.948411	0.770498	
0.472929	0.101925	0.078303	0.992595	0.276284	0.023329	0.521954	0.975750	0.275031	0.326050	0.687447	0.050703	0.301778	0.796463	0.263223	0.537120	0.018860	0.637154	0.357551	0.608549	0.269464	0.128059	0.213141	0.279775	0.694990	0.318501	0.336288	0.796918	0.497989	0.888256	0.160342	0.497365	0.064422	0.276364	0.764269	0.055807	
0.516793	0.825151	0.287675	0.218105	0.710750	0.365101	0.905810	0.685105	0.755400	0.165011	0.998737	0.094943	0.796895	0.485132	0.256221	0.594896	0.724805	0.502948	0.524972	0.995145	0.257658	0.282760	0.522265	0.567267	0.541227	0.193406	0.394654	0.603124	0.659657	0.752713	0.629194	0.688892	0.767657	0.366479	0.912893	0.528351	
0.721870	0.334019	0.778977	0.521800	0.633564	0.860168	0.003555	0.219767	0.551547	0.579090	0.320091	0.534740	0.459823	0.380376	0.262844	0.543266	0.719839	0.228848	0.778571	0.819019	0.465854	0.440353	0.142478	0.132622	0.632601	0.874766	0.979695	0.040439	0.310726	0.812233	0.329542	0.558283	0.232784	0.548197	0.537779	0.423490	
0.046403	0.473042	0.523963	0.882905	0.317375	0.109255	0.167177	0.736587	0.570509	0.051472	0.904319	0.949432	0.396885	0.148459	0.864844	0.938297	0.435793	0.100127	0.017001	0.116320	0.740703	0.631447	0.375269	0.385782	0.916854	0.845829	0.047009	0.958278	0.292889	0.378558	0.678687	0.068980	0.728193	0.074235	0.152140	0.079571	
0.416131	0.800722	0.079052	0.737178	0.623759	0.817081	0.378268	0.114661	0.882095	0.828891	0.810075	0.675261	0.066979	0.283463	0.940052	0.111961	0.074052	0.147582	0.099187	0.149011	0.467767	0.393713	0.741450	0.517192	0.001595	0.184327	0.243954	0.349937	0.609085	0.530051	0.996434	0.905319	0.554695	0.223590	0.937662	0.376828	
0.338693	0.251463	0.278916	0.703689	0.114738	0.092180	0.747603	0.669625	0.075517	0.905825	0.841688	0.142437	0.864045	0.050265	0.738629	0.207135	0.197635	0.157466	0.227254	0.757062	0.749170	0.700685	0.291360	0.853461	0.569987	0.438828	0.570430	0.808058	0.947291	0.236182	0.285417	0.763242	0.901916	0.959604	0.781862	0.471163	
0.565909	0.027805	0.542158	0.224146	0.640552	0.523819	0.244238	0.645457	0.190201	0.877450	0.324957	0.958670	0.561400	0.356044	0.634941	0.874293	0.999054	0.058119	0.783364	0.653356	0.945238	0.634898	0.509052	0.381006	0.161995	0.174870	0.899148	0.713826	0.051815	0.803809	0.897076	0.887606	0.580200	0.437341	0.227990	0.787481	
0.267871	0.362705	0.702735	0.476176	0.002167	0.351683	0.784587	0.361862	0.135378	0.523158	0.843772	0.928583	0.356489	0.787537	0.456620	0.757707	0.997398	0.501414	0.864122	0.564864	0.628636	0.767604	0.982055	0.249624	0.295135	0.149886	0.183545	0.562881	0.444392	0.124513	0.925437	0.625503	0.002631	0.622968	0.104508	0.733042	
0.104378	0.146367	0.630111	0.203865	0.168773	0.064154	0.432219	0.892352	0.977453	0.777623	0.899084	0.825724	0.530045	0.768468	0.636525	0.367697	0.002156	0.827336	0.910055	0.557514	0.384952	0.431145	0.248703	0.693783	0.340362	0.129045	0.874533	0.141161	0.403462	0.039130	0.411139	0.780890	0.920891	0.045563	0.639427	0.909773	

Printing Matrix B
0.651433	0.697475	0.909693	0.356782	0.647947	0.087799	0.114751	0.780162	0.813708	0.800516	0.614231	0.683906	0.897293	0.238452	0.822308	0.843479	0.559402	0.801276	0.373920	0.097929	0.485218	0.497514	0.047743	0.391417	0.593998	0.854544	0.024213	0.258976	0.694809	0.832462	0.657497	0.990858	0.216895	0.685995	0.950192	0.612681	
0.969651	0.035380	0.387872	0.878846	0.618730	0.190099	0.271840	0.564448	0.946504	0.483766	0.072851	0.820901	0.266758	0.880561	0.290819	0.652361	0.603438	0.277864	0.114537	0.973180	0.890100	0.376209	0.612355	0.128589	0.337567	0.162860	0.086979	0.700164	0.490656	0.570686	0.073967	0.041945	0.910787	0.668716	0.476519	0.758591	
0.805176	0.528559	0.075457	0.976389	0.269502	0.823442	0.123010	0.710217	0.104331	0.395141	0.503951	0.855704	0.756895	0.440063	0.166316	0.600032	0.333453	0.389022	0.785738	0.821934	0.504661	0.411722	0.168983	0.241337	0.402843	0.451613	0.073564	0.321532	0.831737	0.063872	0.960248	0.969545	0.792495	0.702611	0.723979	0.633474	
0.169922	0.856311	0.167135	0.612219	0.734127	0.476772	0.371150	0.638149	0.559898	0.200940	0.365926	0.813848	0.529054	0.736655	0.041004	0.481673	0.415325	0.549831	0.435633	0.152438	0.225883	0.977450	0.427513	0.799919	0.317621	0.507558	0.171345	0.841968	0.837864	0.953432	0.948752	0.089795	0.773090	0.946537	0.801677	0.378482	
0.728185	0.624592	0.971531	0.143109	0.425370	0.972699	0.972073	0.297114	0.393290	0.688806	0.685651	0.706120	0.418228	0.667463	0.751632	0.247464	0.401877	0.635515	0.296566	0.662561	0.429292	0.318652	0.449928	0.211302	0.866311	0.185260	0.678709	0.010703	0.544037	0.316842	0.724111	0.775485	0.436362	0.499398	0.189624	0.454865	
0.797219	0.020280	0.389282	0.090365	0.131690	0.807556	0.167005	0.907337	0.496424	0.006711	0.788486	0.346524	0.193196	0.957776	0.007881	0.001736	0.186158	0.052247	0.253599	0.831033	0.418237	0.195689	0.456847	0.296284	0.327205	0.173807	0.085191	0.340538	0.366253	0.661207	0.710956	0.179234	0.684959	0.472554	0.374092	0.323847	
0.942176	0.377571	0.622561	0.352295	0.976850	0.065457	0.046433	0.340428	0.704310	0.786821	0.664577	0.312380	0.197535	0.288095	0.088522	0.363957	0.131477	0.429721	0.415384	0.703805	0.308118	0.454275	0.175257	0.767238	0.796337	0.294834	0.520114	0.810451	0.392149	0.289277	0.710488	0.511369	0.394763	0.596003	0.723106	0.202381	
0.069070	0.385776	0.451359	0.123895	0.707074	0.708611	0.025942	0.944838	0.617608	0.898761	0.887350	0.170061	0.351220	0.092260	0.065872	0.105551	0.951298	0.379270	0.644342	0.650355	0.921893	0.578605	0.878028	0.365926	0.757559	0.823733	0.674817	0.927022	0.759857	0.100364	0.313924	0.960672	0.697243	0.667880	0.843106	0.693002	
0.677201	0.712834	0.795050	0.050865	0.343447	0.197518	0.868391	0.044302	0.143822	0.453978	0.350582	0.722968	0.754591	0.389410	0.709083	0.362696	0.354019	0.941512	0.154290	0.701679	0.866976	0.516001	0.023736	0.363615	0.704970	0.625303	0.232242	0.103377	0.739118	0.584530	0.575199	0.834484	0.022756	0.078288	0.768374	0.674783	
0.679163	0.370716	0.751088	0.870456	0.551924	0.511610	0.844029	0.770999	0.107773	0.031348	0.302755	0.612190	0.641829	0.502557	0.470445	0.045551	0.368124	0.852506	0.150598	0.575269	0.218721	0.486687	0.701865	0.645898	0.613215	0.492610	0.543079	0.241481	0.795279	0.595109	0.921377	0.415331	0.056928	0.408712	0.990800	0.910047	
0.070860	0.272271	0.654420	0.582362	0.595415	0.183604	0.179772	0.323401	0.169122	0.240775	0.559171	0.379999	0.923944	0.823624	0.772692	0.124265	0.130406	0.616276	0.314705	0.052461	0.273611	0.048614	0.661150	0.428434	0.290525	0.920771	0.325315	0.465794	0.089481	0.164002	0.023090	0.705725	0.684803	0.938322	0.520639	0.909628	
0.226848	0.247633	0.330257	0.718269	0.345275	0.470477	0.939810	0.919848	0.225690	0.891465	0.372117	0.402276	0.919190	0.056429	0.331381	0.234079	0.924299	0.446226	0.157778	0.875338	0.803535	0.173642	0.282086	0.772637	0.177340	0.756555	0.261291	0.606377	0.499428	0.620310	0.628863	0.389037	0.336101	0.807719	0.999758	0.996932	
0.028871	0.546639	0.264064	0.818732	0.983378	0.990861	0.734117	0.425151	0.260045	0.064354	0.899850	0.442071	0.288655	0.729830	0.932846	0.091707	0.897336	0.272673	0.957623	0.602804	0.666691	0.185671	0.190904	0.634352	0.656283	0.339857	0.152098	0.792084	0.031717	0.729165	0.248676	0.926279	0.459218	0.307412	0.290356	0.357843	
0.503882	0.357854	0.154335	0.145736	0.690913	0.366751	0.267521	0.283763	0.680749	0.263800	0.833800	0.075437	0.389031	0.709860	0.293065	0.636434	0.611217	0.491734	0.986495	0.576170	0.123062	0.520418	0.101757	0.689821	0.817109	0.711931	0.143700	0.943928	0.170218	0.212119	0.721492	0.260230	0.842841	0.098261	0.389434	0.506744	
0.617353	0.903079	0.831344	0.501615	0.546521	0.299363	0.000915	0.222953	0.897080	0.634416	0.283625	0.951280	0.646611	0.955803	0.723972	0.548541	0.489710	0.060435	0.044520	0.969507	0.775597	0.281263	0.512161	0.947645	0.939289	0.027812	0.476707	0.349380	0.028633	0.159362	0.767730	0.093930	0.159523	0.578493	0.716415	0.795084	
0.816869	0.268523	0.580564	0.738270	0.798229	0.742766	0.745174	0.398253	0.397329	0.526411	0.265518	0.422499	0.774706	0.629084	0.548992	0.983131	0.500515	0.694891	0.467823	0.600931	0.199244	0.540988	0.435843	0.718224	0.496857	0.998231	0.864976	0.187416	0.421722	0.130802	0.240667	0.336574	0.365588	0.822261	0.464627	0.099463	
0.766889	0.608288	0.579693	0.035905	0.571147	0.838925	0.454866	0.075804	0.842840	0.847301	0.320539	0.824689	0.215341	0.519538	0.070142	0.343839	0.259453	0.039764	0.278639	0.915695	0.109806	0.285908	0.780961	0.441260	0.568318	0.707308	0.472436	0.574985	0.178947	0.367745	0.713525	0.086121	0.663710	0.812124	0.201555	0.792134	
0.482439	0.876032	0.439755	0.887200	0.605853	0.896931	0.126505	0.766066	0.566439	0.554542	0.845394	0.252942	0.766549	0.451453	0.792885	0.279465	0.321629	0.538723	0.472789	0.769457	0.020432	0.156930	0.138303	0.452390	0.056806	0.984706	0.647596	0.411304	0.302714	0.382250	0.106343	0.370922	0.817212	0.189356	0.335569	0.368642	
0.625200	0.502938	0.448568	0.468246	0.962260	0.407574	0.690600	0.024000	0.681634	0.088913	0.067965	0.215949	0.369481	0.175177	0.364118	0.061051	0.069391	0.752822	0.519317	0.023333	0.674020	0.091432	0.249784	0.357934	0.521683	0.719394	0.906682	0.474824	0.340648	0.981213	0.193820	0.694084	0.606254	0.781170	0.667974	0.607148	
0.235410	0.706614	0.814013	0.416611	0.511394	0.925343	0.071347	0.694239	0.050168	0.116761	0.717716	0.507198	0.257752	0.449541	0.092871	0.267720	0.755270	0.813474	0.038881	0.904979	0.366089	0.968352	0.230489	0.849432	0.338042	0.524644	0.777039	0.379728	0.320210	0.960517	0.885958	0.741362	0.202570	0.210510	0.784921	0.791727	
0.945811	0.588448	0.422670	0.456957	0.404073	0.816469	0.013443	0.215903	0.025465	0.746734	0.404656	0.552651	0.042933	0.848679	0.878650	0.978865	0.400485	0.000762	0.005193	0.583866	0.439320	0.590378	0.596532	0.786415	0.982701	0.533420	0.021246	0.994584	0.849232	0.892033	0.483669	0.552343	0.438212	0.707309	0.010824	0.852670	
0.691510	0.902906	0.249330	0.910040	0.222470	0.619387	0.529531	0.307895	0.457234	0.106645	0.070827	0.825056	0.212093	0.952443	0.823539	0.673060	0.248162	0.803092	0.265287	0.729522	0.156591	0.731473	0.962881	0.064885	0.239296	0.361017	0.830518	0.819162	0.718437	0.265527	0.576718	0.057026	0.514552	0.322372	0.573250	0.267596	
0.400803	0.415964	0.038437	0.783798	0.652379	0.587857	0.330887	0.525506	0.178624	0.591302	0.729619	0.580223	0.508446	0.024010	0.954489	0.811537	0.290675	0.718976	0.708350	0.606846	0.647589	0.843625	0.601722	0.027801	0.160164	0.535687	0.267431	0.133955	0.018504	0.857573	0.449571	0.328285	0.896612	0.069359	0.550034	0.965690	
0.870908	0.176099	0.178446	0.252975	0.823002	0.228393	0.904572	0.866310	0.520313	0.896069	0.392994	0.710131	0.271614	0.894567	0.455695	0.019271	0.669572	0.799233	0.399270	0.186628	0.840870	0.312705	0.777369	0.668518	0.902898	0.267566	0.788940	0.585497	0.757186	0.882202	0.340321	0.539485	0.096843	0.857911	0.390927	0.718385	
0.459560	0.977239	0.210105	0.534610	0.210343	0.408894	0.779873	0.059836	0.474456	0.749941	0.843511	0.824671	0.628144	0.436466	0.727121	0.250868	0.185940	0.423609	0.873863	0.509048	0.760396	0.083489	0.912334	0.077327	0.085364	0.201567	0.116693	0.869228	0.708819	0.763909	0.460545	0.622620	0.242884	0.042531	0.004448	0.200953	
0.469521	0.305112	0.427767	0.768645	0.209707	0.442005	0.996449	0.071238	0.616928	0.141208	0.849923	0.723959	0.810057	0.209554	0.318069	0.579348	0.694949	0.169445	0.266899	0.635847	0.908301	0.803006	0.389086	0.610018	0.709391	0.083488	0.515053	0.652121	0.573937	0.139614	0.272181	0.679596	0.603423	0.089846	0.787129	0.346928	
0.803546	0.600179	0.024179	0.198647	0.961422	0.292884	0.089582	0.801585	0.806679	0.555526	0.660162	0.045990	0.084162	0.133906	0.861530	0.566721	0.630769	0.857708	0.377097	0.388517	0.338491	0.814995	0.626405	0.091593	0.557779	0.511943	0.882240	0.481525	0.693769	0.837693	0.096266	0.220374	0.571314	0.381982	0.134438	0.286931	
0.451899	0.901002	0.718505	0.511386	0.639714	0.494225	0.581262	0.488357	0.591181	0.830329	0.730464	0.414481	0.128785	0.250190	0.566961	0.736152	0.639046	0.097163	0.629750	0.633835	0.631879	0.791418	0.103809	0.488172	0.605825	0.382437	0.369204	0.638067	0.593381	0.761213	0.425376	0.179201	0.134519	0.421973	0.884914	0.033732	
0.183866	0.729934	0.104925	0.982665	0.536606	0.047038	0.162019	0.403799	0.573361	0.915742	0.662376	0.063159	0.371307	0.561164	0.540939	0.773014	0.420047	0.012480	0.721053	0.235722	0.360246	0.163468	0.967865	0.277665	0.732278	0.539964	0.288349	0.191549	0.088255	0.915878	0.347610	0.353999	0.191840	0.292629	0.361624	0.170551	
0.811111	0.244135	0.901286	0.320204	0.715206	0.028218	0.463291	0.663212	0.972481	0.180741	0.267983	0.087747	0.901220	0.372715	0.908727	0.984713	0.877285	0.498816	0.750648	0.412135	0.679187	0.469409	0.660120	0.694025	0.711712	0.952691	0.409506	0.439517	0.420815	0.573569	0.355499	0.049381	0.787131	0.011356	0.367216	0.003632	
0.863843	0.188881	0.605663	0.156564	0.757671	0.297070	0.149694	0.477903	0.548820	0.900051	0.609755	0.137104	0.497628	0.934664	0.571950	0.911247	0.411338	0.959756	0.983032	0.334377	0.225575	0.907880	0.368034	0.945778	0.437254	0.821174	0.795261	0.443894	0.106737	0.157734	0.316855	0.114479	0.169107	0.745195	0.190555	0.892843	
0.711018	0.791400	0.186504	0.995907	0.583007	0.670767	0.775358	0.671157	0.493220	0.560782	0.897871	0.538268	0.749497	0.219118	0.363034	0.356183	0.912683	0.153104	0.884760	0.722946	0.966092	0.846035	0.508375	0.623545	0.346083	0.811669	0.859588	0.310933	0.633400	0.549137	0.642012	0.070486	0.052902	0.653882	0.372602	0.405428	
0.770542	0.080144	0.768655	0.280511	0.888015	0.358693	0.442117	0.356688	0.199676	0.071951	0.811144	0.396383	0.366027	0.801707	0.427094	0.077322	0.458599	0.476552	0.861154	0.341992	0.849243	0.496773	0.370310	0.366877	0.759286	0.411675	0.581264	0.434475	0.858323	0.685920	0.443318	0.483053	0.920708	0.129170	0.716667	0.531032	
0.171847	0.857269	0.881266	0.112144	0.662974	0.210982	0.331877	0.191530	0.881639	0.475618	0.640692	0.226873	0.918274	0.343262	0.827206	0.200850	0.902098	0.541211	0.282265	0.423916	0.177175	0.189477	0.280356	0.699252	0.258456	0.486952	0.133541	0.460547	0.069869	0.686756	0.678102	0.896129	0.945725	0.363565	0.090696	0.173228	
0.422380	0.776923	0.743711	0.864730	0.651046	0.901314	0.065508	0.836402	0.165670	0.032453	0.410764	0.423973	0.365924	0.584478	0.575019	0.724491	0.120412	0.700133	0.977590	0.866289	0.916546	0.413223	0.129465	0.117432	0.772782	0.138908	0.078468	0.540034	0.350418	0.901012	0.882219	0.922835	0.126918	0.866753	0.187832	0.733144	
0.500646	0.086433	0.395991	0.925247	0.353751	0.352318	0.627035	0.876611	0.016865	0.902889	0.403127	0.901715	0.448693	0.634553	0.501510	0.740903	0.514064	0.632267	0.031201	0.078827	0.621668	0.817171	0.323497	0.226156	0.471406	0.239446	0.954769	0.404578	0.909629	0.039987	0.406827	0.413295	0.608226	0.830946	0.603077	0.024379	

Printing Matrix C
9.338050	10.318889	9.503661	9.670129	10.627023	7.985047	7.622054	9.373022	9.284593	10.412546	10.209026	9.484150	10.490260	9.036017	9.802945	8.410267	8.950996	9.170474	8.570029	9.696359	10.127540	8.279177	8.467983	8.595693	9.400434	9.919066	7.733690	8.734403	8.533189	9.954320	9.575202	8.998633	8.563028	9.922895	9.963279	9.624074	
10.764927	8.688260	9.391466	7.962118	10.816347	8.291186	8.786757	8.391677	8.580529	9.455821	10.079469	8.464690	8.729723	9.552093	9.534475	7.749355	8.483987	9.286870	8.157519	8.956647	9.469731	8.359966	7.616268	9.008160	10.328409	9.510588	8.704248	8.956610	9.166532	9.861763	8.338026	8.562531	8.299241	8.953314	9.232714	8.729043	
9.098346	8.697358	7.485133	8.280651	9.849930	7.724218	6.936223	8.003217	8.311614	8.300415	9.026858	7.687651	8.041395	7.901623	8.398219	8.417195	8.226331	8.453415	8.531846	8.917680	8.332326	8.852231	7.666569	7.620742	8.785495	8.885350	7.835556	8.054030	7.468025	8.742442	8.438792	6.986467	7.841075	7.936538	8.079113	8.169045	
8.619115	8.014784	7.068441	7.275298	9.486957	6.592077	6.253133	7.191554	7.672589	8.127725	8.613704	6.484741	7.433229	7.460334	8.369148	6.700492	7.075241	8.311775	8.184437	7.679219	7.333070	6.955565	7.808576	6.967789	8.020353	8.275001	7.484649	7.646979	6.921894	8.019800	7.282247	7.062619	7.002110	7.075082	7.042908	7.451361	
9.807301	9.847709	8.505465	8.940963	10.144596	9.436215	7.922413	8.986164	8.617400	8.648596	10.483539	8.643944	8.529750	8.739254	9.090574	7.852595	9.200847	8.595978	8.423667	11.051534	9.947941	8.880206	7.936525	8.749012	9.458834	9.117215	7.789900	10.211275	8.815918	10.197260	9.053781	8.447194	8.488041	8.152129	9.030984	9.131516	
9.877759	8.724203	8.314187	8.566541	10.018531	8.092105	7.275175	7.840541	8.303024	8.649673	9.236828	8.654822	8.157264	8.419060	8.198821	7.995057	7.965065	8.131430	8.816159	10.168330	9.893817	8.024820	7.548325	7.497454	9.243680	8.641004	6.919623	9.321604	8.346064	9.158684	8.981490	7.936852	8.123347	8.460467	8.943679	9.123071	
10.918182	11.292932	9.854302	10.670794	11.814146	10.233583	9.052680	10.104102	9.771466	9.982524	11.585217	10.087217	10.432887	10.839888	10.804417	9.060368	10.285580	10.454952	9.895473	11.227642	10.955673	9.444939	8.727435	9.571639	10.504395	10.261890	8.986724	10.236271	9.756956	11.890309	10.476326	10.111076	9.699053	10.130520	10.210557	10.320743	
7.775989	6.788406	6.031959	6.820949	8.321796	6.961966	5.693983	7.055939	6.371717	7.122145	8.022205	6.359309	6.059182	6.961739	7.239355	6.537039	6.784449	7.361823	6.932921	7.942860	7.231816	7.299006	5.885667	6.219158	6.847245	7.067426	6.275064	7.330875	6.313322	7.671550	6.350219	6.057007	6.875311	6.484407	6.847866	7.475023	
9.786551	8.745212	8.629186	9.059631	8.995043	8.127879	7.391279	8.448314	7.718696	8.327347	9.830817	9.134395	8.873544	9.417882	8.986753	8.262046	8.846695	8.159098	7.512747	9.578726	9.432762	8.885368	7.942685	8.074548	9.168872	8.427828	7.752324	7.620865	8.228616	9.453153	9.349121	7.954361	8.206601	7.820996	9.085288	8.828500	
9.614599	8.674132	8.138611	8.791150	9.745716	8.134641	7.133245	9.285714	7.887306	8.781040	10.097346	8.694810	9.160147	8.486348	8.565938	7.947625	9.020306	8.620845	7.584322	9.420598	9.234413	8.756943	7.387432	8.715288	9.247353	9.066040	7.545929	9.206939	9.300115	8.932799	9.124435	8.531253	8.446495	8.671810	9.166647	8.577929	
11.474487	10.593602	9.137587	10.692753	11.620102	10.188272	8.891151	9.483040	8.947863	9.899916	10.057066	10.675212	9.906088	10.483383	10.370021	9.971473	9.360707	10.277857	9.253020	11.240845	10.535911	10.002165	8.589281	9.795605	11.059943	9.973491	8.738631	10.375832	9.978153	10.577178	10.554349	9.285535	9.073163	10.588646	9.892215	10.855481	
11.425654	9.169658	9.130273	10.020415	11.186329	9.426254	7.360393	10.065300	9.882384	10.087683	10.605127	9.602779	10.101571	9.553807	9.342792	9.834121	9.738769	9.153901	9.203545	10.990781	10.084647	9.743464	8.574636	8.977982	9.650065	10.178962	8.424338	9.578769	9.375919	9.295530	9.690665	8.602332	10.415103	10.282760	9.496560	9.507321	
10.500721	9.037756	8.498271	9.293110	10.167465	8.988614	7.479540	9.155287	8.607649	10.228238	10.018355	9.013366	8.921383	9.559330	9.673017	9.411658	8.735327	8.404288	8.317793	9.501753	9.034547	9.108190	8.512711	8.596021	9.513472	10.010698	8.520984	9.152974	8.758361	8.879219	8.294349	7.742441	8.319875	10.001113	8.462325	8.946439	
12.918353	12.828998	11.013533	12.036815	13.109679	10.938438	9.103112	10.838624	11.558241	11.166866	12.432891	11.933866	11.221680	11.993953	11.920731	10.714617	10.436563	10.954683	10.362318	12.195626	11.498407	10.945550	10.003813	10.542865	11.844359	11.174711	10.055002	11.747899	10.892395	12.531885	11.569389	10.539330	11.109556	11.747538	11.042487	10.951241	
8.836373	7.910347	7.442427	8.592073	8.910723	7.986070	7.168435	8.188796	6.509611	8.538401	8.854388	8.052578	8.052204	7.316902	7.806369	7.529183	7.565931	7.902756	7.226297	8.472859	8.027001	8.332050	6.510511	7.873859	7.770340	8.423425	7.310979	7.595688	7.941925	8.280509	8.126810	7.236775	6.990140	8.449840	8.626936	8.251401	
10.049293	8.182166	8.179275	8.268451	9.743957	7.920234	7.443326	8.935295	7.352757	8.513942	9.205052	8.302316	8.120730	8.963807	9.485684	8.094387	7.758110	9.153337	8.415460	9.199583	9.306445	8.167569	7.849333	7.535835	9.112814	8.145072	7.442133	7.464004	8.032126	9.970889	8.545614	7.546819	6.998424	7.750719	8.117291	8.848017	
11.166097	10.377793	8.388983	10.369167	11.441944	9.130575	7.667854	8.382528	8.829017	9.192806	9.772641	9.503121	8.367352	9.840968	10.479597	9.351200	8.262701	9.051505	9.111529	10.310884	9.897413	8.884798	7.929927	7.984330	10.237939	9.412654	8.402851	9.487268	9.037120	10.750130	8.788336	8.160710	8.661519	9.011899	8.783619	9.200538	
8.275191	8.085630	7.074195	7.691858	9.096765	6.701147	6.753832	8.109184	7.857039	7.563418	7.874223	7.539420	7.715428	7.862366	8.371668	6.323026	8.221839	7.679263	6.809523	7.783949	8.661644	6.837460	7.476906	7.203036	7.886207	7.537052	7.634602	7.610914	7.429145	8.812142	7.493582	6.791304	7.180008	7.734445	7.458506	6.890734	
10.990288	10.656616	9.832361	9.924499	11.740015	9.818660	8.576313	9.284625	9.816074	10.364275	10.851709	10.505286	10.025309	10.541993	10.391586	9.311882	9.547432	9.659687	9.226947	11.165993	10.147067	9.503696	8.913054	9.620733	10.545829	10.477189	8.521098	10.640556	9.668234	10.057110	9.915859	9.340748	10.103296	10.214522	10.407812	9.891185	
9.355764	7.759062	8.027891	8.478989	8.902334	7.386060	7.046426	7.424482	7.919826	7.196788	7.931306	8.215729	8.526126	8.276362	8.549228	6.875922	7.913384	7.737585	6.617748	9.418023	8.641384	6.927011	7.128803	7.964569	8.422368	7.856201	7.041214	8.100731	7.442215	7.876440	7.689114	7.171682	8.051491	7.154219	8.473210	8.788921	
11.545213	9.179541	9.650166	9.355876	11.681354	9.754649	8.731175	9.099390	9.856853	8.675311	10.567686	9.628320	9.850850	11.315363	10.040312	8.183719	9.460956	9.393640	9.367382	10.966243	10.367938	8.613058	9.005295	9.688686	10.286027	10.100830	9.002080	9.718422	8.414632	10.333883	9.367414	8.214216	10.103309	9.846236	8.903259	10.345749	
9.231652	8.966205	8.879867	8.923206	10.784003	9.029964	6.889683	8.745428	8.166229	7.589060	9.811545	7.947893	9.474631	8.877255	9.132202	7.909848	8.887951	8.926112	8.947650	9.841047	9.014520	8.405945	7.494723	8.737130	8.510989	10.297380	7.443515	8.827155	7.665905	9.754017	8.808926	8.240458	9.228713	8.879275	8.559640	9.399644	
10.213333	8.300043	7.719750	10.148648	10.954777	8.086569	7.261015	9.502919	8.297777	9.185853	10.327106	8.706879	8.866032	9.202081	9.120289	8.888864	8.665457	9.520521	9.232064	9.439470	9.555351	9.345342	8.538360	8.067415	9.242581	9.429957	7.985854	9.197567	8.621373	9.982286	8.696141	8.011015	8.865737	9.121671	9.199992	10.193707	
9.605305	8.446039	8.183588	8.885428	9.518012	8.104721	7.635456	7.553550	8.153860	7.101080	8.563118	8.391358	8.766127	8.560923	8.698946	7.715688	7.760247	7.933886	7.751682	9.849429	9.141059	7.746902	7.176930	7.692332	8.715351	8.728225	7.025417	7.787576	7.294691	8.459443	8.124916	7.127786	7.829827	8.270874	8.883258	8.821373	
8.559992	8.003104	7.481293	8.702063	10.182487	8.163693	6.757588	8.713483	7.360234	6.942309	10.112798	7.622159	7.648458	8.697594	8.027402	6.761047	8.072935	9.100210	7.945976	8.964226	8.164148	8.774340	8.095884	7.892457	9.005818	8.623014	8.112140	9.118886	8.146324	8.957389	8.434472	8.317044	8.566692	7.466850	9.595239	8.504023	
12.862443	10.736943	11.571366	10.526862	12.793883	10.795861	9.063607	11.846234	10.388925	10.729959	12.423754	10.615909	11.131208	11.228848	11.091793	10.330302	11.300066	11.039124	9.988583	12.746444	11.494220	11.301233	8.825068	11.244837	12.000259	11.281242	9.838742	9.980265	10.200979	12.149264	11.928122	9.636060	10.311994	10.389357	11.464241	11.686879	
10.464158	9.275257	9.461856	9.415619	10.531980	8.480186	8.125910	8.832796	8.563426	9.288151	9.359662	9.273871	8.648694	9.340177	9.395713	8.596514	8.373814	8.930940	8.557244	9.729724	10.216787	8.657940	8.704446	8.138792	10.903577	8.704333	8.709773	8.456457	9.068602	9.471325	9.344203	8.538246	7.456291	9.081576	9.701447	9.123241	
MPI_Wtime measured for total run by process 10 = 0.110772
MPI_Wtime measured for total run by process 15 = 0.110454
MPI_Wtime measured for total run by process 16 = 0.110413
7.109279	8.452664	7.287939	7.526070	9.237107	6.973516	5.536768	7.538120	7.443791	6.890994	8.600820	6.315662	7.533720	6.982638	7.474332	7.042943	7.448982	7.333251	7.910179	7.638624	7.485569	7.324806	6.429615	7.412573	7.982796	8.360770	6.238276	8.058247	6.883183	8.297649	7.351544	7.083866	6.844103	7.075739	7.602321	6.709708	
11.244874	10.082408	10.492578	10.079330	12.617977	9.821247	8.036798	9.860734	9.506702	9.796814	11.392251	9.525928	9.567196	10.666726	10.356402	9.102124	9.680368	10.239753	10.151184	11.208644	10.817939	9.483640	8.780934	9.329539	11.043365	10.639034	9.172908	9.891674	8.904928	11.038374	9.687964	9.914343	9.532116	10.039192	9.837433	10.256356	
10.274393	9.216009	8.685187	8.971492	9.868883	9.223571	7.930521	8.813912	8.558187	7.593269	9.509078	8.957178	9.208117	8.844386	8.993403	8.152161	8.796580	9.038123	7.880552	9.994853	9.128308	8.582441	7.836919	8.233540	9.214805	9.208341	7.824737	8.483171	8.823054	9.989487	9.425186	8.665872	8.682024	8.679793	8.764085	8.886536	
8.682442	8.295293	7.751764	8.552572	8.972107	7.856571	7.456315	7.101537	7.351969	8.502749	8.574622	8.862595	8.429369	9.037646	8.365663	7.983102	7.992597	7.192101	7.512188	9.288721	9.062071	7.881662	7.894209	8.295426	8.611482	8.231208	6.668036	8.981691	8.080688	7.887585	7.703375	7.093656	7.672342	8.435589	8.818203	8.622923	
10.119519	8.280853	8.825350	9.126875	9.851816	7.627526	7.049349	9.091987	7.769795	8.185794	8.800460	8.772014	8.801409	9.964130	9.066361	8.229931	7.965590	8.730600	7.750204	9.678291	9.564304	8.563609	7.744032	8.440981	9.403351	8.432077	7.137829	7.695896	7.913244	9.549964	9.210573	6.894486	7.324157	9.176433	9.009821	10.003109	
9.623532	10.440181	9.160991	10.484435	11.654911	8.851824	7.433975	9.406112	8.487241	8.931903	10.659294	9.286096	8.713211	10.182713	10.000554	8.030483	9.539520	8.897099	8.918666	9.839767	10.013089	9.214822	9.125868	9.407687	10.531855	8.851261	8.437434	10.038329	9.111431	11.088023	9.688546	9.225232	8.254573	9.589479	9.615671	9.351172	
11.884605	9.744958	9.980064	9.791195	11.934511	10.446583	8.806325	10.276659	9.121372	10.127652	10.373230	9.667548	9.536909	10.030793	10.363789	9.483899	10.335824	9.990124	8.899123	11.080782	10.062154	10.255670	9.073070	10.200177	10.860905	11.052205	10.072111	9.687054	9.801027	10.489433	10.319520	8.579041	9.117263	10.724134	10.207105	10.570065	
10.215842	9.315855	8.177899	10.181251	10.944618	9.226794	7.390703	8.862113	8.519696	9.746062	9.605103	9.077841	9.196863	9.463267	9.035414	8.939405	8.563541	9.122705	8.444708	10.335036	8.338301	9.031997	8.268148	9.443416	8.861239	10.535116	8.583880	9.589285	7.783894	9.254588	9.452773	7.776182	9.268902	10.251209	9.654135	10.173621	
9.841685	9.003586	8.253650	9.946136	11.165071	8.886401	7.791807	9.634128	7.284607	8.657909	10.011169	8.575563	9.117657	9.270739	9.311079	7.196001	8.818217	10.057702	8.688591	9.696583	10.079777	8.562342	7.739120	8.597656	9.907717	9.923644	9.309457	9.056132	9.304295	9.416197	8.752996	9.189771	8.256692	9.398618	9.995525	10.176934	
The results Matches
MPI_Wtime measured for total run by process 1 = 0.110814
MPI_Wtime measured for total run by process 2 = 0.110737
MPI_Wtime measured for total run by process 3 = 0.110806
MPI_Wtime measured for total run by process 6 = 0.110766
MPI_Wtime measured for total run by process 9 = 0.110797
MPI_Wtime measured for total run by process 11 = 0.110806
MPI_Wtime measured for total run by process 14 = 0.110421
MPI_Wtime measured for total run by process 18 = 0.094836
MPI_Wtime measured for total run by process 19 = 0.095076
MPI_Wtime measured for total run by process 22 = 0.094845
MPI_Wtime measured for total run by process 27 = 0.079439
MPI_Wtime measured for total run by process 28 = 0.079012
MPI_Wtime measured for total run by process 29 = 0.078988
MPI_Wtime measured for total run by process 30 = 0.078808
MPI_Wtime measured for total run by process 31 = 0.078915
MPI_Wtime measured for total run by process 32 = 0.078815
MPI_Wtime measured for total run by process 34 = 0.078830
MPI_Wtime measured for total run by process 4 = 0.110796
MPI_Wtime measured for total run by process 5 = 0.110796
MPI_Wtime measured for total run by process 7 = 0.110828
MPI_Wtime measured for total run by process 8 = 0.110769
MPI_Wtime measured for total run by process 12 = 0.110408
MPI_Wtime measured for total run by process 13 = 0.110437
MPI_Wtime measured for total run by process 17 = 0.110582
MPI_Wtime measured for total run by process 20 = 0.094890
MPI_Wtime measured for total run by process 21 = 0.094832
MPI_Wtime measured for total run by process 23 = 0.094848
MPI_Wtime measured for total run by process 24 = 0.078795
MPI_Wtime measured for total run by process 25 = 0.079177
MPI_Wtime measured for total run by process 26 = 0.078889
MPI_Wtime measured for total run by process 33 = 0.079266
MPI_Wtime measured for total run by process 35 = 0.078951
