MPI_Wtime measured for total run by process 0 = 0.010777
Total time by each process = 0.094717  And Average = 0.010524 
Printing Matrix A
0.789212	0.543418	0.220728	0.034175	0.604943	0.769929	0.799795	0.856815	0.077742	0.914903	0.222701	0.865844	0.498297	0.278959	0.950066	0.805085	0.585490	0.051632	0.229887	0.257714	0.239604	0.870497	0.589153	0.202232	0.948425	0.919267	0.277785	0.457702	0.402150	0.471810	0.541501	0.091493	0.625398	0.933209	0.228932	0.690116	0.218566	0.507935	0.287926	0.474615	0.827303	0.407476	0.178994	0.881169	0.601839	0.933360	0.629874	0.270330	
0.167978	0.110558	0.394462	0.865446	0.361288	0.420748	0.083548	0.885565	0.289246	0.015939	0.158218	0.049384	0.250087	0.903396	0.007596	0.135234	0.377266	0.572483	0.046467	0.384757	0.811310	0.056969	0.700869	0.805710	0.235575	0.458355	0.718757	0.153850	0.490482	0.848806	0.230973	0.673652	0.229833	0.379968	0.684064	0.684056	0.570231	0.390233	0.683560	0.261215	0.017591	0.312928	0.227308	0.705193	0.524025	0.215869	0.538040	0.363238	
0.135656	0.044174	0.507932	0.315095	0.469255	0.349262	0.901270	0.071950	0.330047	0.655210	0.851657	0.275146	0.914403	0.130681	0.380536	0.220316	0.237125	0.335913	0.992720	0.823219	0.356336	0.614790	0.782959	0.176469	0.071618	0.670362	0.192083	0.298956	0.436524	0.558929	0.923556	0.333253	0.043736	0.905738	0.320175	0.498432	0.901439	0.934118	0.799962	0.797404	0.942266	0.794854	0.413275	0.240834	0.523448	0.666858	0.579009	0.607685	
0.669277	0.659201	0.242380	0.665963	0.270854	0.828218	0.710667	0.942396	0.093389	0.787281	0.831061	0.356462	0.827879	0.801513	0.023431	0.029632	0.922621	0.682159	0.846465	0.308821	0.948203	0.188135	0.762661	0.311803	0.867780	0.362713	0.127199	0.053350	0.742495	0.361966	0.264061	0.458634	0.080430	0.351684	0.488915	0.044213	0.797544	0.095988	0.362878	0.416254	0.506874	0.929500	0.498142	0.589152	0.837713	0.006562	0.342715	0.288455	
0.605989	0.350039	0.300644	0.532022	0.626600	0.658392	0.035800	0.220136	0.853614	0.176748	0.132486	0.592392	0.717017	0.071971	0.064150	0.482876	0.000566	0.765044	0.227168	0.399398	0.925076	0.843246	0.132436	0.503551	0.213018	0.337806	0.446198	0.315701	0.529152	0.222946	0.748100	0.263442	0.538738	0.049875	0.325552	0.619673	0.507063	0.211505	0.526301	0.625549	0.395354	0.084822	0.893552	0.004766	0.788196	0.016007	0.933534	0.284962	
0.307935	0.238177	0.784110	0.884115	0.320770	0.930672	0.810675	0.586390	0.519576	0.047580	0.071736	0.835833	0.280058	0.396228	0.131288	0.685864	0.016027	0.072709	0.781892	0.091310	0.052443	0.949733	0.578203	0.069146	0.207335	0.510907	0.169072	0.139003	0.198580	0.662722	0.216422	0.769091	0.272627	0.032586	0.798624	0.157181	0.145877	0.714186	0.643036	0.821859	0.900058	0.129442	0.679507	0.518261	0.803677	0.207955	0.529569	0.252547	
0.818847	0.856715	0.409029	0.468539	0.120809	0.278986	0.966056	0.614216	0.433611	0.935245	0.012103	0.991205	0.634489	0.835878	0.176206	0.966254	0.373559	0.612524	0.836863	0.337493	0.263787	0.721517	0.717324	0.095958	0.079390	0.264054	0.484710	0.907272	0.454419	0.283257	0.831576	0.625678	0.072479	0.987723	0.319265	0.867014	0.941695	0.812896	0.924263	0.809955	0.940057	0.095146	0.329267	0.543966	0.745568	0.414311	0.076733	0.782279	
0.278192	0.058554	0.095218	0.180509	0.514100	0.695933	0.902258	0.442016	0.579896	0.267083	0.539580	0.692850	0.638272	0.862292	0.147151	0.864217	0.414574	0.022799	0.848340	0.546705	0.196713	0.800803	0.748525	0.941287	0.779980	0.237585	0.019419	0.604708	0.037596	0.372696	0.111572	0.610089	0.159685	0.035938	0.836197	0.370465	0.825281	0.131880	0.414086	0.902228	0.281537	0.513627	0.070247	0.958646	0.585335	0.292590	0.568254	0.223053	
0.535569	0.735964	0.841633	0.404675	0.277697	0.240720	0.609722	0.885849	0.282761	0.192214	0.517811	0.460852	0.482201	0.800052	0.656122	0.778395	0.282096	0.563456	0.620788	0.790643	0.504686	0.590268	0.174312	0.005667	0.875593	0.810081	0.348740	0.496550	0.024375	0.881397	0.319707	0.872188	0.174150	0.725532	0.403776	0.693423	0.547538	0.022870	0.759809	0.178922	0.226418	0.028806	0.259936	0.406100	0.821958	0.964808	0.947288	0.743468	
0.272641	0.916377	0.985174	0.584878	0.893492	0.254561	0.636285	0.288703	0.422486	0.437862	0.842864	0.966733	0.131459	0.806487	0.768537	0.200186	0.018954	0.717594	0.726365	0.536840	0.910220	0.273157	0.224885	0.409209	0.879369	0.329793	0.691033	0.387055	0.228067	0.901240	0.743497	0.037782	0.217990	0.766579	0.057847	0.564211	0.094821	0.514572	0.399228	0.967077	0.770852	0.000830	0.593396	0.284377	0.581427	0.818067	0.287043	0.087375	
0.611224	0.449387	0.157374	0.637139	0.850967	0.571900	0.075491	0.528792	0.835847	0.308228	0.917506	0.250705	0.778221	0.823856	0.924621	0.570296	0.765185	0.204917	0.033282	0.174754	0.993766	0.134443	0.285631	0.915601	0.192857	0.550719	0.816432	0.609296	0.870196	0.659917	0.344384	0.330662	0.249897	0.032128	0.377634	0.167427	0.953536	0.440658	0.965106	0.360643	0.580087	0.268326	0.712787	0.991172	0.310774	0.377801	0.881302	0.764727	
0.244042	0.414377	0.003737	0.993077	0.883674	0.196439	0.789993	0.006743	0.468445	0.766599	0.152691	0.764216	0.408861	0.118623	0.850479	0.421362	0.680205	0.716197	0.417544	0.641214	0.143009	0.149998	0.394735	0.303082	0.431809	0.044413	0.827453	0.047965	0.950646	0.526477	0.049937	0.895646	0.783578	0.414084	0.321118	0.502340	0.892952	0.397128	0.809078	0.150868	0.769892	0.825387	0.003910	0.833658	0.039939	0.755681	0.307974	0.820019	
0.263171	0.292675	0.289401	0.048415	0.447352	0.470040	0.145753	0.497318	0.816188	0.512989	0.196056	0.774654	0.706782	0.325871	0.181662	0.106309	0.379992	0.029122	0.193999	0.851747	0.523079	0.897782	0.942695	0.584477	0.717804	0.578981	0.444113	0.149854	0.883970	0.165652	0.621615	0.510465	0.670946	0.671001	0.617123	0.506296	0.844536	0.809035	0.799177	0.546114	0.490978	0.430841	0.478730	0.085987	0.056420	0.428331	0.523601	0.679642	
0.478382	0.059492	0.873392	0.235708	0.969866	0.505158	0.438255	0.286024	0.176366	0.864324	0.297560	0.017796	0.201951	0.032015	0.384923	0.920100	0.062301	0.958811	0.545380	0.653619	0.239262	0.284289	0.210048	0.606750	0.287178	0.041511	0.421386	0.938718	0.505433	0.348889	0.682390	0.753661	0.248581	0.680383	0.906990	0.309207	0.492779	0.823769	0.163809	0.089241	0.901593	0.035724	0.190058	0.946316	0.945175	0.585847	0.564195	0.372256	
0.051980	0.606737	0.386640	0.105222	0.509441	0.582246	0.359510	0.124237	0.802238	0.584082	0.134404	0.687788	0.825604	0.707144	0.613143	0.202575	0.132038	0.624094	0.725257	0.398097	0.658307	0.907949	0.651829	0.278920	0.192148	0.446364	0.393401	0.406130	0.407787	0.608804	0.192674	0.686054	0.620692	0.843389	0.039463	0.580648	0.221828	0.715586	0.520783	0.327725	0.857508	0.039483	0.908240	0.469914	0.558888	0.336957	0.890098	0.076272	
0.333157	0.856740	0.161148	0.070390	0.925985	0.256633	0.780483	0.159700	0.358446	0.888900	0.644796	0.582713	0.437532	0.955245	0.942680	0.838421	0.951179	0.648458	0.132549	0.495302	0.504825	0.505304	0.336293	0.923298	0.864187	0.961426	0.171012	0.712667	0.463808	0.936175	0.699429	0.682325	0.469757	0.762935	0.049631	0.660841	0.010173	0.839764	0.831149	0.041205	0.575260	0.204319	0.546770	0.354816	0.584898	0.417066	0.065587	0.934935	
0.430174	0.137650	0.956108	0.034262	0.964636	0.312747	0.637087	0.491120	0.356584	0.958619	0.612425	0.913932	0.604426	0.481649	0.430389	0.205357	0.114455	0.340369	0.141498	0.036845	0.248656	0.901919	0.703544	0.098091	0.088479	0.963482	0.370144	0.898226	0.208411	0.644583	0.796459	0.499363	0.192946	0.981478	0.214364	0.440579	0.367914	0.348764	0.735538	0.131587	0.503564	0.524920	0.972482	0.848279	0.803020	0.819693	0.342801	0.510394	
0.158789	0.870191	0.510195	0.836173	0.653268	0.949568	0.631791	0.212823	0.176223	0.009064	0.160888	0.329598	0.350203	0.563388	0.468348	0.228751	0.565655	0.000290	0.409713	0.953959	0.021399	0.451787	0.984681	0.788545	0.402353	0.309609	0.654951	0.527150	0.788499	0.698158	0.164322	0.883984	0.025852	0.805826	0.720736	0.498546	0.663312	0.395325	0.614944	0.808897	0.981479	0.580539	0.757713	0.641583	0.198228	0.803058	0.266651	0.092526	
0.571315	0.728068	0.658137	0.034186	0.176947	0.969442	0.613381	0.809188	0.896844	0.231288	0.497415	0.200768	0.212613	0.058193	0.690867	0.771767	0.049071	0.554233	0.726449	0.028657	0.017929	0.695287	0.776438	0.226169	0.894201	0.327838	0.330329	0.087260	0.532433	0.022207	0.296171	0.485482	0.293809	0.052450	0.628134	0.923653	0.079206	0.277374	0.123415	0.528925	0.961001	0.409233	0.385370	0.834273	0.641945	0.141103	0.650453	0.283357	
0.666301	0.964519	0.416914	0.940498	0.507113	0.351764	0.721415	0.648145	0.737453	0.973745	0.553871	0.040627	0.664497	0.133932	0.808315	0.259211	0.753097	0.769050	0.111903	0.666131	0.927420	0.249545	0.898585	0.331250	0.955068	0.758862	0.113012	0.704756	0.981219	0.092459	0.255978	0.264149	0.575401	0.179086	0.742747	0.306320	0.863113	0.319001	0.453555	0.397736	0.955245	0.917562	0.956087	0.845767	0.461006	0.726839	0.289897	0.726058	
0.024187	0.552602	0.750361	0.437101	0.414787	0.375171	0.406353	0.276965	0.929505	0.429856	0.816846	0.822898	0.213850	0.994835	0.540725	0.369044	0.626037	0.331846	0.780568	0.989871	0.525050	0.063697	0.137949	0.293001	0.535190	0.953046	0.998481	0.629887	0.325681	0.716077	0.345615	0.431319	0.006767	0.348050	0.532112	0.982690	0.702963	0.988565	0.387049	0.908366	0.004423	0.274275	0.637356	0.215234	0.528883	0.829444	0.016432	0.846151	
0.023928	0.810533	0.532122	0.613202	0.839610	0.075997	0.883332	0.148899	0.845775	0.890659	0.327335	0.446169	0.037204	0.730717	0.536375	0.076834	0.771069	0.116343	0.680591	0.538276	0.331313	0.746860	0.598635	0.102400	0.318932	0.927541	0.098951	0.502485	0.649323	0.189791	0.810069	0.746001	0.153992	0.884329	0.591890	0.354784	0.036878	0.137848	0.997404	0.079924	0.233307	0.962603	0.381175	0.468413	0.698289	0.216195	0.924828	0.089496	
0.824541	0.913404	0.396431	0.339634	0.369833	0.068822	0.717730	0.683573	0.156210	0.283294	0.111263	0.567882	0.409910	0.317910	0.746273	0.413559	0.381232	0.987245	0.595151	0.210971	0.804360	0.332220	0.428539	0.473126	0.661968	0.122134	0.508127	0.582783	0.474092	0.252776	0.308100	0.791179	0.993298	0.466995	0.105303	0.553433	0.957760	0.431753	0.901446	0.971047	0.661299	0.336646	0.783196	0.087464	0.820123	0.477654	0.006576	0.817556	
0.047257	0.588323	0.962517	0.062223	0.027410	0.306575	0.398856	0.492271	0.370803	0.229582	0.748347	0.411287	0.657287	0.696694	0.157774	0.663736	0.798801	0.357592	0.393816	0.681596	0.913791	0.350082	0.265793	0.372802	0.671271	0.790594	0.919430	0.988089	0.090822	0.240579	0.199034	0.453628	0.156375	0.759154	0.231035	0.971417	0.428921	0.457473	0.163853	0.331309	0.432659	0.254742	0.323784	0.928805	0.927615	0.663202	0.073700	0.124485	
0.928050	0.780266	0.324389	0.303911	0.073183	0.448023	0.591658	0.072160	0.901234	0.376406	0.569734	0.639624	0.474595	0.623999	0.419657	0.778369	0.632122	0.506792	0.310319	0.709820	0.572086	0.620539	0.937174	0.188061	0.019601	0.063426	0.869678	0.086685	0.005877	0.892567	0.459167	0.773240	0.229572	0.047800	0.090734	0.923394	0.915464	0.826565	0.236632	0.691046	0.579093	0.845568	0.457523	0.793043	0.642936	0.888933	0.356547	0.193392	
0.942205	0.126011	0.998813	0.695760	0.593338	0.766915	0.536950	0.086203	0.212434	0.564814	0.864024	0.133356	0.043467	0.609063	0.684462	0.986133	0.043647	0.659606	0.161548	0.956737	0.877690	0.584856	0.181613	0.530684	0.602830	0.064003	0.453355	0.973814	0.219648	0.896836	0.385331	0.530776	0.995111	0.471439	0.545748	0.911545	0.151827	0.838078	0.167460	0.727486	0.464260	0.237143	0.988849	0.414437	0.793834	0.112607	0.194241	0.608144	
0.833766	0.346012	0.507758	0.802951	0.753959	0.993025	0.009791	0.691708	0.512001	0.391665	0.139808	0.709347	0.117374	0.112807	0.465337	0.500968	0.800534	0.678616	0.104537	0.967876	0.122596	0.779914	0.681412	0.606438	0.400473	0.694263	0.804204	0.473924	0.225565	0.233193	0.307683	0.990005	0.581141	0.416508	0.150188	0.544173	0.345286	0.405172	0.795709	0.220111	0.009712	0.736464	0.317985	0.735494	0.797120	0.234452	0.702849	0.213019	
0.893078	0.969668	0.013912	0.316050	0.837928	0.385895	0.732832	0.829820	0.520382	0.556460	0.776673	0.381917	0.260642	0.678596	0.840825	0.247480	0.521142	0.777169	0.730989	0.894251	0.814442	0.202555	0.886154	0.289817	0.598660	0.244902	0.138231	0.949127	0.243188	0.362363	0.519338	0.817917	0.826990	0.575534	0.688305	0.126896	0.749932	0.050020	0.361826	0.042621	0.186114	0.335819	0.914342	0.723217	0.912668	0.241544	0.695423	0.472486	
0.654547	0.080392	0.517805	0.845598	0.536739	0.903823	0.235454	0.859050	0.233967	0.745913	0.479815	0.305839	0.554710	0.824489	0.606845	0.772546	0.344995	0.604243	0.060226	0.130538	0.345458	0.495530	0.980804	0.002480	0.549449	0.363080	0.217523	0.421747	0.216303	0.022365	0.543211	0.084539	0.647850	0.751007	0.138622	0.305041	0.915906	0.064992	0.155150	0.111482	0.815865	0.733863	0.143481	0.805620	0.401845	0.182932	0.622897	0.833263	
0.956252	0.978822	0.465815	0.578954	0.084434	0.278432	0.711419	0.944183	0.864475	0.560672	0.833655	0.367741	0.194278	0.180556	0.818143	0.087921	0.598089	0.869270	0.350606	0.445625	0.092170	0.674625	0.113970	0.330873	0.296854	0.986402	0.257837	0.366010	0.904815	0.269289	0.560385	0.497354	0.423952	0.222378	0.814848	0.209599	0.392059	0.710607	0.503032	0.484475	0.933024	0.930396	0.825020	0.642976	0.842972	0.452793	0.269475	0.561832	
0.316771	0.467986	0.452212	0.038636	0.561809	0.350301	0.790723	0.864727	0.305654	0.914608	0.091529	0.860510	0.469850	0.337858	0.263450	0.432752	0.683899	0.711840	0.578324	0.980383	0.499719	0.204973	0.165460	0.014189	0.864823	0.601789	0.486382	0.890852	0.775602	0.695556	0.128400	0.619273	0.029047	0.948410	0.081589	0.747503	0.259477	0.871750	0.022176	0.896052	0.814736	0.843350	0.960140	0.257349	0.962912	0.774793	0.081214	0.903612	
0.725179	0.717632	0.780815	0.388077	0.417612	0.465229	0.145766	0.326787	0.859122	0.261619	0.904339	0.555002	0.471873	0.958564	0.723862	0.663348	0.714198	0.255810	0.846116	0.535305	0.903714	0.703515	0.361814	0.009982	0.200440	0.040197	0.790569	0.972031	0.924995	0.815529	0.792771	0.097898	0.859857	0.001983	0.997595	0.969700	0.537821	0.950790	0.703518	0.120571	0.232372	0.008737	0.755966	0.285383	0.911363	0.329818	0.579790	0.211104	
0.781425	0.145620	0.750374	0.680329	0.788536	0.187830	0.591890	0.396012	0.469168	0.847204	0.385516	0.906096	0.233500	0.001013	0.663630	0.252937	0.425203	0.224074	0.513877	0.463773	0.535523	0.794466	0.960004	0.951676	0.595227	0.654306	0.931467	0.277621	0.796316	0.978257	0.490750	0.905000	0.629750	0.091531	0.033478	0.446039	0.206907	0.696414	0.430983	0.596083	0.446969	0.006953	0.810792	0.543404	0.563208	0.067053	0.752854	0.969912	
0.101128	0.526230	0.616747	0.703608	0.212774	0.990566	0.048112	0.669968	0.837038	0.873518	0.961494	0.254937	0.938582	0.578660	0.294044	0.074041	0.610015	0.529779	0.572540	0.050417	0.633409	0.429072	0.627631	0.176601	0.775960	0.112499	0.467040	0.262156	0.689427	0.097060	0.389387	0.378644	0.771372	0.226164	0.141810	0.129226	0.317562	0.456739	0.657338	0.409861	0.683459	0.170751	0.889796	0.556123	0.273722	0.562694	0.824283	0.662511	
0.849760	0.939566	0.165254	0.766788	0.627090	0.428009	0.856868	0.717725	0.360231	0.690826	0.321383	0.829250	0.900131	0.258215	0.333280	0.320068	0.809400	0.174610	0.328426	0.457471	0.164926	0.239943	0.723351	0.562120	0.846144	0.333609	0.499895	0.762632	0.554802	0.124440	0.941573	0.071123	0.704142	0.725627	0.187132	0.988083	0.068578	0.373851	0.185693	0.875511	0.188918	0.199364	0.371979	0.088840	0.982844	0.814863	0.657788	0.675389	
0.131719	0.394499	0.584114	0.670908	0.610608	0.444622	0.980730	0.828139	0.529254	0.858461	0.989499	0.828013	0.160581	0.896759	0.528862	0.180300	0.973165	0.979431	0.957382	0.209971	0.695099	0.364292	0.974726	0.845477	0.219934	0.405212	0.651240	0.181775	0.876102	0.630190	0.650683	0.065545	0.385290	0.181126	0.695315	0.910662	0.045691	0.066243	0.467385	0.524397	0.615658	0.896751	0.162835	0.078719	0.157062	0.443900	0.519400	0.431592	
0.554421	0.247361	0.003816	0.640150	0.432977	0.069924	0.618113	0.587681	0.523930	0.500670	0.562959	0.725702	0.288297	0.527765	0.679047	0.712387	0.572076	0.483205	0.117771	0.625399	0.829749	0.451111	0.289644	0.681634	0.523224	0.500339	0.761691	0.806205	0.395643	0.857686	0.293327	0.308159	0.529820	0.441295	0.914719	0.198341	0.762017	0.192330	0.688244	0.865234	0.056267	0.297652	0.591614	0.867947	0.437826	0.061947	0.295704	0.596557	
0.161469	0.473117	0.104546	0.820655	0.320909	0.918224	0.886949	0.220621	0.149031	0.761173	0.622130	0.727901	0.354752	0.791110	0.159954	0.475981	0.425519	0.397610	0.620555	0.396629	0.231251	0.950617	0.098310	0.061415	0.689512	0.987986	0.451707	0.371598	0.505735	0.456916	0.550374	0.987111	0.881995	0.505959	0.602987	0.444015	0.217440	0.952437	0.565871	0.563091	0.836440	0.567025	0.266963	0.094606	0.101331	0.438387	0.484420	0.627598	
0.810220	0.868966	0.036144	0.247445	0.707614	0.569333	0.213734	0.528869	0.683500	0.338321	0.034517	0.723162	0.984450	0.787553	0.587048	0.835285	0.548708	0.810474	0.017232	0.838436	0.257801	0.998332	0.540193	0.521708	0.623096	0.174158	0.292956	0.793461	0.058870	0.746275	0.996166	0.043185	0.285811	0.129726	0.911578	0.027889	0.375932	0.640913	0.553422	0.139819	0.022651	0.834131	0.211297	0.593012	0.208606	0.916084	0.920847	0.749646	
0.812927	0.509701	0.847535	0.893883	0.563812	0.139592	0.697418	0.293752	0.593387	0.035676	0.755475	0.074850	0.967976	0.168854	0.950202	0.095481	0.797872	0.487635	0.142773	0.868873	0.916314	0.823819	0.287875	0.333801	0.245454	0.685946	0.998165	0.965011	0.751730	0.854963	0.052364	0.465063	0.555627	0.495642	0.334215	0.404985	0.372979	0.864262	0.346375	0.542117	0.567540	0.592758	0.988859	0.531845	0.691633	0.442522	0.337253	0.594232	
0.860282	0.591281	0.454389	0.445027	0.225069	0.488223	0.507353	0.163272	0.258402	0.640597	0.313799	0.987851	0.559251	0.749428	0.337958	0.789385	0.433534	0.392737	0.376931	0.715291	0.147053	0.173443	0.233854	0.729298	0.092745	0.739518	0.542338	0.411975	0.157741	0.998094	0.505063	0.693939	0.168144	0.826520	0.924439	0.147074	0.745326	0.725898	0.657231	0.471436	0.825091	0.156520	0.938322	0.469019	0.729897	0.591762	0.254591	0.173557	
0.372376	0.967809	0.541889	0.368307	0.435399	0.266394	0.549401	0.842606	0.948783	0.741922	0.567620	0.983168	0.678053	0.532478	0.860631	0.355378	0.706112	0.529822	0.438069	0.535215	0.992335	0.966097	0.539439	0.916228	0.807829	0.375328	0.869090	0.672966	0.933426	0.479787	0.911479	0.027064	0.158352	0.865591	0.455016	0.469889	0.202416	0.989087	0.244690	0.230078	0.563464	0.427968	0.963902	0.979696	0.306378	0.691384	0.294648	0.835447	
0.275335	0.049422	0.101845	0.177702	0.955298	0.046117	0.072103	0.252507	0.881601	0.068121	0.781409	0.742830	0.507300	0.305644	0.152663	0.254949	0.842130	0.158348	0.823683	0.248236	0.502840	0.978969	0.570548	0.210510	0.911950	0.297651	0.326448	0.781147	0.474696	0.635697	0.227882	0.055356	0.195017	0.013987	0.549755	0.797680	0.556575	0.627538	0.008124	0.579272	0.116679	0.613435	0.917405	0.276875	0.481372	0.019459	0.803218	0.779266	
0.288518	0.016935	0.055475	0.890868	0.591264	0.739174	0.356454	0.519463	0.195370	0.916261	0.527479	0.504875	0.105708	0.718106	0.599148	0.907161	0.290625	0.725939	0.738711	0.958151	0.135213	0.929363	0.015771	0.964801	0.581725	0.323915	0.074198	0.118056	0.353123	0.088833	0.333534	0.839937	0.920090	0.970258	0.182683	0.988776	0.625734	0.809563	0.366965	0.852645	0.655426	0.057894	0.005349	0.909530	0.012111	0.310743	0.994357	0.969803	
0.716557	0.573248	0.868471	0.217136	0.480162	0.135709	0.801064	0.795818	0.164914	0.186113	0.029661	0.528736	0.094007	0.387417	0.990160	0.002811	0.297282	0.605956	0.138082	0.659957	0.849791	0.465372	0.784020	0.107344	0.114901	0.119197	0.389102	0.186334	0.487412	0.571473	0.930971	0.184287	0.150343	0.394005	0.613335	0.906670	0.849628	0.113981	0.633233	0.582581	0.514784	0.892697	0.349710	0.386994	0.652782	0.314693	0.532752	0.812006	
0.289223	0.971521	0.259973	0.365685	0.250234	0.743248	0.700992	0.631601	0.027607	0.119661	0.603329	0.214438	0.465123	0.839864	0.028111	0.680971	0.857882	0.219892	0.530684	0.227455	0.065242	0.664386	0.296533	0.982009	0.820285	0.701457	0.608326	0.679724	0.445026	0.071324	0.171459	0.790471	0.404787	0.147195	0.595939	0.716389	0.345354	0.427415	0.676762	0.966027	0.511095	0.920660	0.583378	0.192869	0.119973	0.501541	0.016488	0.320772	
0.302374	0.356745	0.842618	0.559495	0.453909	0.829859	0.396335	0.627717	0.463369	0.026851	0.148761	0.075151	0.483914	0.560165	0.868704	0.921677	0.348905	0.069392	0.351557	0.379495	0.615797	0.936137	0.005240	0.919562	0.112231	0.515356	0.166134	0.529725	0.167200	0.150450	0.970828	0.206982	0.350548	0.511255	0.905261	0.507571	0.100104	0.533190	0.007562	0.573952	0.399165	0.380783	0.679815	0.215347	0.000398	0.882919	0.437923	0.290958	
0.366275	0.490577	0.692964	0.792594	0.441855	0.898412	0.778535	0.569209	0.561672	0.743000	0.860501	0.088502	0.324143	0.832125	0.061322	0.550538	0.925297	0.699134	0.039262	0.411329	0.817511	0.930535	0.782106	0.773747	0.449737	0.585265	0.475093	0.171137	0.645189	0.561302	0.126345	0.134108	0.152954	0.669903	0.324969	0.673334	0.390973	0.738527	0.103613	0.516857	0.029021	0.863587	0.775890	0.303350	0.037985	0.127590	0.976493	0.215972	

Printing Matrix B
0.780650	0.312355	0.881384	0.451496	0.153797	0.035667	0.561510	0.162833	0.221112	0.252372	0.160649	0.286576	0.617038	0.695729	0.804840	0.739277	0.348503	0.806218	0.085807	0.834831	0.027643	0.039399	0.727313	0.666895	0.117135	0.171125	0.785112	0.776081	0.736661	0.352216	0.276895	0.126991	0.143125	0.855286	0.190923	0.468536	0.560614	0.807720	0.710168	0.236351	0.393882	0.105088	0.865178	0.581144	0.352979	0.143339	0.024853	0.255273	
0.203539	0.396910	0.800674	0.613029	0.373381	0.649214	0.895363	0.910851	0.293041	0.468240	0.897108	0.760057	0.982743	0.879962	0.173727	0.175574	0.245793	0.771729	0.437929	0.407755	0.805506	0.894858	0.942534	0.990115	0.821649	0.393794	0.507739	0.968845	0.057247	0.498078	0.984041	0.608240	0.246135	0.276301	0.764725	0.495374	0.741025	0.271100	0.195943	0.919135	0.719570	0.736349	0.466779	0.717791	0.553999	0.754999	0.889521	0.767873	
0.743206	0.819721	0.728230	0.078163	0.705328	0.152815	0.610477	0.918862	0.384878	0.557356	0.360404	0.375682	0.491015	0.452443	0.493919	0.516193	0.264490	0.745057	0.651009	0.461975	0.172482	0.257607	0.686740	0.113006	0.831679	0.923275	0.945508	0.106486	0.429637	0.817060	0.779245	0.160681	0.669166	0.036456	0.728957	0.676511	0.113222	0.684398	0.110587	0.871580	0.467766	0.134348	0.093811	0.849798	0.799763	0.447004	0.000111	0.622744	
0.513423	0.989452	0.157632	0.143819	0.600081	0.070816	0.625622	0.652933	0.737250	0.506663	0.028116	0.354509	0.023320	0.406887	0.409198	0.692708	0.688832	0.165002	0.348122	0.117319	0.137039	0.658870	0.130530	0.856050	0.099084	0.698841	0.719175	0.955078	0.854863	0.765926	0.391598	0.186682	0.140793	0.926894	0.660505	0.437118	0.232348	0.560205	0.407790	0.230658	0.778967	0.634073	0.982850	0.240637	0.951117	0.101773	0.465196	0.423145	
0.640139	0.094904	0.394252	0.098188	0.628010	0.989478	0.074647	0.542674	0.149636	0.351755	0.765899	0.970198	0.598954	0.059732	0.360427	0.670140	0.832916	0.301210	0.297066	0.853768	0.057790	0.960876	0.063382	0.986050	0.680298	0.345503	0.930198	0.163214	0.387673	0.593302	0.705822	0.748665	0.028486	0.765906	0.449273	0.250628	0.462919	0.639499	0.715055	0.739319	0.963355	0.841552	0.400524	0.422704	0.227712	0.536296	0.279449	0.472272	
0.334837	0.633486	0.857851	0.291173	0.095619	0.847071	0.556221	0.206028	0.671212	0.413128	0.052346	0.859932	0.851840	0.213592	0.681190	0.439223	0.924041	0.800137	0.956824	0.102662	0.021982	0.863118	0.536123	0.097779	0.116726	0.279071	0.346740	0.449130	0.535232	0.329868	0.348586	0.232449	0.841800	0.054519	0.123895	0.851068	0.106913	0.724080	0.783332	0.850371	0.332767	0.069131	0.268445	0.878087	0.180983	0.020099	0.977046	0.802196	
0.285133	0.617471	0.013895	0.554906	0.182724	0.763845	0.100845	0.866115	0.743658	0.113118	0.453506	0.815780	0.199160	0.164058	0.088426	0.995053	0.822968	0.782588	0.081063	0.957672	0.616479	0.229844	0.335732	0.150936	0.031204	0.091493	0.255259	0.119199	0.743150	0.630625	0.249511	0.205135	0.238202	0.909342	0.325216	0.583052	0.588531	0.659019	0.908854	0.003653	0.074009	0.424767	0.002418	0.783686	0.827223	0.577144	0.039990	0.149212	
0.770002	0.597457	0.925569	0.036913	0.993404	0.438363	0.505887	0.842316	0.537162	0.909163	0.811049	0.285148	0.107161	0.715005	0.644572	0.425343	0.922772	0.509792	0.203308	0.362440	0.242638	0.098971	0.242819	0.328421	0.208370	0.319560	0.930435	0.657690	0.467000	0.184747	0.236913	0.526146	0.632889	0.008025	0.582643	0.032909	0.171268	0.573806	0.073167	0.194067	0.139813	0.300955	0.118335	0.107843	0.331341	0.696907	0.902680	0.727939	
0.258990	0.371765	0.106429	0.666914	0.536555	0.691783	0.142948	0.891259	0.399476	0.353008	0.150860	0.103146	0.753442	0.050455	0.023105	0.191691	0.514359	0.123729	0.968131	0.898485	0.031363	0.114408	0.476117	0.457073	0.197881	0.393404	0.270933	0.830941	0.296602	0.680497	0.659791	0.601803	0.435644	0.794939	0.516175	0.908462	0.283691	0.721850	0.028537	0.635402	0.989003	0.575159	0.525356	0.284311	0.287497	0.141665	0.836996	0.121439	
0.468999	0.676416	0.609801	0.532712	0.607748	0.653301	0.433483	0.862704	0.317509	0.682422	0.843962	0.664822	0.931541	0.078748	0.549955	0.041178	0.116564	0.004128	0.302472	0.619857	0.791401	0.546505	0.561860	0.647371	0.847071	0.722233	0.296526	0.822492	0.193542	0.996604	0.101426	0.762451	0.755376	0.944354	0.303419	0.968067	0.837368	0.319706	0.923781	0.278597	0.296870	0.461885	0.387885	0.821463	0.185617	0.324924	0.855849	0.505033	
0.853954	0.669072	0.013598	0.252195	0.151711	0.250195	0.538977	0.846343	0.529622	0.429242	0.592604	0.498933	0.068772	0.065264	0.911231	0.535845	0.019683	0.922559	0.842055	0.884248	0.746654	0.069258	0.663235	0.121477	0.223828	0.110363	0.801424	0.594653	0.433152	0.794817	0.230213	0.109569	0.535579	0.283178	0.206882	0.371401	0.301870	0.239166	0.356259	0.157963	0.911363	0.396519	0.877622	0.582984	0.651089	0.655158	0.708463	0.131199	
0.796855	0.621676	0.581804	0.957272	0.433735	0.848780	0.557082	0.370080	0.275069	0.181232	0.757772	0.463465	0.142017	0.290163	0.883350	0.094521	0.835739	0.683942	0.709274	0.301218	0.837653	0.933002	0.156740	0.863181	0.069681	0.584500	0.808629	0.236314	0.166588	0.801125	0.947839	0.730142	0.611844	0.201122	0.055299	0.464126	0.652338	0.287687	0.700210	0.240887	0.195281	0.597345	0.873351	0.954556	0.360135	0.089876	0.651327	0.091553	
0.234103	0.584289	0.795015	0.182353	0.445543	0.256431	0.620908	0.915645	0.322705	0.820098	0.346647	0.235995	0.530335	0.014757	0.145890	0.444833	0.398984	0.669394	0.077537	0.641351	0.321787	0.668832	0.395099	0.758883	0.097466	0.913860	0.353635	0.150896	0.475725	0.065632	0.271962	0.001607	0.539587	0.864945	0.522748	0.140203	0.404078	0.787230	0.393512	0.516981	0.125095	0.935091	0.580695	0.362700	0.251640	0.678035	0.938796	0.194547	
0.350643	0.095505	0.565788	0.717927	0.044743	0.769043	0.051271	0.929233	0.716865	0.655096	0.950311	0.353980	0.446127	0.725552	0.711657	0.863305	0.979592	0.935692	0.194519	0.515246	0.158777	0.677517	0.570313	0.386414	0.471074	0.584738	0.059306	0.623337	0.970733	0.890356	0.268989	0.744691	0.712472	0.793961	0.334002	0.146252	0.593496	0.702827	0.430519	0.450987	0.130752	0.322979	0.974442	0.695491	0.295206	0.627565	0.339508	0.812776	
0.052638	0.958970	0.915945	0.879419	0.928991	0.673250	0.671487	0.261103	0.159962	0.992296	0.530399	0.079579	0.273635	0.389799	0.079399	0.665123	0.809313	0.518678	0.729316	0.234699	0.980342	0.017817	0.032186	0.454067	0.863002	0.326552	0.134152	0.219005	0.113274	0.020930	0.811380	0.324711	0.310147	0.345950	0.241486	0.697770	0.488597	0.873657	0.994506	0.712931	0.774089	0.250909	0.445613	0.316027	0.078719	0.751561	0.023010	0.510790	
0.919662	0.372621	0.437388	0.382976	0.785977	0.446769	0.584358	0.637991	0.199183	0.266686	0.358814	0.203684	0.919670	0.327631	0.031517	0.275837	0.695161	0.112327	0.718848	0.058535	0.751935	0.285307	0.665004	0.694739	0.812198	0.508983	0.544139	0.608544	0.667912	0.406488	0.774596	0.650609	0.330783	0.602306	0.258238	0.554456	0.166145	0.346466	0.763062	0.695336	0.002631	0.746272	0.916986	0.010578	0.290991	0.284327	0.099391	0.535344	
0.697871	0.479806	0.798491	0.966281	0.874025	0.795785	0.353953	0.212347	0.695439	0.903354	0.313435	0.197322	0.330998	0.670013	0.416585	0.860563	0.343007	0.070563	0.374631	0.106134	0.349592	0.885744	0.393040	0.060128	0.056710	0.700903	0.877413	0.974570	0.379875	0.638800	0.849939	0.910915	0.839733	0.334444	0.018323	0.463020	0.342498	0.071459	0.446855	0.824017	0.095069	0.873708	0.423146	0.180893	0.492861	0.599480	0.319057	0.535747	
0.491872	0.373153	0.310770	0.878109	0.184936	0.388806	0.081154	0.135355	0.737743	0.148705	0.857342	0.963909	0.149291	0.693004	0.073783	0.627137	0.098943	0.075850	0.836463	0.062981	0.903527	0.653190	0.664610	0.160904	0.797609	0.563242	0.639207	0.005154	0.090539	0.256846	0.926909	0.729977	0.884273	0.435565	0.759785	0.742135	0.950333	0.647993	0.183870	0.017297	0.118506	0.636429	0.107689	0.546211	0.339742	0.362549	0.687041	0.292503	
0.898352	0.292051	0.226614	0.321449	0.429511	0.791891	0.778338	0.594859	0.389726	0.654557	0.872872	0.695643	0.003826	0.479264	0.150718	0.262182	0.499835	0.707208	0.588419	0.903396	0.998099	0.631310	0.504475	0.673282	0.457458	0.391617	0.528607	0.542943	0.145452	0.223300	0.793974	0.345242	0.039715	0.020257	0.081107	0.646063	0.618941	0.855644	0.503543	0.017617	0.856764	0.291330	0.496493	0.917803	0.856479	0.938116	0.626585	0.944262	
0.335807	0.294435	0.888173	0.496120	0.217872	0.630528	0.880690	0.682415	0.057378	0.122824	0.808018	0.195816	0.181730	0.314950	0.417290	0.474615	0.223731	0.170011	0.709548	0.619016	0.017896	0.648834	0.897690	0.636038	0.304995	0.508939	0.799489	0.777509	0.838688	0.789534	0.351670	0.009075	0.033199	0.687304	0.845217	0.670167	0.555865	0.761698	0.650251	0.408623	0.156598	0.068258	0.622318	0.937306	0.938226	0.716984	0.990988	0.865298	
0.905144	0.766934	0.858922	0.613473	0.756102	0.868342	0.772907	0.361598	0.194528	0.885592	0.275624	0.277852	0.549737	0.503746	0.720893	0.564912	0.921646	0.376398	0.768947	0.195355	0.365042	0.931403	0.340662	0.067454	0.722857	0.352035	0.775944	0.212331	0.624722	0.866406	0.085121	0.971652	0.763165	0.787335	0.337921	0.057162	0.046387	0.840912	0.281565	0.922239	0.861412	0.002904	0.904161	0.963038	0.931311	0.874499	0.260763	0.023199	
0.194201	0.556040	0.793223	0.235085	0.601767	0.226659	0.984363	0.887755	0.423173	0.483131	0.105893	0.856218	0.275613	0.053636	0.576868	0.560303	0.887368	0.303191	0.729546	0.520201	0.614273	0.214645	0.895759	0.444410	0.993059	0.646267	0.373710	0.136155	0.233201	0.185698	0.266625	0.581138	0.862345	0.834583	0.422605	0.923203	0.101645	0.635513	0.240248	0.316336	0.007465	0.332258	0.465088	0.030497	0.658203	0.508358	0.962196	0.078821	
0.973825	0.416431	0.268188	0.433309	0.477482	0.367237	0.148745	0.951036	0.646175	0.537385	0.751707	0.809552	0.784077	0.334739	0.407407	0.570814	0.326963	0.777663	0.326879	0.964984	0.279793	0.522090	0.015793	0.584749	0.756420	0.773231	0.690015	0.918038	0.900694	0.220366	0.666335	0.689332	0.778424	0.588449	0.677966	0.909663	0.885653	0.386298	0.904879	0.563415	0.093181	0.169427	0.919430	0.257288	0.340241	0.128224	0.268833	0.999874	
0.284551	0.152560	0.141756	0.920277	0.493976	0.928856	0.277622	0.060155	0.828918	0.153999	0.317046	0.568471	0.888941	0.663862	0.514250	0.205032	0.252060	0.761319	0.419815	0.421226	0.988171	0.312647	0.842353	0.636595	0.602384	0.419618	0.201881	0.576717	0.684784	0.248596	0.904316	0.997835	0.811220	0.550191	0.440750	0.144826	0.321499	0.694713	0.830275	0.835124	0.121903	0.352089	0.242832	0.414606	0.169384	0.126649	0.116830	0.230075	
0.883639	0.159085	0.751684	0.753309	0.761384	0.237036	0.779331	0.024317	0.326902	0.225018	0.305211	0.497349	0.302826	0.548295	0.748483	0.347707	0.558636	0.956511	0.810702	0.383503	0.157843	0.163744	0.692699	0.838408	0.564467	0.589335	0.703050	0.344272	0.710683	0.425533	0.670936	0.091289	0.280032	0.539892	0.757621	0.662820	0.543933	0.852638	0.014626	0.256233	0.754473	0.448771	0.932253	0.463399	0.685610	0.102103	0.662173	0.586119	
0.241192	0.032939	0.049405	0.914277	0.522324	0.829970	0.457961	0.116043	0.931771	0.669957	0.357857	0.506960	0.022289	0.400014	0.802455	0.626667	0.112143	0.042460	0.355366	0.754886	0.723652	0.414640	0.671059	0.394047	0.095498	0.466854	0.197359	0.496822	0.582877	0.904110	0.882968	0.428979	0.190382	0.156659	0.428175	0.423438	0.496401	0.333440	0.368762	0.770290	0.791490	0.917614	0.210957	0.208497	0.311273	0.179165	0.643383	0.189353	
0.079582	0.379513	0.257557	0.659585	0.641029	0.921418	0.720511	0.474050	0.928851	0.500850	0.806102	0.933642	0.821954	0.311615	0.720951	0.299103	0.846980	0.308292	0.481567	0.858496	0.960901	0.132387	0.471622	0.193413	0.998102	0.540282	0.403611	0.921578	0.586731	0.690902	0.734161	0.108216	0.668621	0.685678	0.384384	0.272785	0.324087	0.026698	0.011609	0.196183	0.914375	0.813916	0.210388	0.543550	0.968688	0.104803	0.224457	0.283990	
0.629527	0.043266	0.513841	0.359197	0.721222	0.633638	0.606007	0.742544	0.566285	0.838367	0.291954	0.573793	0.616369	0.963490	0.891615	0.733903	0.217148	0.535054	0.093219	0.568917	0.280147	0.547273	0.032375	0.406535	0.846277	0.375333	0.626819	0.398873	0.627723	0.084014	0.609843	0.040480	0.595086	0.557979	0.469785	0.502746	0.329451	0.636086	0.339837	0.960486	0.287523	0.324345	0.284946	0.157531	0.085580	0.432006	0.059461	0.522413	
0.048020	0.342851	0.207288	0.267737	0.895618	0.898564	0.946444	0.421568	0.194869	0.148309	0.469130	0.392483	0.547384	0.250133	0.296975	0.261391	0.852938	0.862801	0.449840	0.596965	0.034361	0.580912	0.354580	0.214771	0.748393	0.029264	0.668919	0.772232	0.246236	0.823148	0.794911	0.888206	0.688782	0.708076	0.881545	0.484080	0.800571	0.896711	0.067472	0.704599	0.474562	0.033388	0.155609	0.359784	0.827985	0.945056	0.267471	0.270746	
0.584270	0.094874	0.283863	0.381721	0.643946	0.239584	0.389914	0.527284	0.678046	0.007956	0.366292	0.235500	0.550672	0.817174	0.013819	0.774396	0.066743	0.063904	0.448224	0.435040	0.724057	0.803589	0.618808	0.978446	0.891545	0.130510	0.354143	0.452115	0.546566	0.722958	0.357210	0.158474	0.366624	0.774559	0.668003	0.907018	0.884224	0.506030	0.041480	0.799886	0.470878	0.190861	0.296406	0.729835	0.912265	0.403358	0.950147	0.693428	
0.784209	0.131619	0.677585	0.844271	0.749243	0.064841	0.834777	0.723747	0.795123	0.130674	0.557585	0.934501	0.313303	0.739325	0.899690	0.580221	0.900739	0.136111	0.750476	0.140132	0.330684	0.290442	0.069700	0.471115	0.928797	0.956351	0.462299	0.956231	0.228710	0.039052	0.128309	0.812299	0.331113	0.607371	0.928793	0.581308	0.952476	0.424937	0.885939	0.886999	0.497841	0.301117	0.734202	0.735741	0.952905	0.091313	0.394066	0.110261	
0.852022	0.806769	0.465135	0.040292	0.259827	0.439788	0.361281	0.960502	0.170137	0.819261	0.518968	0.867252	0.329796	0.553087	0.862176	0.449041	0.380980	0.495013	0.643887	0.263727	0.000533	0.049480	0.030302	0.220936	0.271601	0.104779	0.595199	0.262442	0.930595	0.648857	0.478877	0.506970	0.353708	0.705973	0.537288	0.901309	0.673216	0.899635	0.960771	0.903958	0.160767	0.022941	0.980767	0.680961	0.100912	0.704134	0.427716	0.439647	
0.213087	0.779020	0.115320	0.288195	0.631119	0.492054	0.308401	0.824263	0.404748	0.225135	0.132588	0.296879	0.235914	0.813290	0.212117	0.445054	0.398556	0.175578	0.904404	0.302412	0.651603	0.127413	0.190478	0.429172	0.798880	0.980743	0.560402	0.164967	0.278634	0.459946	0.231193	0.915954	0.129075	0.143626	0.555304	0.569001	0.240505	0.166911	0.648090	0.026210	0.250390	0.378437	0.284574	0.607108	0.521661	0.053958	0.972054	0.382604	
0.061443	0.134607	0.972269	0.823654	0.400022	0.643758	0.586649	0.495081	0.676920	0.647830	0.416922	0.524702	0.321991	0.691437	0.548572	0.395173	0.600271	0.226762	0.233387	0.785314	0.040982	0.681520	0.099040	0.464669	0.050119	0.737454	0.367436	0.405623	0.840815	0.983471	0.171100	0.999402	0.908423	0.343912	0.276580	0.775219	0.558298	0.945193	0.633340	0.433298	0.522360	0.150500	0.432907	0.579223	0.653182	0.663109	0.941337	0.595654	
0.888674	0.991570	0.068792	0.482817	0.223527	0.284427	0.837871	0.540327	0.888476	0.250027	0.246949	0.595106	0.391943	0.724414	0.920726	0.183040	0.259634	0.974654	0.941399	0.955515	0.885480	0.021794	0.957667	0.083582	0.252947	0.167527	0.162859	0.400027	0.020847	0.888082	0.444508	0.750973	0.245733	0.032568	0.183098	0.352058	0.228026	0.791929	0.935971	0.031837	0.209120	0.688813	0.961996	0.926781	0.213280	0.924416	0.885986	0.361931	
0.401016	0.318850	0.382582	0.652692	0.044759	0.796302	0.320133	0.169648	0.027503	0.901232	0.947301	0.972343	0.642876	0.818370	0.572148	0.660581	0.574799	0.557279	0.650339	0.567990	0.654593	0.675829	0.192431	0.503980	0.703938	0.209433	0.233226	0.811821	0.078535	0.404964	0.810491	0.623848	0.044976	0.342672	0.391098	0.390414	0.274954	0.020417	0.911720	0.687319	0.929609	0.266898	0.078527	0.038937	0.708909	0.807745	0.509445	0.904690	
0.612718	0.249737	0.158023	0.049507	0.706393	0.900362	0.594321	0.233772	0.484432	0.686765	0.579388	0.720021	0.169602	0.807697	0.959357	0.233468	0.959748	0.575892	0.123355	0.550749	0.695323	0.447862	0.038792	0.813574	0.182303	0.086184	0.226041	0.049989	0.333970	0.074690	0.570072	0.865403	0.791364	0.647592	0.066694	0.744468	0.649452	0.051660	0.873963	0.211468	0.365573	0.817958	0.103856	0.987257	0.725632	0.731154	0.370105	0.825525	
0.037852	0.076188	0.671457	0.866563	0.012985	0.009153	0.783458	0.943215	0.518273	0.740645	0.629120	0.059956	0.789848	0.650457	0.387667	0.321422	0.949098	0.530065	0.218266	0.941464	0.314852	0.118199	0.171239	0.247341	0.822588	0.311642	0.715887	0.806459	0.162708	0.665689	0.932897	0.975893	0.384721	0.502551	0.902587	0.834238	0.394633	0.315750	0.013852	0.255383	0.551076	0.288147	0.938623	0.772699	0.551522	0.651705	0.425498	0.366415	
0.133557	0.413207	0.312981	0.253584	0.199882	0.273486	0.132424	0.050174	0.095894	0.950464	0.432927	0.135848	0.161550	0.468869	0.415151	0.397267	0.704251	0.584852	0.057919	0.724846	0.407769	0.471535	0.527201	0.223694	0.860029	0.657613	0.897320	0.277406	0.581014	0.645917	0.581560	0.544874	0.853659	0.303043	0.968162	0.169378	0.026221	0.916125	0.162622	0.176518	0.313977	0.315607	0.627592	0.270166	0.339288	0.204772	0.959269	0.206658	
0.879372	0.724505	0.537590	0.223466	0.534796	0.117234	0.279411	0.720069	0.127883	0.804684	0.628688	0.964081	0.990934	0.888823	0.918499	0.763130	0.605182	0.645406	0.381518	0.706585	0.008464	0.613732	0.117571	0.881262	0.369477	0.000929	0.760796	0.966140	0.133864	0.701933	0.950445	0.850236	0.952697	0.698400	0.364515	0.250530	0.228804	0.660854	0.198063	0.591829	0.228063	0.565705	0.557769	0.740589	0.386809	0.743997	0.907585	0.892880	
0.089874	0.194497	0.996265	0.827368	0.309289	0.571443	0.030340	0.074893	0.756030	0.247261	0.172443	0.005431	0.430373	0.896504	0.343660	0.198240	0.380665	0.887923	0.837764	0.601999	0.203514	0.654405	0.336715	0.492256	0.369896	0.406543	0.727368	0.101589	0.161403	0.495699	0.787478	0.938597	0.086675	0.545074	0.541812	0.071492	0.320516	0.979180	0.455196	0.749976	0.210953	0.367430	0.568494	0.096063	0.467113	0.234960	0.285701	0.422734	
0.000077	0.296815	0.114882	0.287215	0.094205	0.092630	0.737830	0.374492	0.999126	0.887105	0.210941	0.297517	0.574930	0.932644	0.706035	0.233007	0.323187	0.248001	0.898130	0.873468	0.801610	0.541736	0.808703	0.488223	0.658149	0.375449	0.358496	0.547143	0.205444	0.794057	0.835165	0.617591	0.556886	0.596421	0.400807	0.447351	0.435987	0.741856	0.905314	0.052519	0.605406	0.432553	0.100934	0.897327	0.459483	0.217857	0.718448	0.453001	
0.701039	0.730351	0.519311	0.304261	0.166789	0.199988	0.276195	0.635567	0.680475	0.845503	0.047817	0.087787	0.434214	0.801949	0.141091	0.427997	0.304371	0.943975	0.336051	0.778981	0.294353	0.574943	0.231476	0.452149	0.278631	0.693360	0.040481	0.833748	0.086791	0.627358	0.890646	0.070012	0.213704	0.018700	0.262223	0.052595	0.776649	0.127123	0.838048	0.920075	0.876923	0.443127	0.394581	0.392100	0.912572	0.709254	0.074814	0.998235	
0.793253	0.838273	0.814615	0.612051	0.518406	0.599388	0.318446	0.473134	0.132898	0.112774	0.193136	0.008852	0.524333	0.908926	0.497372	0.887666	0.924096	0.346100	0.616807	0.329975	0.697325	0.491667	0.448827	0.211140	0.881062	0.109204	0.828790	0.179906	0.836162	0.952271	0.995994	0.624158	0.565876	0.658801	0.928409	0.317896	0.918139	0.641505	0.774364	0.948690	0.176560	0.729624	0.175949	0.358473	0.998363	0.345645	0.150680	0.914447	
0.940062	0.899240	0.562023	0.494204	0.026699	0.847128	0.988354	0.456489	0.853712	0.170263	0.095644	0.041772	0.839479	0.088364	0.357220	0.706716	0.576059	0.165752	0.823092	0.618245	0.795666	0.650855	0.261190	0.948933	0.293458	0.144562	0.647932	0.483109	0.573751	0.477571	0.574284	0.228253	0.790243	0.288426	0.053962	0.463126	0.372043	0.633647	0.221326	0.748134	0.701778	0.903886	0.079031	0.837122	0.958468	0.583753	0.498980	0.683096	
0.206011	0.902558	0.878192	0.109601	0.479666	0.883467	0.325829	0.215775	0.524298	0.377317	0.506655	0.256111	0.529131	0.997875	0.651870	0.317334	0.652492	0.117855	0.585576	0.780918	0.970704	0.766234	0.295987	0.324140	0.101670	0.423613	0.915895	0.073449	0.519589	0.473137	0.752295	0.029341	0.010363	0.935471	0.374650	0.661181	0.380775	0.641887	0.409425	0.497046	0.667483	0.119421	0.600384	0.028404	0.264193	0.291432	0.292012	0.421275	
0.467967	0.898313	0.073135	0.187972	0.986910	0.130671	0.795886	0.907430	0.548377	0.046747	0.219721	0.268733	0.576693	0.500402	0.880938	0.171079	0.278422	0.191523	0.628887	0.805466	0.209354	0.012132	0.563854	0.468608	0.946413	0.260991	0.590507	0.650048	0.089890	0.035904	0.072126	0.319733	0.276374	0.702105	0.890750	0.521058	0.443708	0.105344	0.452752	0.119792	0.089308	0.565299	0.910508	0.847015	0.365797	0.971226	0.089901	0.788472	
0.802214	0.271536	0.998148	0.793068	0.325784	0.449417	0.472364	0.177701	0.949993	0.241487	0.958346	0.860899	0.971421	0.762066	0.123083	0.427597	0.041114	0.618261	0.491728	0.481118	0.309741	0.596047	0.499744	0.343778	0.516747	0.310238	0.673768	0.799236	0.003262	0.706511	0.111840	0.051642	0.833242	0.192217	0.081232	0.142481	0.603869	0.173079	0.512274	0.553349	0.102123	0.504114	0.034724	0.421079	0.864653	0.164330	0.261698	0.129447	

Printing Matrix C
12.135535	11.903125	14.524285	12.854616	12.551382	13.633373	13.041441	12.915480	11.939674	11.880457	11.434189	11.540671	12.289704	13.261905	12.878990	12.059184	14.215022	11.672327	12.959023	13.872230	12.127649	11.802027	10.309248	12.520391	12.764054	10.958513	13.918468	12.102224	10.957886	13.092921	14.171474	12.932156	11.673696	12.941174	11.242224	13.099300	11.778823	13.907873	13.292512	12.776644	10.279122	10.918392	12.039243	12.197991	12.584135	11.026739	12.721301	12.506434	
10.286651	9.319152	9.027077	9.040971	9.116550	10.365300	9.542714	10.248458	10.293230	9.622486	9.269440	9.276648	9.362672	10.979326	10.372818	9.810403	10.816286	9.177489	9.706447	10.420853	8.611591	9.297179	8.192473	8.693217	10.239413	7.956313	10.660401	10.370976	9.854524	11.171726	10.698865	10.441294	10.353461	10.113182	9.830672	8.984911	8.883595	10.720078	9.206252	10.027140	8.233693	8.296534	9.564457	10.427831	10.882503	9.290460	9.812845	10.150794	
11.642015	10.923400	12.105645	11.368809	10.543478	12.048688	12.598873	13.530304	12.463349	12.243899	11.825454	11.906265	11.141955	12.454611	12.217788	11.344113	12.673887	11.636648	12.173818	15.383566	11.231131	11.787078	9.698409	11.710506	11.982759	10.498154	13.242431	12.099416	9.975121	13.074136	13.299234	12.363360	11.804365	12.921193	11.334537	12.802877	11.714028	13.831576	12.734188	11.474313	10.571333	10.215868	11.798059	13.656272	13.714707	12.059432	12.898843	11.851778	
13.201515	11.590299	12.029423	10.926540	10.644061	12.364919	12.410402	12.609020	12.329481	11.911723	10.967468	11.215748	10.707094	12.106861	12.326838	11.435581	12.475416	12.641310	11.949866	12.990219	10.556122	12.085989	10.575631	11.262716	10.549353	9.776773	13.171168	12.275929	10.854403	13.140077	12.668804	12.158227	12.619935	11.982703	10.232238	11.224340	11.655322	13.735198	11.833699	11.099118	9.904848	10.539245	11.650803	13.913266	13.146347	11.701870	12.645900	12.191956	
10.501081	9.972036	9.804741	9.191809	9.571183	10.156035	10.871369	10.839459	9.532367	9.191643	8.374520	9.934495	10.189016	9.760409	10.120203	9.073606	11.013688	9.388184	11.251717	10.791030	8.544853	9.624365	8.533439	10.260029	10.744677	8.962658	10.787122	10.402470	7.661131	9.783820	10.976314	10.384530	9.910991	10.486063	9.513349	9.554539	8.696523	10.807197	9.538507	10.501093	9.117835	9.192534	10.113164	10.940835	11.030420	9.413514	10.457034	9.173983	
11.450351	11.174352	10.312278	8.993398	9.079882	9.818606	10.570033	12.391330	10.613359	9.652023	8.546390	9.663298	9.885396	10.461300	10.210179	10.045706	11.963578	11.055650	11.300546	11.957183	9.054659	9.455422	8.750175	10.270834	10.009228	8.612489	11.628020	10.250177	9.052364	11.470128	12.253217	10.195953	9.746224	10.040015	9.625241	10.761355	8.932580	12.253042	10.187025	10.417213	8.223822	9.141770	11.087374	11.287247	11.254166	9.531509	10.925257	10.767089	
13.963434	11.935500	14.951324	13.603756	11.846022	14.328982	13.565955	15.152986	13.019865	13.693284	14.054064	13.768758	13.551463	14.815821	13.432275	12.858485	15.358385	13.507288	12.479327	15.240263	12.444395	13.458613	10.465483	13.569199	13.613337	11.804713	14.826772	14.164035	11.763225	14.392436	15.385953	14.645059	13.976692	14.261889	12.043726	13.860695	13.250748	14.981143	13.888050	13.461145	10.327444	11.843765	13.285853	14.169147	14.541315	12.694706	13.623091	13.495281	
12.804783	10.713274	10.388572	10.035696	10.115844	12.029466	10.968436	12.468321	10.654196	10.275809	10.090548	11.011762	10.835742	11.271419	12.035091	10.834130	12.431583	11.844909	11.681476	12.838274	10.646821	10.132093	9.976120	11.312656	10.538418	8.517103	11.784760	10.611553	10.697514	11.410517	12.702080	11.348052	11.223593	11.962836	9.378948	11.187283	9.953628	12.936804	12.344669	10.693630	7.879463	10.273305	11.636533	12.169890	10.940527	10.553294	11.445850	11.759315	
13.341184	12.168240	13.465270	11.408227	11.885430	12.961239	13.158972	13.375576	11.844889	11.875920	12.211314	11.570485	10.931763	13.331835	12.558891	12.212323	12.769525	11.516542	12.825033	13.417756	11.753211	11.386965	11.094045	12.094685	12.328708	10.483303	13.926166	11.651396	11.617062	13.080568	13.120532	10.546796	11.351130	12.372609	11.466353	12.672895	11.415924	13.927135	11.677158	12.363564	10.624289	10.575524	12.441227	12.974897	13.460771	12.309310	12.631097	12.676472	
12.538061	11.408585	13.200436	12.569320	11.437759	13.152924	12.269387	13.249228	11.557609	11.419802	12.499866	11.950271	11.536798	13.028762	12.115875	11.989721	13.426164	12.267095	13.061253	13.639898	11.668930	12.643376	10.037470	12.654915	12.982034	10.816735	13.970853	12.126442	10.458189	13.897698	14.492865	12.102119	11.245162	12.602161	11.614812	12.034069	11.622380	14.031498	10.859583	12.767347	12.542946	10.073364	12.524255	13.742288	14.021567	11.576631	12.234882	12.153847	
12.723675	12.236567	12.714135	12.236423	13.056793	14.055861	12.603489	13.073760	12.553705	12.807400	11.375322	10.832581	12.956822	13.505982	12.905226	12.255525	14.147891	12.736067	12.637480	14.011999	11.612615	11.987466	10.685722	11.769631	13.539649	10.230501	13.996305	13.363906	11.320289	13.797918	14.508342	13.091017	13.081949	13.799201	11.904166	11.160324	11.563338	13.757814	12.404176	14.106786	11.551471	11.912167	12.849685	12.844761	13.298695	12.070927	11.435343	11.974109	
10.340255	11.373932	11.261126	11.297172	11.172475	13.230473	11.139149	11.481794	10.964074	10.807886	11.605426	11.242733	10.789973	12.390984	10.555672	10.534296	12.789688	10.431231	12.186841	12.748946	11.607368	11.507273	9.189173	11.320322	12.126919	9.744823	13.237784	11.109493	9.987366	13.376545	13.927012	12.428325	10.708710	13.261520	11.079962	12.242850	11.760055	12.937856	12.742027	10.563451	9.892787	10.538928	10.922211	12.167795	12.549091	10.236688	11.568645	10.878498	
10.884365	10.257519	11.965448	11.280404	11.119513	12.088990	12.261627	12.640904	11.096758	11.528505	11.137536	11.411945	11.275518	11.883016	12.354598	9.692282	12.791629	11.728535	11.999048	13.816986	9.561259	10.603355	9.666947	11.031684	11.799358	10.703951	12.571641	12.198292	9.584388	12.552165	12.760620	13.019040	11.856817	11.935945	11.273065	11.965328	10.650849	12.719657	11.599143	11.229094	9.499319	9.507821	12.003682	12.386601	12.079866	10.682145	13.009706	10.809036	
12.097367	10.787963	12.005195	10.677973	10.525876	12.008767	11.851329	12.249259	11.122694	9.476247	10.364164	10.857393	11.552447	11.983687	11.186436	10.470737	11.791728	10.303317	12.302726	12.503476	10.667530	10.032423	9.396588	10.366788	12.629550	9.225411	12.989643	10.243894	9.920226	11.889641	12.829651	11.672723	10.530707	11.787864	10.907376	12.107131	10.912373	13.370507	12.045807	11.877729	9.083404	9.627724	10.683328	12.294174	11.879546	10.804326	10.027085	11.313429	
10.506876	10.999912	12.136802	11.364324	10.447286	12.500498	11.363321	13.484923	10.779544	11.499839	10.656513	10.550654	11.225442	11.534706	10.515384	10.546509	12.486239	11.034813	12.149125	13.220323	10.353310	11.437910	9.157886	11.208679	12.469995	10.587261	11.839497	10.941973	9.576182	12.148747	13.138524	12.241043	11.167786	11.900981	11.083133	12.181142	11.076226	13.040592	11.209551	12.185424	10.089197	9.591167	11.605107	12.265465	11.992318	11.474015	12.149403	11.785198	
12.741947	10.805184	14.347910	15.024740	12.117655	14.770915	12.717248	13.605518	13.133787	12.872459	13.296215	12.536979	13.153553	13.915060	12.042907	13.227567	13.421754	12.418402	13.220223	14.058370	12.816822	13.193354	11.398221	12.899471	14.313092	11.952015	14.062763	13.501053	11.891874	14.879089	15.247393	13.992476	12.866773	13.711215	12.271979	13.386695	13.189595	14.567248	13.478298	14.806128	11.455902	11.564380	12.977940	13.064459	13.494511	11.821378	13.037768	12.014371	
12.346091	11.466875	12.982137	11.478126	11.088857	12.763241	11.778960	13.662029	12.481371	12.204588	11.245864	11.651237	11.482528	12.442488	12.665496	12.005059	12.847663	11.249014	11.862434	14.544066	11.567259	11.845970	9.406161	11.484586	12.642668	11.274041	13.253108	11.109431	10.751695	13.668084	13.502669	11.733502	12.294376	12.356807	11.025912	12.437938	12.046214	13.355170	12.819018	13.118184	10.742690	10.610105	10.974694	12.366456	12.785814	10.689045	11.803236	11.526383	
11.459365	11.545618	12.661821	11.161743	10.957414	13.380993	12.193596	13.102772	12.282934	12.125450	11.253136	12.056002	12.120040	13.874283	12.513561	11.685419	13.407364	13.202253	12.257506	14.301473	10.480915	12.596512	10.156316	12.045552	11.837183	10.088431	13.264858	12.795770	11.692414	13.744189	15.256431	12.456120	11.563209	12.887250	11.809327	12.439928	11.615534	14.513459	13.073766	13.477670	10.383071	9.996261	12.198936	12.799623	13.091737	11.800734	12.319609	13.702912	
11.371890	10.951337	11.035021	10.245223	9.845110	10.774683	11.087534	11.678785	10.172643	9.724184	9.568540	10.513987	11.022687	10.954149	10.212835	9.764409	11.531398	11.733509	12.906404	12.082415	10.025286	8.641788	9.764225	9.904610	11.407329	8.354963	11.573988	10.946445	8.367709	10.498254	13.107443	10.632959	9.808831	9.886474	10.091655	11.205231	9.709832	12.309646	10.851282	10.869906	9.321454	9.204405	10.121994	10.622130	11.065215	9.965787	10.657308	11.407214	
13.980795	13.978040	14.497681	13.405149	13.530545	14.548125	14.184689	14.409578	13.945590	13.972527	12.318798	12.420215	13.420965	15.303006	13.454587	13.125804	13.949670	13.946281	14.540431	15.663256	12.731086	13.401113	12.002510	13.114084	13.799057	11.984627	15.541059	14.303643	11.759056	15.411506	16.281047	14.055743	13.169231	14.696658	13.284574	13.560351	13.541148	15.780458	14.358670	14.304655	12.541528	12.549058	13.201184	14.116929	14.928313	12.975936	13.590444	13.663166	
12.967393	11.276892	12.591624	13.017509	11.077120	14.279935	13.042606	13.616678	12.581952	13.163634	13.604919	12.443506	12.343667	13.546282	13.019279	12.113409	13.338395	12.259690	13.079293	14.788495	12.265215	12.529738	10.667658	12.007654	12.191296	10.335333	13.449578	14.083267	10.667751	15.144043	15.425241	11.891024	12.070422	12.375417	10.814640	12.694267	11.653372	12.928409	11.593672	13.062643	12.744885	11.247196	12.274621	14.092103	14.187250	12.360014	12.967340	12.763560	
10.998378	11.085783	10.724797	11.346164	10.941327	12.390736	12.163697	13.635133	11.661727	11.707590	10.709896	11.078728	10.274260	11.285440	11.772281	11.069389	12.142763	10.233589	12.028136	13.903301	10.432912	11.044987	10.041348	10.895615	12.181935	10.554673	12.254160	12.276163	10.223882	13.657568	12.827939	12.386024	10.962562	12.105640	11.342271	12.377824	11.313690	13.457095	12.235319	11.664135	10.635614	10.235758	11.632964	12.681975	12.272754	11.446463	12.061638	11.223389	
12.786406	11.796446	13.195297	11.823533	11.315862	13.021177	12.157856	12.456048	11.601091	12.820467	12.174907	12.250266	11.856106	14.287547	11.706486	11.817893	13.282017	12.700649	12.138758	13.190866	11.738075	11.811649	9.351246	12.344482	12.649301	10.503477	13.926363	11.912280	10.114317	12.455736	14.545578	12.945566	12.390417	12.112118	10.892028	11.673835	11.562763	13.741951	12.090147	12.072296	10.570147	10.549887	11.318918	13.153044	13.299553	11.686334	12.084920	12.036919	
11.860729	10.520974	12.456836	11.597731	10.364034	13.074120	11.995383	12.192623	11.109892	11.843342	10.784233	10.281988	11.007425	12.271778	12.021829	11.335635	12.046630	10.717340	11.927063	12.323398	11.133036	11.172556	9.741802	10.008585	11.280785	9.882671	12.625763	11.106861	10.995500	12.895057	13.577539	10.870938	11.448335	11.096636	10.020532	10.871435	9.819154	12.146265	10.319526	12.704724	10.399011	10.227919	10.461995	11.573959	12.829661	11.041615	10.949674	11.604896	
12.530406	11.943541	12.708443	11.926775	10.409089	12.707037	12.300422	13.886697	11.796714	12.004755	11.886432	11.507517	13.032398	13.531897	12.257405	12.005232	13.478129	11.380630	13.262248	14.074931	12.258786	11.819868	10.474457	12.204321	12.712501	9.939088	13.385485	13.241603	10.974640	13.269443	14.786881	12.441477	11.772681	14.125623	11.097859	13.360756	12.005903	12.673562	12.853313	12.639916	10.723310	10.683534	12.650842	13.486208	13.647740	11.261062	12.083413	12.766987	
13.881218	12.462399	13.487477	12.179226	11.066809	12.360127	13.279539	14.212319	12.179710	11.948314	11.252617	12.065407	13.135931	13.806460	12.508035	13.217257	13.007798	12.665799	14.142051	13.653698	11.237114	11.523704	11.010499	12.134275	14.142100	10.848116	13.938045	13.079983	11.532918	14.357985	13.853953	12.064370	11.917213	13.009344	11.571114	13.048149	11.238081	14.184713	13.155591	13.567478	11.460921	9.887373	12.794786	14.126091	14.459532	11.856864	12.141590	12.928310	
12.072730	11.761697	12.263106	11.231601	11.233244	12.541181	12.570273	12.532638	11.577003	11.683340	10.617215	11.544401	11.482616	12.080863	12.666721	11.557141	12.858584	10.108204	12.897239	12.569001	10.582932	10.979683	10.338472	11.483211	12.470983	10.716924	13.915881	12.643571	11.434507	12.723232	14.034337	11.842256	12.022491	12.068997	11.504595	12.819375	10.765531	12.973188	12.434577	12.153536	9.980003	10.594343	11.573624	12.406547	12.200556	9.894583	12.453654	12.103023	
14.728804	12.930725	13.362253	12.357926	12.199197	14.150214	13.447160	14.846815	12.713598	12.486216	12.467178	12.380003	11.863297	14.018256	13.028374	12.940964	13.289862	12.972603	13.544504	14.590175	12.092615	12.115338	10.735273	12.758063	13.039240	10.925185	14.307141	13.151280	11.928199	13.431390	13.816872	12.763842	12.154059	12.962636	11.665595	13.182523	13.365706	14.602813	14.378655	13.003899	11.371850	11.271204	13.199195	14.810157	13.800037	13.098289	12.868887	13.716390	
11.624994	10.655419	12.230397	10.404304	10.987874	11.181111	10.965404	11.876658	11.631403	10.766581	10.083376	10.563043	10.589256	11.738922	11.494447	10.758734	12.345527	10.524771	11.610546	11.446053	9.447159	10.385721	8.799217	10.618441	11.288086	10.398486	12.305055	10.865566	10.218183	11.316776	11.263684	11.535976	11.622400	11.506570	9.866438	11.160876	10.451865	12.055290	12.255134	10.652300	8.500599	9.928853	10.748697	11.192001	11.442466	9.099846	10.739737	11.390193	
12.242538	12.764070	13.031593	12.888162	11.408219	12.643980	13.623845	13.664557	13.610125	12.400027	11.376217	11.311756	11.754149	14.083043	12.595386	12.081534	12.833205	12.749227	13.918899	14.859539	12.513083	11.012519	11.802054	11.637862	12.420627	10.310433	14.021591	13.596721	9.854175	14.347196	15.398330	12.979305	12.109756	12.367611	12.049409	12.753280	12.375665	14.588858	12.423638	12.508896	11.532482	11.543081	11.698095	13.386532	13.791186	12.104458	13.316657	11.821252	
13.091140	11.339826	14.891847	13.158513	11.501570	14.251601	13.418041	13.538656	12.934589	13.137354	13.181337	12.257042	13.086038	14.380194	12.511441	12.254735	13.257116	12.256320	13.055723	14.902582	11.435115	13.755959	10.362044	12.878406	12.258521	10.605784	14.647057	13.507337	10.737189	15.103702	15.527576	12.570068	12.622013	13.044500	11.283560	12.978781	12.856757	14.532104	12.266911	13.514867	11.473423	10.996030	11.277506	13.961972	14.380463	12.771654	13.318427	13.428102	
13.990908	13.030281	13.241596	12.701060	12.633781	13.982525	15.049411	15.553439	12.595396	13.185327	12.453504	11.827366	13.033819	13.862152	13.186974	12.875276	14.856017	13.531883	14.491585	15.111299	12.808848	12.222479	11.437657	12.294795	15.068831	11.605298	14.511467	14.475150	10.685707	14.121561	14.920811	13.327965	12.463580	13.058131	12.266979	13.431204	11.806501	14.007190	12.343883	13.726591	12.829943	11.321652	14.008305	14.627644	15.153292	13.768665	13.185024	13.159940	
13.844678	12.472249	12.786661	12.702351	13.032515	13.247311	13.178711	14.242291	12.528623	11.748892	12.178159	12.773280	13.010821	12.686211	12.533244	12.369294	13.271299	12.468124	13.164598	14.576836	11.688890	11.447336	10.421617	12.912360	14.403012	11.192899	14.618346	14.005284	11.216206	14.169626	14.702784	12.718320	12.557890	13.657277	12.350034	13.283979	12.738267	13.540107	12.863250	13.564112	11.251335	10.846144	12.650145	13.674254	14.600061	11.298646	11.779621	12.156067	
11.761504	12.209982	12.277816	10.439027	11.370350	11.557865	11.645402	13.340622	11.486057	11.768924	10.429785	10.517719	11.308307	11.695829	11.357091	10.284810	12.204527	11.990401	12.554705	12.666344	9.726481	10.932231	9.677434	10.242859	11.916003	11.034926	13.230293	12.220843	9.455418	12.400911	12.448664	11.363017	12.017131	11.505519	11.211067	11.359553	10.545384	12.555439	10.475095	11.548126	10.337252	9.974536	11.956861	12.039992	12.382298	10.595728	12.337742	11.480663	
12.982242	11.964045	13.503134	12.536936	12.071373	13.309720	13.290971	13.807877	12.402006	11.813545	12.254814	12.798461	13.013234	13.157451	12.735872	12.195958	13.268555	12.067155	12.204123	14.127515	11.123486	12.423979	9.656124	13.384657	11.943773	11.437490	14.240139	14.459195	10.726152	12.656895	13.773784	12.098319	11.730544	13.121647	11.257202	12.249662	11.856189	12.988179	12.648212	12.581522	10.994276	11.406184	12.227306	12.766106	13.372167	11.267383	12.690401	12.350387	
13.115612	12.325147	11.577802	13.166806	12.340828	14.285287	12.324626	13.901162	13.801620	12.543579	13.540018	13.576163	11.903811	13.291926	12.843191	12.354914	13.350015	12.909348	14.014568	14.611406	13.280799	12.814287	11.416895	11.534303	13.500688	11.352243	14.085284	13.994400	10.405629	14.452874	14.734384	14.222729	13.038779	13.018359	11.551951	12.540608	12.219042	14.050230	13.175027	11.862727	11.312643	10.918329	12.281042	13.884991	13.672396	12.125333	13.132549	12.194797	
13.057257	11.630633	11.537031	11.960886	11.941147	12.676821	12.205424	12.595542	11.799471	11.496572	10.999131	11.183035	11.363840	12.965717	12.396882	11.969681	12.862745	11.338984	12.033372	13.038239	11.772215	10.947445	10.252309	11.653654	12.361684	9.700857	12.834546	12.382304	10.934274	13.678487	13.380897	12.352805	12.416239	12.673915	10.583474	11.270835	11.155616	13.001478	12.128752	11.796280	9.901074	11.211423	11.894537	12.883511	13.038855	11.184455	12.097798	11.334207	
11.268351	11.263210	11.915315	11.930153	10.539385	12.232190	12.536893	13.571092	12.644438	11.760266	11.412431	12.526421	10.841754	12.668316	12.759058	11.239674	13.053411	11.834167	12.997263	13.481897	11.052503	11.251349	10.529364	11.112550	11.964102	10.696691	12.861403	12.263723	10.261424	14.008703	13.060567	12.657061	11.199460	12.447490	11.160691	12.819419	11.059812	13.347093	12.229704	11.000425	9.949057	10.329263	12.852429	13.225003	12.646126	10.851596	13.695982	11.013010	
12.254161	11.184915	13.535749	12.298900	11.923277	11.892750	13.368200	13.653425	12.542213	10.922521	11.593276	11.541034	12.667620	13.529307	12.401987	11.479625	13.153009	11.117184	13.030370	13.404922	11.908660	11.607995	11.886351	12.451209	13.640867	11.359350	13.473982	12.609943	10.399381	11.989458	13.476845	12.010120	11.911561	13.721170	12.135654	12.791997	11.943285	13.654873	12.546727	12.028077	9.139302	11.358717	13.249645	12.961721	11.914222	10.710628	13.027264	11.506443	
12.516879	13.100823	13.940056	12.648093	12.618730	13.463456	14.341634	14.751896	13.428423	13.717112	11.374320	11.562199	12.752274	14.000350	12.565907	13.816023	13.593340	12.733196	13.396549	15.507724	11.917205	12.398316	11.244352	12.261754	13.698108	11.353248	14.851388	13.626152	11.787727	14.908182	15.384344	12.007056	12.712722	14.277891	12.549082	12.937172	11.898355	14.896238	12.082854	14.187416	12.675593	11.664979	12.383202	13.642868	15.428630	13.163289	12.632894	12.393693	
12.437551	11.370712	12.714876	12.473444	10.355930	12.832630	12.327466	12.972798	12.719184	11.413758	11.171867	10.807268	11.854003	13.554168	12.503200	11.333272	12.595716	12.122201	12.036286	13.956418	11.975739	11.893433	10.726609	12.385369	11.316708	10.542255	12.681045	12.431542	11.195300	14.093245	14.355385	12.473305	11.602958	12.433332	10.674875	12.318072	12.034322	13.667688	13.034713	12.715347	9.970700	11.003242	12.832551	13.865453	12.801448	11.257133	12.407085	12.255643	
14.209270	13.491510	16.523588	15.953979	14.568451	15.821975	15.826923	16.019819	14.727567	14.201778	14.162657	13.500939	14.704735	15.580497	14.163586	13.449495	16.304851	14.557316	15.334186	16.300987	14.136981	14.051622	12.689974	13.598872	15.832364	13.330045	15.963890	15.683067	12.103547	16.235747	17.159420	15.387800	14.858343	15.147834	13.976688	14.373252	14.323685	16.154530	13.922474	15.654097	13.330718	12.572652	14.238791	14.953775	16.488161	13.696410	14.311136	13.477916	
12.043885	9.245996	9.821071	10.047591	10.264873	10.589958	11.362981	11.628429	10.419496	10.405684	9.735712	10.275611	10.282795	10.713153	10.802501	9.975083	10.791254	10.629971	11.342364	12.838473	9.471511	10.019298	8.817551	10.796562	11.024067	8.570944	11.447959	11.527824	7.692007	10.897347	12.314722	10.313093	10.106576	10.556783	8.872888	10.279135	9.719781	10.396208	9.868910	10.381302	10.082397	10.033573	10.674643	10.937743	11.791548	10.676191	10.478149	10.490667	
12.317088	11.840714	13.216284	12.431369	11.766447	13.162946	12.427457	13.329467	11.366584	11.518289	12.517794	12.796645	11.730573	13.460342	12.786622	11.610709	13.857130	11.440516	13.479465	12.885152	11.153391	11.268124	10.490044	12.128951	13.111859	10.555875	13.766561	12.640902	10.838106	13.466900	13.447201	14.099974	12.080719	13.191644	11.702458	13.098132	11.482639	13.697545	13.814007	11.537624	9.246292	10.387588	12.768235	13.018067	12.975303	11.778868	13.223117	12.786648	
11.708277	11.072256	12.204133	10.960188	10.674624	11.501999	11.877514	11.646650	11.192600	11.149554	11.415663	11.305184	10.776390	12.899992	11.555028	11.310873	12.537109	11.183824	11.799260	12.645860	10.573970	10.793713	9.169987	10.693043	12.329788	9.279132	12.530444	11.362579	8.953881	11.775699	12.433847	11.746781	11.328097	11.382636	10.577271	10.916708	10.952043	12.585030	12.130165	11.272723	9.595541	9.111967	9.943334	12.850405	13.043050	11.228534	10.638569	11.366972	
11.106791	10.134150	11.100577	10.749532	9.852938	11.966183	11.339127	11.987521	11.788740	12.276448	10.818714	11.942136	11.274819	13.112388	12.253247	10.824417	11.981428	12.646553	11.415090	12.774298	10.862356	10.696790	10.620960	10.550134	11.046448	9.531835	12.011123	12.284452	10.102616	12.297511	14.168561	11.751439	11.245788	11.063481	10.060890	10.438520	9.668819	12.530484	11.424024	11.484542	9.310957	10.191817	11.056980	11.282011	11.227301	10.560707	11.948430	11.495902	
10.245437	10.571730	11.666253	10.078410	10.542272	10.664380	11.405513	11.826382	10.843931	10.696141	8.900660	10.025588	10.483462	11.758865	10.845853	10.067792	12.064851	10.324300	11.649426	11.187024	9.749386	9.332956	9.333186	9.408777	10.823570	9.705025	10.716479	10.724173	8.761445	10.616272	11.846522	10.903612	9.567533	10.500497	9.482354	10.246997	8.415130	12.234057	11.380925	11.780782	9.064093	8.558533	10.795776	10.433207	10.554047	10.134676	10.004726	10.088403	
11.897935	11.557106	11.553132	11.704122	11.514795	12.241914	12.493643	14.150344	12.912350	12.284047	11.085547	12.164978	12.317791	12.319807	12.513616	11.926695	12.811033	11.761648	12.526241	13.841058	10.624242	11.573813	11.497388	10.815002	12.697464	10.725721	12.726071	13.759204	10.923334	13.990886	13.372309	13.033369	13.037367	13.147623	11.456844	12.643234	11.039911	12.628305	11.995791	12.017693	10.431268	10.429768	12.053567	13.139516	13.243847	11.857466	12.368556	12.301586	
The results Matches
MPI_Wtime measured for total run by process 1 = 0.010291
MPI_Wtime measured for total run by process 2 = 0.010432
MPI_Wtime measured for total run by process 3 = 0.010514
MPI_Wtime measured for total run by process 4 = 0.010669
MPI_Wtime measured for total run by process 5 = 0.010479
MPI_Wtime measured for total run by process 6 = 0.010350
MPI_Wtime measured for total run by process 7 = 0.010572
MPI_Wtime measured for total run by process 8 = 0.010633
