MPI_Wtime measured for total run by process 0 = 0.182321
Total time by each process = 5.039982  And Average = 0.139999 
Printing Matrix A
0.351700	0.483795	0.516289	0.741863	0.201164	0.286142	0.260180	0.870806	0.729268	0.219796	0.252227	0.199925	0.837156	0.492906	0.100430	0.275622	0.244427	0.182532	0.997413	0.721671	0.308709	0.787121	0.952448	0.456257	
0.659063	0.976338	0.857131	0.953298	0.607574	0.816193	0.786214	0.160134	0.851230	0.791356	0.267061	0.047220	0.520840	0.144659	0.492269	0.155004	0.276969	0.062621	0.307606	0.828386	0.462123	0.623184	0.736393	0.278978	
0.125984	0.436266	0.583361	0.968815	0.317828	0.577489	0.714390	0.961428	0.863836	0.125458	0.039968	0.086623	0.598423	0.750429	0.493125	0.922439	0.099741	0.012154	0.842192	0.787304	0.094443	0.970116	0.097287	0.800191	
0.955593	0.132566	0.879493	0.497653	0.928996	0.812732	0.277488	0.041230	0.093875	0.060332	0.034353	0.096086	0.212429	0.937628	0.997746	0.270841	0.663468	0.948900	0.622596	0.020878	0.694634	0.973713	0.568780	0.349352	
0.068327	0.598722	0.257320	0.231475	0.761010	0.779466	0.906923	0.712095	0.453713	0.113353	0.107547	0.627902	0.967840	0.774304	0.616558	0.199274	0.533339	0.787565	0.492804	0.260408	0.188144	0.012571	0.090181	0.665457	
0.385661	0.620203	0.913041	0.295390	0.849720	0.417501	0.193349	0.151163	0.414771	0.517347	0.957768	0.161391	0.817629	0.240978	0.898628	0.451704	0.685246	0.777497	0.320013	0.479168	0.142580	0.636011	0.513444	0.062617	
0.725902	0.835791	0.357719	0.829583	0.171143	0.083159	0.976997	0.354060	0.606770	0.260530	0.204445	0.096515	0.636367	0.682954	0.519700	0.078025	0.325536	0.929273	0.910998	0.858604	0.829418	0.151912	0.476625	0.468657	
0.637530	0.010177	0.468885	0.189000	0.839218	0.255062	0.617526	0.604521	0.246904	0.626317	0.292651	0.240043	0.426683	0.928482	0.897927	0.986703	0.126327	0.377433	0.103573	0.700463	0.438388	0.301710	0.288612	0.998975	
0.440025	0.693417	0.110212	0.854743	0.325415	0.440204	0.180366	0.758800	0.423788	0.901904	0.702666	0.470152	0.557892	0.196968	0.678092	0.382020	0.821236	0.850792	0.008897	0.468344	0.488762	0.557654	0.335455	0.975820	
0.452688	0.286603	0.480091	0.296409	0.528617	0.884487	0.689321	0.324826	0.341944	0.442005	0.881154	0.685154	0.818896	0.039043	0.559263	0.913594	0.892587	0.167304	0.956953	0.410660	0.957090	0.692279	0.561653	0.156968	
0.192724	0.254439	0.509321	0.443795	0.182401	0.482569	0.497701	0.753613	0.596360	0.762965	0.384631	0.038883	0.468771	0.988132	0.748267	0.934022	0.744072	0.014870	0.128053	0.581611	0.941503	0.052116	0.460343	0.829493	
0.726647	0.610016	0.766083	0.452999	0.380060	0.265279	0.586230	0.069319	0.387761	0.583695	0.542855	0.826267	0.229487	0.923563	0.684113	0.746533	0.345514	0.522038	0.005447	0.346453	0.416167	0.513834	0.811033	0.332698	
0.667344	0.714608	0.081699	0.694557	0.419258	0.001016	0.371176	0.514131	0.104096	0.828288	0.011206	0.495050	0.786473	0.429770	0.592038	0.796301	0.678861	0.469580	0.051784	0.071747	0.782256	0.574413	0.820310	0.870122	
0.124713	0.033949	0.873151	0.563292	0.537883	0.257130	0.755531	0.389302	0.564340	0.194953	0.023018	0.087167	0.339462	0.958706	0.750123	0.084179	0.527238	0.010756	0.647127	0.060013	0.567110	0.314931	0.370574	0.757033	
0.563115	0.551039	0.218685	0.391407	0.299785	0.717919	0.178940	0.924745	0.920226	0.106566	0.509549	0.752363	0.483722	0.399300	0.771526	0.789211	0.108318	0.920774	0.978456	0.885150	0.662293	0.328151	0.405167	0.547412	
0.188397	0.892745	0.820557	0.774605	0.712401	0.158575	0.330238	0.818569	0.288037	0.765559	0.051524	0.544735	0.253778	0.555051	0.125781	0.984337	0.756441	0.012124	0.522190	0.881276	0.960634	0.718519	0.987638	0.729427	
0.276431	0.542168	0.145696	0.041771	0.959789	0.058419	0.699285	0.399748	0.919838	0.032723	0.198601	0.676620	0.953851	0.450106	0.932227	0.217164	0.674520	0.536612	0.846235	0.219690	0.175205	0.891594	0.320865	0.330216	
0.703214	0.682731	0.276938	0.061049	0.754490	0.172277	0.690687	0.895374	0.148774	0.185423	0.010369	0.801033	0.683221	0.060064	0.983969	0.244788	0.753219	0.588997	0.286870	0.260945	0.161200	0.728076	0.822663	0.217095	
0.055435	0.966446	0.807630	0.251378	0.460107	0.494937	0.701723	0.131259	0.667244	0.485097	0.370302	0.995474	0.179264	0.383390	0.347000	0.973364	0.003003	0.468240	0.707290	0.301484	0.031060	0.611472	0.536146	0.187724	
0.462987	0.157505	0.418864	0.364791	0.876530	0.600055	0.348667	0.625965	0.513230	0.162302	0.813823	0.387916	0.260207	0.577666	0.742120	0.999744	0.438213	0.038396	0.310228	0.455204	0.151368	0.410287	0.628678	0.851704	
0.130458	0.362427	0.477793	0.789163	0.749732	0.534354	0.132221	0.696959	0.691346	0.427510	0.138541	0.188331	0.937972	0.789945	0.634871	0.708558	0.655656	0.709609	0.821329	0.871450	0.865602	0.062914	0.939901	0.568256	
0.495227	0.632821	0.878479	0.923678	0.419771	0.383102	0.355272	0.819970	0.162645	0.144377	0.028350	0.555036	0.421631	0.891774	0.377822	0.992780	0.455795	0.506817	0.446754	0.150725	0.144118	0.921166	0.625486	0.510319	
0.270713	0.772106	0.670523	0.193015	0.945092	0.453686	0.544819	0.195963	0.072067	0.334887	0.133276	0.385345	0.019439	0.776785	0.047646	0.433057	0.941799	0.617422	0.532305	0.704477	0.895227	0.800310	0.604630	0.440659	
0.699053	0.195518	0.261159	0.109723	0.887374	0.925523	0.173611	0.253379	0.563743	0.727734	0.681239	0.573443	0.590374	0.016511	0.370027	0.871700	0.232717	0.901409	0.648081	0.774474	0.897641	0.470474	0.058577	0.186663	

Printing Matrix B
0.904417	0.730402	0.237997	0.960956	0.384315	0.588544	0.944635	0.887368	0.001135	0.294622	0.181078	0.042008	0.431310	0.121906	0.340010	0.452130	0.759416	0.760716	0.924395	0.198577	0.007813	0.568889	0.657928	0.681716	
0.676053	0.911290	0.176264	0.694286	0.446204	0.708004	0.091814	0.030641	0.342666	0.848643	0.513027	0.575770	0.834341	0.473288	0.600916	0.151331	0.131343	0.134099	0.015919	0.915180	0.644579	0.248337	0.783318	0.587623	
0.070334	0.393045	0.483487	0.104201	0.113474	0.810096	0.732494	0.991359	0.024049	0.171443	0.953844	0.502092	0.709807	0.334816	0.029407	0.619109	0.358705	0.683103	0.980969	0.160019	0.364793	0.808833	0.931544	0.961124	
0.925649	0.995561	0.219189	0.477916	0.248082	0.422121	0.735170	0.377229	0.053384	0.936067	0.847636	0.128795	0.066202	0.309717	0.737819	0.953339	0.403407	0.542962	0.446552	0.551592	0.833609	0.972122	0.014943	0.662655	
0.409684	0.102680	0.694808	0.469749	0.169103	0.758756	0.050306	0.570391	0.660995	0.076310	0.134231	0.802181	0.601615	0.536620	0.123655	0.684885	0.797996	0.790659	0.019040	0.253815	0.039874	0.095066	0.724666	0.543894	
0.778810	0.493208	0.248105	0.880881	0.069693	0.466278	0.616775	0.726688	0.938728	0.907576	0.777755	0.145912	0.173962	0.907810	0.906436	0.284289	0.071907	0.598287	0.072887	0.169733	0.896669	0.335929	0.787174	0.928215	
0.579964	0.683671	0.997181	0.175349	0.070561	0.069771	0.534863	0.662243	0.131558	0.926782	0.739698	0.347025	0.732526	0.149810	0.745571	0.245603	0.913816	0.683255	0.758856	0.082141	0.941763	0.806414	0.505973	0.083395	
0.729187	0.841975	0.106692	0.105251	0.871955	0.358918	0.333087	0.943061	0.533794	0.157901	0.484920	0.122068	0.391955	0.903308	0.397140	0.535458	0.996881	0.595212	0.566433	0.942791	0.955525	0.055914	0.906231	0.535516	
0.625292	0.732675	0.933460	0.536896	0.783226	0.223342	0.426907	0.306692	0.136233	0.527361	0.602367	0.141055	0.771862	0.846504	0.195944	0.118117	0.075437	0.931448	0.705536	0.334312	0.908548	0.669127	0.316454	0.759243	
0.877724	0.155354	0.756756	0.037982	0.493377	0.206709	0.266507	0.510557	0.175619	0.350842	0.910349	0.369916	0.242808	0.154351	0.014863	0.011950	0.200197	0.372677	0.463713	0.485570	0.295146	0.646411	0.017106	0.903597	
0.598973	0.073879	0.939592	0.328218	0.482838	0.741663	0.396163	0.390288	0.920918	0.553313	0.173625	0.341721	0.731162	0.030424	0.145099	0.940992	0.188460	0.253393	0.458665	0.310453	0.064180	0.439205	0.805730	0.056703	
0.592458	0.111278	0.648898	0.234855	0.441130	0.128328	0.199301	0.330302	0.084190	0.515814	0.165306	0.484358	0.878383	0.689830	0.753056	0.410760	0.356548	0.111598	0.975037	0.385507	0.611732	0.002397	0.583154	0.198794	
0.916393	0.210198	0.540875	0.311186	0.618120	0.103371	0.747548	0.716690	0.036169	0.109543	0.174741	0.427373	0.008884	0.597506	0.762468	0.259381	0.510909	0.760561	0.164136	0.471042	0.072762	0.153432	0.088544	0.924407	
0.698410	0.135919	0.528999	0.659624	0.993062	0.129921	0.053431	0.434392	0.858882	0.616124	0.266700	0.805274	0.661580	0.159772	0.828828	0.874836	0.118128	0.400389	0.574048	0.185010	0.317143	0.322641	0.704233	0.934915	
0.951985	0.586133	0.638206	0.558147	0.350113	0.049909	0.802098	0.706178	0.935501	0.567353	0.166579	0.076659	0.067293	0.854296	0.156333	0.334641	0.340250	0.327003	0.312181	0.278242	0.603069	0.841234	0.252896	0.325392	
0.653978	0.697946	0.645108	0.304279	0.173905	0.483928	0.947786	0.438556	0.739343	0.266493	0.650709	0.713817	0.872885	0.658945	0.102463	0.314178	0.877082	0.576997	0.786729	0.234591	0.039852	0.290871	0.537088	0.275675	
0.494987	0.327954	0.086903	0.399474	0.596822	0.085570	0.042756	0.455725	0.411872	0.442028	0.913999	0.159234	0.395139	0.941489	0.179533	0.208657	0.759332	0.820216	0.578383	0.806024	0.278109	0.874490	0.291342	0.240703	
0.362938	0.901814	0.359351	0.230788	0.511154	0.686716	0.389441	0.365207	0.431985	0.995009	0.405112	0.185574	0.692627	0.004086	0.390280	0.687183	0.927519	0.030156	0.650046	0.041360	0.433222	0.851888	0.623450	0.971437	
0.402518	0.065804	0.767479	0.490851	0.311443	0.444076	0.739725	0.454941	0.720256	0.954115	0.746042	0.531502	0.723550	0.001927	0.600485	0.402436	0.939811	0.810633	0.719618	0.167397	0.796421	0.732783	0.742731	0.203390	
0.672822	0.833289	0.152979	0.598128	0.748182	0.223530	0.573419	0.351669	0.094205	0.220520	0.463786	0.844883	0.999389	0.796353	0.765391	0.205107	0.157249	0.857076	0.403187	0.186757	0.055259	0.500035	0.036252	0.141908	
0.014007	0.944280	0.750344	0.738001	0.366830	0.491852	0.534098	0.570433	0.735354	0.001574	0.882714	0.289910	0.598618	0.566650	0.641649	0.765328	0.070985	0.133449	0.498772	0.571062	0.405804	0.997822	0.759873	0.631248	
0.995765	0.633768	0.821152	0.816451	0.713623	0.054641	0.091660	0.010928	0.529578	0.983974	0.015827	0.893952	0.617950	0.361532	0.460030	0.873049	0.625601	0.334274	0.430495	0.866524	0.533827	0.499391	0.741135	0.788132	
0.654696	0.299063	0.327142	0.092154	0.084789	0.322914	0.446466	0.000614	0.702780	0.518821	0.485612	0.277394	0.306511	0.644925	0.287103	0.318359	0.205163	0.612323	0.810437	0.477396	0.158163	0.440046	0.996273	0.676697	
0.775547	0.832329	0.580863	0.280598	0.886508	0.935020	0.358580	0.115411	0.870801	0.096047	0.432210	0.576465	0.373753	0.195003	0.457170	0.069080	0.067218	0.493876	0.011133	0.535455	0.699997	0.071252	0.723853	0.622319	

Printing Matrix C
7.604826	6.182378	5.730886	4.968499	5.654872	4.287201	5.478688	5.064592	4.933683	5.894442	5.808336	4.907169	6.030378	5.481217	5.529632	5.169249	5.227910	6.733481	6.020112	5.094099	5.614550	5.639930	6.592323	6.809720	
8.385758	7.233396	6.496276	5.947988	5.086134	5.008308	6.148608	5.955510	4.857595	6.652222	7.009373	5.031502	6.466222	6.132282	5.681891	5.213960	4.899078	7.248880	6.084833	5.147940	6.058022	7.048056	6.644995	7.685830	
8.486870	7.278646	6.549787	5.593566	6.138165	4.505823	6.118867	5.797306	5.643542	6.511774	6.334985	5.672658	6.659982	6.051230	6.037794	5.458202	5.849053	7.287612	5.983797	5.104033	6.796627	5.928608	6.617597	6.993327	
7.406670	6.283478	6.153072	6.215730	4.938183	4.987420	5.699796	6.129477	6.403452	6.585226	5.767538	4.858069	5.935247	5.233592	5.187858	6.438811	5.980971	6.233868	6.270121	4.265951	5.213305	7.039248	7.558466	7.847725	
7.141280	5.747333	5.787311	4.680837	5.350605	4.251047	4.783319	5.723999	5.342956	5.826278	5.385327	4.493364	5.777864	5.555412	5.751521	4.593612	5.513757	5.967233	5.037988	4.212584	5.929053	5.036386	6.264310	6.479925	
7.545161	5.661645	6.319576	5.087490	5.041481	4.918473	5.490480	5.784435	5.515307	5.987450	5.543521	4.904765	6.224268	5.586657	4.341182	5.568935	5.512661	6.249550	5.797488	4.572031	4.433611	6.333983	6.567616	6.945223	
7.649118	7.511838	6.300183	5.678375	5.786808	4.865254	6.146264	5.794322	5.033089	6.761515	6.591860	4.758434	6.818693	5.025157	6.281347	5.505933	5.717741	6.573852	6.478555	4.611979	6.073225	7.330301	6.549586	7.010843	
MPI_Wtime measured for total run by process 15 = 0.114364
MPI_Wtime measured for total run by process 20 = 0.146434
MPI_Wtime measured for total run by process 22 = 0.146313
MPI_Wtime measured for total run by process 29 = 0.146360
7.676772	6.243190	6.399663	4.889260	5.612204	4.709234	5.656369	5.967896	5.949970	4.671875	5.346433	5.266654	6.171598	5.336192	4.756812	5.057843	5.367983	6.259457	5.740904	4.066348	4.646378	5.376460	6.391362	6.578330	
8.672511	7.378171	6.149075	5.307100	6.379960	5.156403	5.405858	5.587168	5.848980	6.227213	6.284131	4.631478	6.085229	6.044484	5.317368	5.455493	5.421542	6.016195	5.717213	5.886201	5.878984	6.383266	6.482517	7.357347	
8.252665	6.404211	7.596662	6.007282	5.281408	4.975232	6.679015	6.625170	6.594703	6.674257	7.064586	5.387739	7.187407	6.714489	5.904255	5.958671	6.475273	7.260021	7.088098	5.331053	5.808889	7.092928	7.657385	6.805121	
7.646874	6.658365	6.273373	5.012392	5.937683	4.460391	5.711937	6.025757	6.219286	4.921652	6.831036	4.791784	6.049592	6.271951	5.094473	4.945504	4.682180	6.516204	5.965701	4.989338	5.412333	6.267450	6.371980	6.851813	
7.762195	6.181619	6.520373	5.195767	5.198978	4.677920	5.505533	5.489212	5.427336	6.141002	5.770912	5.107942	6.789842	5.348040	5.054573	5.630150	5.019476	5.800831	6.886074	4.488527	4.894176	6.206306	7.005237	7.014242	
8.065792	6.761375	5.903964	4.917110	5.527819	4.519636	5.306784	5.151061	5.377971	5.339558	5.861045	4.711492	5.567121	5.582800	5.032657	4.962174	5.453881	5.718037	5.807997	5.627969	4.958318	5.824711	6.337023	7.099783	
5.917475	4.958854	5.590674	4.165832	4.532368	3.672362	4.508363	5.061960	4.903303	4.728387	5.410304	4.016685	4.825705	4.473225	4.377992	4.574679	4.290724	5.669082	5.066315	3.729296	5.212793	5.547218	5.673773	5.826382	
8.515234	7.724057	6.910754	6.175335	6.457088	5.455164	6.770480	6.346266	6.599981	6.842999	6.437346	5.249215	7.662566	6.735040	6.316295	5.865291	6.183905	6.933716	7.000825	5.064246	6.640909	6.552863	7.718788	7.316022	
8.464974	7.687807	6.779235	5.698027	6.291543	5.592281	5.932669	5.972439	6.257810	6.075906	7.763639	6.475901	7.800539	7.009347	5.951456	6.021715	6.029455	7.399736	7.139025	6.497244	6.039901	6.799428	8.008633	7.763083	
7.516387	5.510696	6.755305	5.163077	5.596270	3.783366	4.772158	5.198211	5.265010	6.130854	4.735896	4.975832	6.297955	5.730559	5.066546	4.924585	6.058650	6.370056	5.668574	4.725274	5.560933	5.573687	6.320748	6.185721	
7.483571	5.875899	5.433392	4.667536	4.902018	3.840117	4.819843	5.432842	4.848698	5.598983	4.734315	4.273663	5.664705	5.968572	4.719708	4.627024	6.206627	5.827275	5.834329	5.040179	5.084251	5.241682	6.556460	6.026510	
6.888053	5.499884	6.485678	4.509066	4.391590	4.462214	5.037421	4.724026	4.904421	6.424671	5.654353	5.217113	7.024242	5.043446	4.819148	4.665365	5.071893	5.527477	6.234600	4.083713	5.479664	5.259891	6.717242	6.079581	
7.705075	5.809317	6.286453	5.012029	5.236020	4.895119	5.494986	5.516175	6.401707	5.206897	5.327371	5.003271	6.197768	5.890849	4.587303	5.224042	5.233528	6.522280	5.721553	4.460378	4.941580	5.109213	6.936928	6.052614	
8.546272	7.438573	6.781707	5.869707	6.462744	5.441776	6.685623	6.578733	6.782929	6.345439	7.459204	5.656091	7.033665	7.155859	6.325238	6.086548	6.126541	7.790467	6.801829	5.463318	6.097903	7.218121	7.444213	8.259632	
8.074532	6.791479	5.867591	5.264122	5.546205	4.893923	5.663016	5.714917	5.618775	6.495018	6.087681	5.416406	6.524676	5.691798	5.515562	6.073299	6.224886	6.346294	6.684452	5.293880	5.810045	5.871770	7.447651	7.476652	
6.653642	6.200600	5.930299	5.475361	5.216663	4.905879	4.455914	5.078332	5.769770	5.940335	6.283215	5.706998	7.110702	5.428466	5.355888	5.572475	5.454862	6.041081	5.928789	4.899515	4.939359	6.194392	7.334670	6.730662	
7.356528	6.268040	6.760648	5.718043	5.121840	5.134797	6.027112	6.074075	5.737749	5.671968	5.940294	5.008524	6.869226	5.715897	5.155560	5.395193	5.721756	6.245577	6.027588	4.144695	4.786197	6.125812	6.610328	6.833789	
The results Matches
MPI_Wtime measured for total run by process 1 = 0.146342
MPI_Wtime measured for total run by process 2 = 0.146264
MPI_Wtime measured for total run by process 4 = 0.146349
MPI_Wtime measured for total run by process 6 = 0.122330
MPI_Wtime measured for total run by process 7 = 0.122339
MPI_Wtime measured for total run by process 8 = 0.122303
MPI_Wtime measured for total run by process 9 = 0.122405
MPI_Wtime measured for total run by process 10 = 0.122365
MPI_Wtime measured for total run by process 11 = 0.122357
MPI_Wtime measured for total run by process 12 = 0.114334
MPI_Wtime measured for total run by process 13 = 0.114295
MPI_Wtime measured for total run by process 14 = 0.114258
MPI_Wtime measured for total run by process 16 = 0.114317
MPI_Wtime measured for total run by process 17 = 0.114276
MPI_Wtime measured for total run by process 18 = 0.146289
MPI_Wtime measured for total run by process 19 = 0.146279
MPI_Wtime measured for total run by process 21 = 0.146345
MPI_Wtime measured for total run by process 24 = 0.146318
MPI_Wtime measured for total run by process 25 = 0.146324
MPI_Wtime measured for total run by process 27 = 0.146297
MPI_Wtime measured for total run by process 28 = 0.146380
MPI_Wtime measured for total run by process 30 = 0.146295
MPI_Wtime measured for total run by process 31 = 0.146342
MPI_Wtime measured for total run by process 32 = 0.146368
MPI_Wtime measured for total run by process 33 = 0.182302
MPI_Wtime measured for total run by process 34 = 0.146367
MPI_Wtime measured for total run by process 35 = 0.146384
MPI_Wtime measured for total run by process 3 = 0.182363
MPI_Wtime measured for total run by process 5 = 0.146347
MPI_Wtime measured for total run by process 23 = 0.146277
MPI_Wtime measured for total run by process 26 = 0.146375
