MPI_Wtime measured for total run by process 0 = 0.041286
Total time by each process = 0.869895  And Average = 0.034796 
Printing Matrix A
0.547045	0.238049	0.775117	0.388908	0.403172	0.113998	0.144222	0.539099	0.789570	0.560124	0.389749	0.861345	0.489701	0.525123	0.863336	0.591904	0.958906	0.064151	0.377699	0.595984	0.236206	0.300817	0.180119	0.545169	0.830379	0.202031	0.018934	0.225655	0.905457	0.933453	0.649240	0.179174	0.355310	0.342170	0.696383	0.513879	0.648135	0.313017	0.654613	0.797944	
0.963480	0.705120	0.063351	0.491048	0.681554	0.737601	0.949858	0.938939	0.160098	0.038178	0.219262	0.789070	0.366753	0.695652	0.960272	0.506357	0.493571	0.906166	0.142252	0.525729	0.821715	0.154600	0.180104	0.076742	0.374648	0.196684	0.666976	0.461308	0.087840	0.055095	0.650556	0.971865	0.772929	0.701048	0.275244	0.738987	0.490107	0.868532	0.987126	0.010415	
0.060193	0.955684	0.192852	0.760898	0.573952	0.328805	0.377445	0.368634	0.178700	0.065555	0.296459	0.550902	0.698129	0.456778	0.364707	0.047029	0.674291	0.152069	0.419705	0.147836	0.728960	0.218165	0.777311	0.256778	0.656480	0.409954	0.126876	0.739505	0.380290	0.510260	0.663475	0.169898	0.560003	0.204910	0.234934	0.973366	0.829387	0.070298	0.778329	0.562708	
0.649410	0.387749	0.933518	0.601290	0.323537	0.058806	0.668840	0.324779	0.550670	0.208551	0.882435	0.749497	0.373447	0.318519	0.146872	0.586585	0.853888	0.572567	0.101588	0.101215	0.285407	0.412138	0.388724	0.183090	0.266607	0.724998	0.573557	0.860863	0.294291	0.098780	0.060608	0.237445	0.659699	0.701902	0.983869	0.186413	0.963138	0.223523	0.335468	0.291256	
0.798253	0.751116	0.490750	0.318814	0.791361	0.226204	0.102959	0.766465	0.273661	0.523945	0.271485	0.526806	0.308908	0.586485	0.156941	0.246452	0.893996	0.327005	0.609547	0.169787	0.063413	0.252878	0.859639	0.929031	0.487711	0.390829	0.163333	0.993818	0.667964	0.116618	0.458044	0.780100	0.360638	0.736786	0.752924	0.371094	0.302563	0.982710	0.643315	0.295502	
0.364716	0.890221	0.603967	0.000292	0.464342	0.096836	0.479980	0.274426	0.984041	0.810804	0.917783	0.553302	0.805869	0.382549	0.447753	0.580209	0.364383	0.340520	0.354468	0.240281	0.457721	0.741195	0.214053	0.778320	0.026832	0.935058	0.771021	0.164962	0.024373	0.026074	0.225562	0.284596	0.076712	0.558296	0.965927	0.249990	0.135693	0.361350	0.006806	0.547839	
0.728793	0.978253	0.971258	0.076704	0.690726	0.467757	0.709061	0.506234	0.377469	0.216953	0.863106	0.767044	0.458127	0.348545	0.268063	0.498571	0.379282	0.496670	0.620039	0.346171	0.676152	0.227053	0.566282	0.170985	0.797816	0.287146	0.854881	0.659720	0.182584	0.777942	0.904649	0.447502	0.753336	0.634470	0.517546	0.684140	0.794569	0.578910	0.644480	0.304601	
0.137834	0.103218	0.645938	0.305724	0.771204	0.279168	0.360178	0.959784	0.670843	0.486890	0.574895	0.382086	0.082224	0.730315	0.710891	0.169001	0.626665	0.841440	0.035157	0.101124	0.230830	0.482213	0.106963	0.704522	0.036252	0.966194	0.362442	0.980612	0.309275	0.171370	0.745844	0.868892	0.612589	0.645111	0.857496	0.454106	0.126527	0.679333	0.378316	0.011296	
0.575266	0.025715	0.325769	0.382374	0.717254	0.655211	0.894114	0.835606	0.234434	0.154448	0.226951	0.180256	0.544872	0.586969	0.243443	0.337757	0.575755	0.756418	0.369798	0.536569	0.692535	0.550149	0.715883	0.093351	0.866472	0.042247	0.856352	0.446902	0.082091	0.324412	0.632136	0.144244	0.025641	0.109415	0.039454	0.482491	0.837764	0.318637	0.418396	0.503963	
0.659786	0.378290	0.768713	0.917361	0.859064	0.176339	0.903943	0.699091	0.221245	0.325022	0.454491	0.992687	0.840154	0.845901	0.723312	0.543417	0.896075	0.899235	0.746900	0.515593	0.058370	0.097163	0.012514	0.891896	0.604761	0.494458	0.024432	0.351506	0.798469	0.123136	0.547271	0.904878	0.588260	0.108134	0.620710	0.941123	0.315658	0.641393	0.834540	0.561932	
0.750207	0.498552	0.543535	0.639224	0.047464	0.863785	0.428912	0.038082	0.572777	0.352332	0.769943	0.872566	0.331740	0.413774	0.047247	0.605581	0.032096	0.572093	0.954190	0.917635	0.973677	0.596390	0.550083	0.419762	0.780688	0.316347	0.065548	0.636231	0.702872	0.563568	0.025710	0.547574	0.273281	0.633437	0.330984	0.229125	0.332493	0.707250	0.459987	0.005436	
0.899105	0.791305	0.510696	0.361940	0.477541	0.963688	0.094656	0.561058	0.630928	0.595407	0.745568	0.266573	0.650048	0.960637	0.100835	0.350710	0.287856	0.964593	0.569551	0.012121	0.252041	0.550343	0.487070	0.714634	0.305896	0.079910	0.134573	0.129524	0.320306	0.894656	0.056235	0.421081	0.387380	0.142644	0.712207	0.004022	0.130573	0.310945	0.665766	0.735640	
0.335619	0.023126	0.162033	0.254814	0.242812	0.903480	0.394835	0.643137	0.710235	0.739146	0.940545	0.386691	0.297533	0.688760	0.723214	0.934962	0.239951	0.529026	0.110739	0.884323	0.933309	0.652598	0.112365	0.110359	0.081516	0.245042	0.592673	0.093179	0.329368	0.853506	0.206339	0.111416	0.746557	0.848274	0.424282	0.210848	0.520401	0.685735	0.159180	0.455365	
0.645599	0.262758	0.332140	0.128479	0.137875	0.714091	0.770453	0.790505	0.465949	0.374307	0.371376	0.247822	0.448600	0.524542	0.729652	0.848477	0.680314	0.613524	0.467171	0.673962	0.723987	0.949261	0.213560	0.011451	0.378545	0.569740	0.970913	0.641699	0.751120	0.027293	0.146148	0.856024	0.987004	0.838916	0.211551	0.059220	0.900931	0.429979	0.748247	0.793999	
0.827189	0.876714	0.181301	0.217615	0.684653	0.413193	0.120677	0.657262	0.738766	0.561855	0.009056	0.885855	0.629556	0.024478	0.757264	0.504595	0.182216	0.382555	0.899721	0.295939	0.845077	0.415174	0.978349	0.073435	0.568615	0.667431	0.256365	0.487658	0.869120	0.263725	0.330613	0.210837	0.149629	0.876347	0.193560	0.633723	0.881417	0.004391	0.121334	0.576881	
0.713116	0.267621	0.797599	0.855402	0.267416	0.293102	0.887446	0.110858	0.097330	0.086424	0.159490	0.329527	0.769045	0.900673	0.411744	0.580329	0.721867	0.094340	0.603230	0.186184	0.068868	0.468674	0.983225	0.993389	0.566736	0.371445	0.799961	0.767133	0.034890	0.459386	0.145361	0.571494	0.887665	0.386694	0.615576	0.361540	0.052164	0.640759	0.409745	0.115944	
0.713962	0.702707	0.188361	0.082929	0.137646	0.669885	0.582029	0.150235	0.907213	0.960589	0.109807	0.207234	0.152343	0.197360	0.482142	0.538570	0.800693	0.710027	0.711117	0.212304	0.335270	0.131770	0.123569	0.386993	0.818933	0.553571	0.669711	0.090711	0.608799	0.384141	0.601376	0.287044	0.163988	0.391123	0.790026	0.723869	0.485617	0.042595	0.137643	0.639967	
0.777170	0.885317	0.954343	0.268934	0.264100	0.654082	0.575787	0.267545	0.938197	0.614881	0.262094	0.853520	0.194388	0.356896	0.325704	0.288607	0.190401	0.549756	0.149952	0.707887	0.471766	0.279527	0.303095	0.787328	0.205739	0.969517	0.740958	0.215545	0.719153	0.267376	0.569304	0.147731	0.729908	0.904450	0.516177	0.293912	0.974305	0.035496	0.120511	0.518694	
0.225033	0.794084	0.311248	0.901336	0.582070	0.075257	0.724696	0.911079	0.920476	0.334465	0.427865	0.424596	0.201816	0.679571	0.282915	0.648578	0.686475	0.473938	0.452292	0.028124	0.543986	0.185735	0.326370	0.723287	0.912343	0.683499	0.686129	0.742379	0.568186	0.210272	0.620215	0.359049	0.301513	0.304414	0.208261	0.788166	0.435918	0.020930	0.070716	0.009134	
0.801970	0.323268	0.800727	0.376043	0.487597	0.220014	0.445165	0.414503	0.412049	0.500482	0.051454	0.372557	0.262549	0.249661	0.137704	0.316324	0.951428	0.427772	0.705239	0.121068	0.390130	0.300649	0.920144	0.581973	0.434069	0.952503	0.371103	0.972895	0.718546	0.966916	0.481351	0.795925	0.922831	0.184935	0.027513	0.820906	0.647084	0.252939	0.836706	0.899421	
0.917367	0.756298	0.176983	0.922121	0.951749	0.751781	0.172277	0.865880	0.771403	0.723178	0.356817	0.216559	0.665638	0.571130	0.304410	0.773120	0.322475	0.510248	0.258611	0.394988	0.321406	0.643461	0.694474	0.588790	0.560156	0.264793	0.856052	0.920874	0.950851	0.024035	0.962555	0.477039	0.326573	0.784488	0.419655	0.795543	0.326245	0.234743	0.948345	0.486597	
0.135502	0.425473	0.232743	0.513244	0.838352	0.438854	0.334434	0.085937	0.903180	0.246190	0.049902	0.063895	0.480737	0.396866	0.122172	0.937582	0.634852	0.249227	0.709403	0.051188	0.299751	0.348662	0.405936	0.295192	0.305025	0.631950	0.583116	0.731073	0.994484	0.492936	0.011402	0.374330	0.793574	0.513849	0.386028	0.050733	0.055080	0.319964	0.833994	0.770131	
0.156540	0.493946	0.097926	0.803510	0.352959	0.209066	0.726965	0.010615	0.206952	0.023516	0.089501	0.278760	0.473644	0.605596	0.213881	0.446657	0.777808	0.110077	0.165623	0.968145	0.210033	0.882943	0.760606	0.457536	0.418021	0.560539	0.555301	0.652103	0.438023	0.336583	0.633427	0.022325	0.723844	0.286970	0.045988	0.408049	0.432325	0.193018	0.184549	0.160490	
0.131606	0.110093	0.560329	0.715852	0.019896	0.650257	0.835674	0.064558	0.804984	0.448985	0.606643	0.106993	0.148026	0.231900	0.950565	0.935146	0.113420	0.769078	0.807435	0.672102	0.537364	0.480653	0.994940	0.932556	0.896740	0.650896	0.238575	0.542352	0.057900	0.719176	0.166643	0.090635	0.699561	0.953812	0.344642	0.334326	0.948272	0.255044	0.360190	0.743137	
0.569141	0.760313	0.151922	0.194318	0.076918	0.218285	0.567816	0.523624	0.168633	0.774372	0.103350	0.395280	0.923677	0.994835	0.837924	0.540797	0.132005	0.214782	0.603776	0.493748	0.322594	0.924254	0.020954	0.157787	0.925313	0.702862	0.040857	0.080285	0.748466	0.248401	0.813093	0.993455	0.090309	0.229025	0.617337	0.374778	0.434808	0.830341	0.746909	0.645349	
0.920288	0.700885	0.446352	0.925679	0.856291	0.781208	0.963278	0.614482	0.982900	0.747672	0.566282	0.540168	0.421482	0.456851	0.358638	0.840614	0.450410	0.240070	0.322670	0.091580	0.339829	0.848345	0.647451	0.356694	0.306335	0.230587	0.226815	0.873706	0.141265	0.816688	0.432758	0.778827	0.198801	0.779931	0.184647	0.700432	0.744299	0.827582	0.011604	0.022100	
0.288641	0.190557	0.023442	0.163753	0.394820	0.664609	0.637744	0.710746	0.462334	0.358015	0.362188	0.171456	0.607223	0.498236	0.183313	0.936767	0.773022	0.987411	0.191587	0.961172	0.131606	0.413985	0.069217	0.605894	0.615408	0.178532	0.022355	0.084082	0.349026	0.248407	0.102653	0.004293	0.312498	0.672140	0.142868	0.090493	0.259093	0.043823	0.629209	0.859861	
0.613626	0.222213	0.388381	0.265560	0.888613	0.269745	0.699140	0.866941	0.265743	0.515724	0.172394	0.683085	0.110694	0.759796	0.376625	0.984521	0.658050	0.626232	0.513030	0.783837	0.405758	0.392909	0.327621	0.116536	0.798932	0.001975	0.238476	0.402811	0.411968	0.089074	0.782264	0.778844	0.280329	0.486745	0.296867	0.195002	0.324164	0.807522	0.847760	0.245149	
0.556319	0.618017	0.932184	0.143966	0.183435	0.132746	0.306634	0.406014	0.316665	0.380323	0.163340	0.316156	0.163234	0.139290	0.047737	0.657686	0.631563	0.398852	0.296532	0.907900	0.775857	0.445667	0.952235	0.669455	0.744439	0.882432	0.625102	0.395284	0.322267	0.799331	0.919012	0.974061	0.732721	0.114323	0.915730	0.509220	0.062868	0.774078	0.806567	0.284004	
0.493311	0.458785	0.365024	0.906750	0.388642	0.057296	0.163099	0.858230	0.404269	0.925072	0.994775	0.011586	0.389179	0.072747	0.229198	0.746752	0.523186	0.840923	0.059606	0.575501	0.453755	0.755902	0.664153	0.512673	0.586684	0.388422	0.872038	0.639102	0.185673	0.456963	0.068600	0.137381	0.409253	0.479996	0.725978	0.917106	0.688294	0.796586	0.287139	0.420869	
0.747004	0.455281	0.209299	0.880259	0.806233	0.809842	0.540937	0.466618	0.925528	0.419048	0.002111	0.831238	0.009162	0.042851	0.937082	0.170123	0.273011	0.303128	0.719788	0.877281	0.520608	0.400852	0.634347	0.011736	0.814084	0.211380	0.766938	0.506599	0.670441	0.072401	0.013170	0.291609	0.867928	0.768490	0.778123	0.113736	0.332894	0.360277	0.382059	0.527115	
0.802797	0.012337	0.781112	0.345835	0.068385	0.059076	0.660759	0.367735	0.945422	0.116403	0.781996	0.022276	0.744727	0.082131	0.754566	0.322928	0.347741	0.127097	0.854200	0.580407	0.891167	0.004140	0.990168	0.080614	0.508100	0.659134	0.427155	0.404987	0.063963	0.298667	0.096364	0.375891	0.956859	0.572959	0.975920	0.733645	0.792849	0.419013	0.109660	0.718606	
0.696643	0.907857	0.059150	0.295679	0.799962	0.941641	0.215941	0.340431	0.820520	0.983859	0.066756	0.663526	0.455289	0.642621	0.582166	0.182711	0.738966	0.402607	0.403412	0.921229	0.292632	0.099700	0.180402	0.681372	0.353522	0.797362	0.382736	0.279883	0.543428	0.402975	0.283731	0.404404	0.676254	0.820813	0.505297	0.283040	0.604912	0.306502	0.822871	0.786237	
0.653106	0.596671	0.044488	0.873867	0.799058	0.713511	0.862529	0.105486	0.924925	0.618449	0.668342	0.228152	0.284228	0.058568	0.522527	0.283493	0.428405	0.211475	0.756718	0.060809	0.362185	0.638564	0.892234	0.763496	0.670350	0.247382	0.283433	0.611945	0.010187	0.674762	0.515319	0.708347	0.838418	0.416616	0.005165	0.150911	0.251744	0.592063	0.533526	0.961137	
0.737504	0.542567	0.684053	0.588599	0.825026	0.226953	0.221615	0.284068	0.855123	0.655169	0.178108	0.227637	0.595556	0.573830	0.175260	0.332958	0.743487	0.933701	0.030038	0.121779	0.785661	0.195409	0.284033	0.067309	0.180161	0.999443	0.528558	0.788121	0.046781	0.253196	0.896919	0.134804	0.461679	0.067945	0.590805	0.346781	0.538457	0.383743	0.021666	0.961645	
0.173530	0.560095	0.188169	0.826203	0.710168	0.456990	0.665553	0.247492	0.660299	0.618949	0.505162	0.627570	0.507918	0.866108	0.462365	0.731410	0.788842	0.337985	0.639722	0.211960	0.243587	0.956976	0.260743	0.036372	0.519906	0.172146	0.621050	0.068687	0.811029	0.658553	0.762549	0.909290	0.681469	0.528401	0.411462	0.671080	0.409310	0.564189	0.832523	0.591095	
0.255883	0.377497	0.562956	0.005902	0.380978	0.647379	0.054418	0.694917	0.803943	0.057077	0.963679	0.870454	0.356212	0.043042	0.035205	0.541164	0.397376	0.168020	0.364844	0.334317	0.838377	0.889348	0.538365	0.628681	0.807584	0.557713	0.413914	0.144251	0.862810	0.958861	0.821429	0.189102	0.418685	0.179138	0.531044	0.529351	0.495151	0.262215	0.002965	0.375824	
0.576654	0.581810	0.361704	0.760694	0.913353	0.122529	0.219579	0.953587	0.668753	0.421793	0.646180	0.569218	0.369843	0.174848	0.722329	0.183356	0.484209	0.289550	0.491227	0.070427	0.769798	0.139362	0.504586	0.627643	0.225674	0.373136	0.000580	0.013185	0.773787	0.743230	0.738704	0.795098	0.691752	0.068826	0.134892	0.587560	0.332209	0.894068	0.819872	0.010134	
0.571147	0.917399	0.325623	0.942150	0.118616	0.595525	0.611966	0.080233	0.475271	0.486698	0.288313	0.514853	0.801179	0.457317	0.930633	0.666597	0.850720	0.073506	0.514579	0.275752	0.701036	0.490515	0.261900	0.616721	0.719808	0.347335	0.177675	0.628642	0.271110	0.599906	0.553410	0.703522	0.850498	0.580473	0.792684	0.998273	0.727503	0.806723	0.059536	0.726575	
0.526861	0.787464	0.936097	0.683392	0.502066	0.408949	0.549800	0.459605	0.889499	0.765377	0.896302	0.175903	0.252438	0.613208	0.406069	0.091318	0.413692	0.637467	0.294888	0.556996	0.604157	0.852429	0.078415	0.554256	0.352111	0.650097	0.083283	0.872219	0.808627	0.647695	0.825209	0.147626	0.617795	0.588689	0.105953	0.709638	0.111629	0.864067	0.874101	0.157959	

Printing Matrix B
0.060445	0.653770	0.547746	0.861960	0.783147	0.519947	0.470137	0.164741	0.990463	0.232341	0.913640	0.005528	0.842081	0.424819	0.898461	0.410381	0.829953	0.734024	0.453059	0.780870	0.709982	0.380428	0.839917	0.969689	0.105294	0.220128	0.063376	0.508635	0.750779	0.768793	0.525357	0.608146	0.243324	0.733009	0.938153	0.932589	0.814696	0.828255	0.858186	0.484992	
0.999975	0.982413	0.930775	0.968808	0.424501	0.330794	0.916774	0.305169	0.281109	0.856481	0.552057	0.867398	0.102086	0.021366	0.493596	0.923752	0.211477	0.556921	0.397214	0.823806	0.263330	0.771573	0.093539	0.340203	0.114919	0.593910	0.985754	0.033729	0.156960	0.048112	0.561452	0.144126	0.878030	0.915181	0.226777	0.096959	0.893587	0.670212	0.945273	0.361774	
0.207099	0.727169	0.416992	0.280693	0.815993	0.224508	0.300670	0.150374	0.069682	0.453944	0.804542	0.786566	0.419434	0.685255	0.467192	0.424900	0.002714	0.867143	0.912967	0.993657	0.476641	0.106405	0.586799	0.956010	0.322333	0.952939	0.960856	0.825005	0.196283	0.744997	0.557289	0.337766	0.321967	0.979708	0.352746	0.963894	0.191530	0.606697	0.327076	0.434809	
0.972662	0.776285	0.127254	0.313808	0.111550	0.987013	0.228703	0.228843	0.529689	0.785604	0.181917	0.711822	0.819796	0.151776	0.881226	0.796282	0.974334	0.787406	0.173857	0.425125	0.160021	0.954247	0.736918	0.939394	0.391641	0.149042	0.474495	0.947004	0.179382	0.441163	0.685365	0.914496	0.810012	0.761287	0.803117	0.269276	0.598551	0.351862	0.406613	0.602075	
0.016254	0.371810	0.611979	0.785041	0.417594	0.851969	0.463649	0.762658	0.468368	0.257529	0.710358	0.234623	0.750329	0.644377	0.877741	0.955195	0.997568	0.384746	0.645819	0.400909	0.395991	0.166373	0.019343	0.133300	0.452976	0.759195	0.917635	0.472242	0.580303	0.824905	0.363070	0.352040	0.107105	0.970185	0.906572	0.816338	0.623972	0.162202	0.911741	0.131025	
0.686332	0.528050	0.884039	0.271931	0.116910	0.922386	0.876936	0.840618	0.011211	0.736965	0.181898	0.220346	0.536013	0.449184	0.678051	0.812470	0.470429	0.968350	0.340811	0.818809	0.337117	0.937702	0.015621	0.198093	0.589123	0.944616	0.488361	0.576890	0.547511	0.472126	0.606283	0.589945	0.625116	0.431180	0.798576	0.423648	0.991185	0.349746	0.139669	0.033638	
0.482897	0.499814	0.143215	0.995631	0.102778	0.916288	0.752353	0.785773	0.064529	0.343396	0.466943	0.998799	0.128393	0.464933	0.896384	0.996856	0.476824	0.350540	0.573374	0.310765	0.813928	0.385212	0.733287	0.943751	0.387939	0.660922	0.054190	0.313009	0.008265	0.450647	0.276512	0.283931	0.944172	0.373375	0.980641	0.193697	0.911194	0.360851	0.749895	0.442296	
0.591748	0.992715	0.762938	0.828522	0.083666	0.675853	0.726671	0.113514	0.594254	0.188388	0.171030	0.369465	0.960996	0.726704	0.034917	0.848725	0.272218	0.272603	0.147164	0.806360	0.380292	0.591008	0.441997	0.777806	0.191412	0.611147	0.348280	0.444666	0.710927	0.020166	0.340370	0.372508	0.710332	0.647745	0.746235	0.088325	0.936319	0.233490	0.383855	0.414568	
0.977490	0.937708	0.006327	0.635045	0.553743	0.463097	0.524103	0.506702	0.480716	0.091930	0.608553	0.353479	0.859588	0.923189	0.598265	0.818710	0.363472	0.901524	0.138792	0.087052	0.191780	0.586649	0.385755	0.950317	0.247798	0.093423	0.222503	0.401224	0.033871	0.325534	0.662169	0.207891	0.900662	0.395439	0.645984	0.731988	0.032641	0.553646	0.411988	0.284867	
0.546211	0.516137	0.825192	0.850804	0.241774	0.491200	0.320583	0.929583	0.808506	0.260699	0.807513	0.292255	0.311324	0.258550	0.349864	0.383098	0.921707	0.664788	0.816596	0.605963	0.691931	0.962313	0.796254	0.233759	0.216918	0.059251	0.487145	0.864586	0.197407	0.521781	0.666553	0.443346	0.804113	0.335159	0.623727	0.679080	0.038286	0.328173	0.533289	0.439301	
0.056390	0.774639	0.850058	0.342004	0.762360	0.594736	0.768663	0.017172	0.146216	0.193487	0.293454	0.085601	0.513959	0.166280	0.975706	0.797454	0.104132	0.575631	0.211317	0.001655	0.781420	0.402589	0.634472	0.122860	0.772093	0.550630	0.188913	0.397288	0.050005	0.750120	0.169148	0.057806	0.119667	0.227471	0.551073	0.304661	0.825515	0.882576	0.127012	0.240675	
0.321783	0.964653	0.427536	0.213568	0.925508	0.503251	0.511261	0.367937	0.194495	0.961912	0.824532	0.078061	0.973823	0.110035	0.966073	0.999940	0.142015	0.798553	0.326533	0.047092	0.975808	0.346697	0.111401	0.117998	0.310041	0.051464	0.346483	0.784621	0.090161	0.421141	0.245365	0.344091	0.385674	0.956931	0.154764	0.964248	0.554366	0.617642	0.025579	0.971662	
0.815550	0.470193	0.152651	0.482339	0.149470	0.299046	0.324561	0.782215	0.785781	0.422442	0.743168	0.071118	0.697636	0.963300	0.424400	0.058834	0.958089	0.401984	0.783840	0.353551	0.787803	0.328144	0.295735	0.822600	0.849505	0.022061	0.631733	0.890206	0.781939	0.052583	0.788469	0.446290	0.640442	0.857296	0.732597	0.357591	0.863445	0.632765	0.796095	0.240696	
0.700407	0.238272	0.355936	0.661508	0.981985	0.344215	0.825507	0.517011	0.638779	0.890231	0.585155	0.891777	0.933558	0.607780	0.979907	0.375252	0.111234	0.012454	0.742003	0.605046	0.388053	0.494441	0.739766	0.679509	0.385758	0.749922	0.817562	0.419513	0.166241	0.480772	0.875770	0.826462	0.469548	0.454174	0.512878	0.935538	0.008481	0.114491	0.441430	0.126792	
0.363739	0.798102	0.518412	0.932421	0.244908	0.830801	0.269217	0.107681	0.496178	0.950316	0.621075	0.909987	0.315834	0.377803	0.818477	0.584453	0.381309	0.363517	0.600169	0.584374	0.709132	0.965754	0.072437	0.717115	0.635290	0.577671	0.553286	0.885921	0.512136	0.626384	0.768320	0.512829	0.593391	0.049349	0.172285	0.038637	0.048898	0.859766	0.077826	0.689950	
0.244313	0.969481	0.755279	0.666718	0.119126	0.598029	0.503939	0.037075	0.987204	0.290890	0.720147	0.040907	0.333918	0.890380	0.477555	0.124860	0.847950	0.519466	0.949742	0.870645	0.479286	0.956315	0.579532	0.080555	0.079813	0.726226	0.700972	0.569006	0.667806	0.446634	0.039715	0.867228	0.665834	0.490895	0.572878	0.684445	0.830214	0.035389	0.634149	0.976482	
0.487389	0.513923	0.469840	0.223251	0.542314	0.283007	0.241379	0.469694	0.536929	0.522789	0.322129	0.161971	0.847993	0.562088	0.313304	0.196104	0.241277	0.989054	0.792956	0.848763	0.882190	0.917299	0.282005	0.030782	0.347582	0.928740	0.760805	0.822053	0.288072	0.090940	0.922711	0.402069	0.997071	0.875105	0.603427	0.125296	0.855639	0.609185	0.429588	0.956577	
0.193538	0.446881	0.976028	0.563142	0.653076	0.865476	0.941127	0.739775	0.658667	0.728224	0.338749	0.747711	0.896116	0.332031	0.996863	0.102874	0.173924	0.144745	0.818690	0.414052	0.361969	0.047553	0.547072	0.241293	0.402209	0.467834	0.823037	0.935346	0.572441	0.044857	0.555984	0.759705	0.697487	0.879860	0.612336	0.987943	0.573439	0.277401	0.822824	0.326251	
0.488211	0.965990	0.009629	0.030401	0.168712	0.151374	0.222989	0.454605	0.815529	0.436653	0.628377	0.402170	0.460091	0.322327	0.198265	0.507948	0.442662	0.997723	0.375274	0.034362	0.103381	0.268683	0.096815	0.246846	0.057752	0.340209	0.108094	0.887945	0.421950	0.851101	0.858850	0.306691	0.832987	0.753804	0.332537	0.752247	0.973901	0.762288	0.744217	0.983059	
0.692633	0.488098	0.065647	0.368913	0.586315	0.107813	0.579062	0.746678	0.718917	0.620310	0.288648	0.487373	0.393487	0.333265	0.258795	0.939674	0.639592	0.752155	0.803815	0.192836	0.341082	0.835296	0.715152	0.332193	0.082455	0.485523	0.325059	0.633651	0.222556	0.856251	0.283240	0.432779	0.223697	0.628070	0.306003	0.417643	0.121555	0.567228	0.834912	0.270775	
0.851924	0.288470	0.729193	0.895530	0.889037	0.433101	0.547706	0.095108	0.050815	0.798916	0.544084	0.003902	0.469498	0.502345	0.470551	0.221778	0.529418	0.499458	0.432369	0.210360	0.146769	0.493682	0.509341	0.465877	0.311968	0.916973	0.481353	0.521690	0.492004	0.255261	0.797155	0.285030	0.987286	0.585183	0.179476	0.741061	0.439004	0.020719	0.823533	0.508500	
0.751390	0.991554	0.346348	0.183593	0.537279	0.800907	0.915893	0.661007	0.870426	0.322835	0.041734	0.376147	0.298639	0.429082	0.883462	0.257674	0.363056	0.867595	0.762471	0.547755	0.490043	0.634185	0.434600	0.309115	0.541383	0.354927	0.695845	0.063854	0.127939	0.116656	0.430519	0.646254	0.623557	0.502977	0.565037	0.685779	0.399395	0.461016	0.615157	0.139019	
0.402081	0.739656	0.225020	0.092410	0.296446	0.364361	0.583396	0.520539	0.524464	0.592981	0.074249	0.144581	0.598724	0.307638	0.375727	0.370421	0.940604	0.875735	0.913587	0.518582	0.177211	0.936997	0.893558	0.967559	0.481052	0.507522	0.839299	0.028945	0.257700	0.651904	0.783240	0.411236	0.132402	0.889467	0.255115	0.256021	0.290992	0.192932	0.650554	0.602571	
0.721030	0.686907	0.762196	0.998352	0.052434	0.653323	0.672582	0.559518	0.351528	0.850972	0.857034	0.038969	0.300011	0.332575	0.392391	0.082171	0.045239	0.673749	0.484929	0.827330	0.322359	0.373038	0.545211	0.799924	0.381541	0.503383	0.757889	0.386601	0.774252	0.008464	0.654322	0.280063	0.859712	0.506995	0.625914	0.882006	0.814979	0.943213	0.187600	0.256930	
0.394033	0.807717	0.302665	0.209821	0.913494	0.243560	0.308920	0.267377	0.477436	0.513275	0.108698	0.051622	0.650324	0.283867	0.737972	0.407065	0.301111	0.283927	0.409100	0.680693	0.712034	0.890410	0.447877	0.189587	0.932159	0.028663	0.098142	0.964534	0.075121	0.586390	0.789198	0.945098	0.208237	0.694085	0.722774	0.939931	0.299032	0.455762	0.988128	0.672222	
0.348210	0.961145	0.781171	0.194818	0.174080	0.669384	0.774663	0.053587	0.843508	0.600237	0.122450	0.001089	0.370509	0.168391	0.102200	0.278925	0.541499	0.896763	0.165749	0.178961	0.872788	0.303107	0.462828	0.630350	0.104365	0.872617	0.770755	0.648297	0.330558	0.499902	0.657302	0.883168	0.018898	0.521471	0.871511	0.524475	0.548777	0.391749	0.184276	0.317940	
0.252687	0.515456	0.064263	0.164707	0.980442	0.827578	0.443437	0.836544	0.490677	0.646981	0.058447	0.106486	0.999038	0.618828	0.520335	0.471954	0.127324	0.796465	0.151164	0.586407	0.625781	0.769349	0.124731	0.531551	0.963909	0.977596	0.349988	0.629579	0.582318	0.532339	0.185174	0.875675	0.991704	0.504085	0.633312	0.274474	0.504478	0.328310	0.649717	0.244618	
0.038393	0.635981	0.306295	0.737406	0.513966	0.991266	0.274039	0.011639	0.539082	0.408611	0.606216	0.431486	0.726908	0.739903	0.619657	0.990251	0.206734	0.046431	0.891791	0.401643	0.053582	0.104898	0.259850	0.593364	0.632260	0.971325	0.685060	0.349170	0.162607	0.788593	0.073595	0.440314	0.405076	0.793359	0.270582	0.702624	0.587910	0.651785	0.924059	0.646692	
0.247124	0.794795	0.020828	0.344152	0.233040	0.965700	0.911590	0.586964	0.892758	0.613532	0.575324	0.487504	0.123679	0.010995	0.384439	0.604056	0.275703	0.563747	0.542817	0.479967	0.040646	0.082491	0.851680	0.268900	0.049778	0.907779	0.198588	0.788336	0.534573	0.370004	0.457018	0.550575	0.372913	0.029253	0.022223	0.691587	0.954887	0.015103	0.443534	0.551006	
0.166436	0.118414	0.854069	0.687291	0.706081	0.307654	0.031356	0.895820	0.972552	0.319999	0.434292	0.057643	0.785665	0.195746	0.356750	0.722510	0.205537	0.888210	0.747673	0.448248	0.632797	0.616853	0.614131	0.068422	0.437745	0.581459	0.400008	0.261217	0.711849	0.414871	0.203715	0.591786	0.978304	0.468858	0.055497	0.179732	0.673008	0.352447	0.309259	0.873822	
0.809291	0.619042	0.094383	0.394971	0.337222	0.874832	0.947223	0.950190	0.946614	0.651505	0.336154	0.690404	0.627823	0.296301	0.463720	0.684086	0.625404	0.482310	0.183386	0.526020	0.687123	0.061546	0.867470	0.559874	0.430784	0.816194	0.042617	0.776100	0.549450	0.607523	0.242524	0.286180	0.594737	0.587716	0.645771	0.298731	0.514588	0.967241	0.372013	0.196142	
0.738495	0.569735	0.518936	0.451553	0.418235	0.081555	0.350685	0.528687	0.136225	0.723545	0.230139	0.114890	0.382553	0.126785	0.609246	0.557362	0.335265	0.128854	0.472932	0.922585	0.639483	0.551926	0.371875	0.935589	0.197016	0.290096	0.681410	0.171881	0.487118	0.818529	0.621595	0.444105	0.502988	0.811060	0.153366	0.867087	0.737785	0.783016	0.499627	0.617761	
0.377740	0.123798	0.312844	0.123113	0.594346	0.896326	0.317532	0.172800	0.913390	0.796440	0.717504	0.859605	0.082540	0.564950	0.361227	0.278809	0.090568	0.798116	0.698286	0.203374	0.862870	0.508573	0.440131	0.000923	0.665232	0.420278	0.460889	0.838025	0.922504	0.125595	0.585686	0.022697	0.807011	0.079666	0.742042	0.797929	0.382740	0.785315	0.987874	0.176393	
0.583599	0.035842	0.876554	0.587916	0.276843	0.082789	0.117915	0.538783	0.926299	0.430222	0.901489	0.273254	0.534653	0.107100	0.844805	0.175633	0.880164	0.472892	0.085342	0.555776	0.774319	0.224714	0.744050	0.817159	0.381945	0.338691	0.475533	0.567662	0.670513	0.532714	0.958254	0.943723	0.919822	0.595136	0.477424	0.367350	0.789476	0.143978	0.355559	0.203876	
0.208519	0.020937	0.154513	0.694239	0.263361	0.340345	0.935301	0.060033	0.700684	0.860288	0.806080	0.429852	0.819700	0.129082	0.534968	0.912764	0.875525	0.427540	0.522300	0.855064	0.348732	0.007276	0.479477	0.139156	0.722478	0.358269	0.227080	0.124114	0.361951	0.222040	0.586154	0.640406	0.068505	0.491717	0.189724	0.376466	0.542189	0.822490	0.451052	0.201826	
0.961088	0.702089	0.348216	0.234949	0.079399	0.607086	0.591794	0.127232	0.315438	0.251104	0.965729	0.043619	0.011313	0.529584	0.827754	0.635896	0.291505	0.977010	0.164188	0.349889	0.668949	0.909140	0.204468	0.921042	0.655321	0.025068	0.799716	0.128969	0.934795	0.273394	0.389963	0.551390	0.247274	0.321190	0.740361	0.655049	0.628055	0.670053	0.600562	0.352429	
0.763240	0.876933	0.446183	0.373985	0.664455	0.143527	0.556669	0.735886	0.223318	0.215405	0.728157	0.372989	0.434643	0.188735	0.634136	0.291087	0.918660	0.960333	0.173922	0.745822	0.981696	0.892794	0.584266	0.342308	0.685758	0.771262	0.428167	0.770126	0.187292	0.898015	0.500025	0.218805	0.357122	0.783529	0.513455	0.369421	0.418699	0.033517	0.890896	0.810548	
0.933537	0.990568	0.726061	0.224514	0.719555	0.734782	0.311630	0.638265	0.132725	0.199797	0.951144	0.141331	0.831433	0.372808	0.550672	0.298982	0.765166	0.845913	0.050244	0.404580	0.192956	0.989378	0.092949	0.173339	0.049436	0.871854	0.942354	0.370423	0.188032	0.496115	0.926586	0.222913	0.084648	0.182979	0.139253	0.904690	0.726922	0.836795	0.521711	0.045546	
0.383269	0.571727	0.930584	0.099410	0.685380	0.857320	0.390623	0.303718	0.149059	0.610163	0.074257	0.620522	0.408922	0.621051	0.467451	0.501780	0.583996	0.176343	0.015656	0.633195	0.871278	0.313002	0.570748	0.737172	0.103418	0.008120	0.862188	0.978855	0.085959	0.201742	0.266503	0.404130	0.777028	0.365078	0.856225	0.493720	0.488788	0.989403	0.423443	0.779344	
0.073909	0.704537	0.416106	0.207207	0.283298	0.055475	0.112471	0.400299	0.040077	0.682183	0.763650	0.623805	0.982626	0.311974	0.339782	0.932931	0.878782	0.349789	0.320859	0.796954	0.965945	0.153958	0.312034	0.967914	0.319633	0.248414	0.826001	0.335721	0.485426	0.214696	0.739013	0.238901	0.785094	0.912684	0.145685	0.710110	0.562067	0.190045	0.418324	0.226212	

Printing Matrix C
9.373416	12.705131	8.889943	9.432967	9.366342	9.929326	9.567007	8.573177	10.692313	10.419047	11.032306	7.239464	11.476501	7.990090	10.987835	11.056719	9.428220	12.128601	9.648068	10.741725	11.249640	10.407030	9.467971	9.604789	7.671047	9.511997	9.968925	11.827774	7.803979	8.672396	10.697820	9.194444	11.092681	11.335852	9.362731	11.089328	10.700175	10.103722	9.953900	9.917753	
10.992286	12.793712	10.832799	10.750190	10.166331	12.497663	11.204293	9.092179	9.974190	11.666298	10.642512	8.312339	11.891630	8.859366	13.213443	11.552476	9.967006	11.255819	9.114768	11.039748	11.625083	11.558818	9.003804	10.927250	8.176569	10.967812	11.188224	11.909686	8.896671	9.237751	11.002701	10.023696	12.087660	11.989413	11.450924	11.538502	12.506927	10.833478	11.988496	9.206048	
9.417994	11.190566	8.027890	7.920309	7.915477	9.587826	8.981494	7.406779	8.366637	9.811339	8.745018	6.748889	9.501024	7.003598	10.009912	10.041141	8.567570	10.483581	8.027611	8.855031	9.600544	9.511192	7.748064	9.146866	7.656457	8.807647	9.877038	9.775710	6.898637	7.393157	9.530048	7.820574	10.065603	10.943882	8.984959	8.989403	10.227279	8.623862	10.241518	8.527171	
7.907366	11.368660	8.488173	8.554037	9.055764	9.832143	9.504621	6.859983	9.254006	9.357145	9.755379	6.749057	10.683333	7.455034	11.060371	9.753277	8.638186	11.074903	8.847628	9.527239	10.409851	8.766172	8.730900	9.054380	7.829464	9.847464	9.574801	10.225027	6.466007	8.242247	9.412679	8.710160	9.742434	11.188360	9.575682	10.119262	10.477113	8.856819	10.030594	8.461801	
9.610277	12.725793	9.774149	9.649299	8.852903	10.608235	10.177433	8.429337	10.381605	10.463761	10.864551	6.772029	11.578629	7.755151	11.033222	10.595747	9.684059	11.361291	9.475952	11.221812	9.752440	9.845800	9.035360	10.173232	7.152422	10.365616	11.365772	10.430546	7.882055	8.869453	11.284166	9.151405	10.306361	12.209286	9.724077	11.726653	12.104929	10.613246	10.942855	8.884194	
8.768124	11.462451	8.641562	9.344177	7.823228	8.958707	9.839049	7.542359	9.057640	9.144280	9.783575	5.861642	9.938238	7.332408	10.080345	9.304640	8.466137	10.781211	8.359994	8.944244	9.582760	8.669103	7.626421	9.076302	7.100952	8.854354	9.613042	8.826401	6.603486	7.183445	9.652797	8.110610	9.978564	10.326755	8.978478	9.770327	9.849292	9.093251	8.954100	6.735764	
10.542947	13.868879	10.842125	10.513438	11.474839	11.847337	11.530112	9.797248	10.946903	11.466191	11.722991	8.065667	12.527544	9.107550	13.129476	12.517990	10.130478	13.445643	10.291722	11.495188	12.407702	11.340025	10.001451	10.778444	9.484221	11.980391	11.461286	12.229507	8.888939	10.548156	11.213173	9.958168	12.365536	13.495381	11.346823	12.396881	13.093494	11.508628	12.907596	10.123390	
9.039547	11.427983	9.545898	9.694873	8.385877	11.419369	10.419443	7.790681	9.865283	10.072747	9.688418	7.277802	10.949262	7.901679	11.015835	10.221319	7.992737	10.202338	8.823764	9.862204	9.736532	8.686796	8.437107	9.692634	7.483369	10.648137	10.616171	10.125236	7.614486	8.104484	9.992514	8.993048	10.022974	10.433871	9.843868	10.848319	10.407559	10.051247	9.245227	7.346227	
8.598070	11.017631	7.737662	8.165645	8.583706	9.745051	9.276445	8.735532	8.413760	8.621334	7.845794	6.275195	10.767670	7.966382	10.434440	9.417182	8.791216	10.044396	8.433734	9.271205	9.337367	9.749181	8.099075	9.165026	7.758536	9.573860	8.854330	9.909051	6.829513	8.071580	9.045441	8.605065	9.957072	10.961883	9.870397	9.416239	9.901761	7.475372	10.589711	7.750825	
11.250017	14.827643	10.529846	11.027595	9.957536	12.923209	11.957679	9.735627	11.415811	12.736424	12.608057	9.201655	12.848125	9.410032	13.700182	12.670152	10.584864	12.816597	11.063559	12.078065	12.654377	11.249217	10.333720	12.026470	8.581068	10.988525	12.525606	13.806850	9.402294	9.833324	12.469734	10.752835	12.411349	13.652711	12.245612	13.771510	13.818639	12.437627	12.233908	10.731002	
9.937036	12.652974	9.399857	8.968177	9.728429	10.181171	10.197358	8.420436	9.833908	10.336158	9.973508	6.301846	10.607066	7.273105	11.719577	10.504704	9.152702	12.154795	9.451944	9.155989	9.090246	10.430728	9.366060	9.145126	7.044585	9.681671	9.585982	10.885071	6.933418	9.428725	10.560072	9.447668	10.572261	11.340742	9.148413	12.057185	11.457454	9.546990	10.871252	9.196936	
8.551527	11.104639	9.952142	9.304169	8.698273	9.640223	9.980182	8.476499	9.443472	9.851865	9.447656	6.800634	11.207277	7.505989	10.776087	9.803894	8.481427	10.519905	9.286971	10.272152	9.182494	9.041334	8.521722	8.966823	7.042348	8.745830	10.183369	9.649736	7.478942	7.201683	10.246435	8.550957	10.772744	11.007471	9.361148	10.872613	10.897246	9.170517	9.688722	7.561795	
9.251900	10.918611	9.734604	9.394072	9.049231	10.205566	9.697724	8.669098	10.042547	9.426170	9.739051	6.519681	10.660063	7.843639	10.954879	9.799619	9.119183	11.464143	8.943383	9.042765	10.006224	10.800410	8.853586	8.126267	7.510322	10.131058	9.219629	10.300316	7.763507	8.184911	9.753341	8.985537	11.151464	9.354901	9.169178	10.017237	10.078200	8.096141	9.561968	7.529533	
10.319691	13.579057	10.224436	9.879702	10.226376	11.877357	11.082399	9.516591	11.209740	11.327948	10.392061	8.330591	11.753731	9.262410	12.158975	10.896214	10.277095	12.348881	10.277422	11.559940	12.109614	11.576283	9.859958	10.820128	8.450239	11.844318	11.160613	12.446700	8.707265	9.553974	11.516310	10.454599	13.028989	11.949134	11.087192	11.951912	12.411003	9.738949	12.333985	9.603300	
9.652279	13.177670	8.990132	9.523745	8.265682	9.776147	9.933130	8.341030	10.643912	9.990265	10.548785	6.277244	10.606618	7.458469	10.844020	10.518388	10.421014	12.103052	8.988823	9.618151	9.968301	10.267386	8.609703	10.144729	7.279298	9.411474	9.845121	10.806529	8.130406	8.986667	10.863946	9.262082	10.754825	12.069843	9.295064	10.690490	11.190498	8.272229	11.146124	9.491367	
9.179928	11.406222	8.001088	8.769785	8.672463	10.506655	9.056650	8.052609	10.014762	10.548789	9.787755	7.001618	10.726680	8.324880	11.044723	9.382706	8.722903	11.429093	10.068013	10.350710	9.836845	10.303862	8.824566	10.460105	8.168284	9.862498	10.542141	10.190476	7.691552	8.417630	10.647085	9.514579	10.761661	11.219931	10.079471	10.791065	10.969843	10.196923	10.620518	8.571945	
8.748812	11.182724	8.149950	8.861591	7.589564	9.127747	9.536655	8.324384	9.624253	9.288717	9.441595	6.257093	9.721167	6.778392	9.889616	9.512250	8.536896	11.098516	8.175728	9.712719	9.681186	9.580598	8.042274	8.548008	6.998847	8.720305	8.363911	10.087385	7.273169	7.537432	9.903008	8.842117	10.719872	10.067146	9.265613	9.785940	10.170559	8.556031	9.782159	8.124097	
9.946301	12.550090	9.434694	9.959137	9.366544	10.535201	11.105318	9.181648	10.409826	11.006636	11.017564	7.699368	10.686551	7.455210	11.337613	10.843600	9.231989	12.925484	9.098048	10.409336	11.048034	9.847226	9.731649	10.456841	7.656050	10.720577	10.070527	11.310770	7.979037	8.901490	10.648836	9.326441	11.460275	11.705115	10.267568	11.361864	10.889984	9.344230	10.580591	8.212419	
9.980850	12.699302	8.406729	9.808985	8.300417	10.964565	10.343236	7.718252	9.882533	9.842151	9.249582	6.876982	10.590756	8.017494	10.990392	10.484258	8.046180	10.980166	8.595054	9.615231	9.365211	10.224233	8.724252	9.995021	7.725211	10.078266	9.594044	10.488595	7.330734	8.026978	9.852711	9.404416	11.203255	11.215228	10.477731	10.340917	11.007161	8.743239	10.611214	8.853195	
9.478371	13.343455	9.833875	9.101416	9.540300	11.276907	9.843336	9.050625	10.993087	10.805340	10.700188	7.296222	11.409812	8.588278	10.919885	10.980751	9.624357	13.086491	10.427316	11.163301	11.614871	10.540137	9.924879	11.298900	7.802780	10.958384	11.805914	11.666685	8.894625	9.430617	11.174961	9.541722	12.002853	12.766304	10.655584	12.268859	12.193339	10.405836	11.821582	10.479178	
11.706198	14.792078	10.739165	11.323493	9.806772	13.760178	12.535432	10.441135	12.696024	11.929222	11.473053	8.290331	13.138773	9.923509	13.505970	12.756297	11.966833	13.019572	10.523013	12.621865	11.424061	12.044604	10.993039	12.573588	9.165995	11.463414	12.269644	12.761305	9.750009	10.028279	11.858508	11.639049	13.131103	13.499579	12.762456	12.805141	13.541241	11.074190	13.044902	9.626903	
7.700657	10.588029	7.733064	7.662867	7.335793	9.829146	8.188764	7.499898	9.523476	9.003509	8.703385	6.329917	9.600923	7.686911	9.094760	9.130192	8.572037	10.069566	8.495564	8.801274	8.432709	8.384907	7.490317	8.281130	6.270266	9.134750	9.655818	9.715771	7.017598	7.156965	9.302872	8.427670	10.550790	9.734569	8.731820	9.939107	10.288913	7.688183	9.734967	7.922084	
8.402987	9.854087	6.037082	6.856411	7.040685	9.113938	8.414097	7.529220	8.960742	8.645398	7.105622	6.217640	8.218156	6.479321	8.936443	8.325672	7.511497	9.958643	8.278666	7.628809	8.176284	9.039227	7.718159	7.794569	6.604311	8.678173	8.397108	8.541638	5.898396	6.866092	8.117759	7.780531	8.996300	9.169766	8.417587	8.007598	8.616446	7.392642	9.312802	6.875601	
10.097894	13.138052	9.962119	9.802987	8.874919	10.845487	10.053249	9.007032	10.717980	10.934271	10.540092	7.861504	10.873448	8.198042	11.959057	10.451482	10.361692	12.977726	10.237220	10.373944	11.003421	11.728776	10.220843	10.817585	8.740843	10.383699	10.677670	11.826148	7.991526	9.702422	11.578763	10.212718	12.255803	11.635089	10.525295	11.393936	11.010237	9.589431	11.239153	9.726195	
10.530699	12.902489	8.945160	9.364321	8.563841	9.917021	10.522040	8.884081	10.437045	10.519037	9.860683	7.543557	10.235709	7.315034	10.930517	10.094717	9.894315	10.322889	8.974688	10.615572	10.720998	10.300032	9.017844	9.944412	6.971428	8.979938	10.060955	10.802149	7.231892	8.396321	10.976912	9.563295	10.364057	10.667001	9.386227	11.092306	10.788037	10.004045	10.557231	8.488607	
11.610799	14.294659	10.751032	11.534964	9.534288	12.246269	11.087467	10.126712	11.204578	10.081408	11.695289	7.325643	12.272209	9.145975	13.649320	12.269672	11.193260	13.584105	10.465524	11.425748	11.061429	12.675567	10.039911	11.465205	8.522266	11.228617	11.508863	10.854717	8.357071	10.378770	11.391082	10.378655	12.414781	12.924099	11.626626	12.005657	12.994948	10.325149	12.059714	9.781978	
7.338874	9.445657	8.105096	7.741184	6.524150	8.137682	8.236426	7.482406	8.402139	7.984251	7.633883	5.918234	8.969564	6.937498	8.787100	7.935213	7.756505	8.437509	7.991778	8.422431	8.715651	8.154561	7.545273	7.370735	5.772961	7.464682	8.244943	9.267545	6.425844	5.826786	8.293064	7.775716	9.650755	9.152554	8.774133	8.608347	9.280697	6.736400	8.612253	6.706097	
9.210824	12.141303	9.140537	9.262468	9.224529	10.426519	9.876601	8.747504	9.884987	9.757649	9.579923	7.222904	11.124036	8.149419	11.229073	10.385531	9.555988	10.113142	9.316034	10.315938	10.021059	10.111157	8.999940	9.042196	6.584082	9.838980	9.909688	11.095244	7.149685	9.006241	9.845229	9.207435	10.395504	11.337180	9.925463	11.352628	10.809602	9.205345	10.902711	8.980169	
10.098202	12.680115	9.713814	9.186146	9.987182	10.636380	10.771669	8.771524	10.821276	11.263892	9.827671	6.781543	11.093110	8.104978	10.372788	10.612605	9.450530	12.586886	10.224464	11.248954	10.651661	10.759371	10.022612	10.189064	7.547695	10.955438	11.249340	10.731934	8.291797	9.002017	10.718314	9.641886	10.960707	12.096401	9.819432	11.818787	11.332575	11.143185	11.499184	9.271069	
9.877409	12.909182	10.066699	9.592375	9.162884	11.155144	10.327115	8.365347	10.635876	9.518176	10.111039	6.392462	11.514400	8.216094	11.543915	10.300384	10.158943	12.368311	9.516418	10.541997	10.318365	11.766470	9.558810	9.738590	8.642667	9.991877	10.990941	10.587158	8.038498	8.479184	10.353146	9.934452	10.893078	11.471940	10.529255	10.759634	11.265212	9.498985	11.493415	8.507466	
9.321385	12.235030	8.107902	9.135498	9.060619	11.006374	9.624912	8.484206	10.160382	10.916171	9.915659	7.669297	11.346429	7.594721	11.569410	11.876819	10.122341	12.079416	8.942314	9.628883	9.733835	10.774942	8.396410	9.657392	7.847595	9.458638	9.209708	11.394576	7.448733	9.297980	10.910470	9.564020	11.084370	11.264659	9.800395	10.892115	10.591487	9.303872	11.186015	8.755910	
MPI_Wtime measured for total run by process 1 = 0.040318
MPI_Wtime measured for total run by process 5 = 0.026464
MPI_Wtime measured for total run by process 6 = 0.027758
MPI_Wtime measured for total run by process 18 = 0.039187
MPI_Wtime measured for total run by process 19 = 0.039518
MPI_Wtime measured for total run by process 22 = 0.040635
MPI_Wtime measured for total run by process 24 = 0.040968
9.096440	11.612656	7.661410	8.622182	8.646974	8.976953	8.897781	6.975998	9.623293	9.457689	10.492122	6.599785	10.471505	8.105866	10.351726	10.014745	9.919638	12.168340	8.876044	9.033326	10.375476	10.001265	8.973398	10.752113	8.268245	9.281655	9.132781	10.283995	7.817189	9.164156	10.995416	8.353877	10.036084	10.821276	9.411451	10.239391	10.189582	9.684331	10.939519	8.511040	
10.497689	12.515954	10.534790	10.304128	9.253250	10.791302	10.596227	9.951798	10.894686	11.559950	11.163778	7.702261	11.642667	8.021321	11.440511	11.536212	10.554457	12.550338	9.465265	10.948206	11.538664	11.074983	9.147606	10.112544	7.526041	10.119395	11.224194	12.029669	8.405074	8.922522	11.795397	9.724494	12.174801	12.029198	10.821618	11.567523	11.539526	10.195579	11.120937	8.806356	
9.947716	12.834035	9.498647	9.528461	8.615521	11.238077	9.359955	9.358983	9.711628	10.223311	9.879681	7.289109	11.098541	7.968282	11.703648	11.291327	10.161896	12.217559	9.249624	9.974246	10.549253	11.066297	8.898617	10.549003	8.013663	9.413157	10.404961	10.508105	7.617806	9.084377	11.098478	8.612076	12.188023	11.628926	10.617967	11.094211	11.629112	10.430711	11.117676	8.788344	
8.657375	11.167058	8.517773	9.119586	8.751356	10.056323	9.564308	7.967348	9.574274	9.522902	9.767518	6.897577	11.481681	8.039879	10.305751	9.781494	9.416904	10.694669	8.959708	9.472524	9.731917	8.652987	8.303303	9.515752	7.316180	10.111197	10.290495	10.247227	7.266463	7.810155	10.010662	8.561669	10.138699	11.647186	9.763669	10.599976	9.615441	8.433776	10.506969	7.297516	
11.275976	13.554286	9.691886	9.523441	9.926620	12.033516	11.083455	10.449838	11.411972	11.436816	10.697073	8.394319	11.930042	8.644115	12.977329	11.844973	10.478744	12.838973	10.021260	11.138645	11.924202	11.850064	9.817077	10.300875	8.518233	10.463102	11.370920	12.107159	8.348819	9.309800	11.564824	10.460447	12.971394	12.010242	11.047898	11.973229	12.432590	10.524261	11.608149	9.824268	
9.042124	12.311729	8.594774	8.219492	8.941050	9.845689	10.456037	8.138587	9.679325	9.369640	9.047411	5.159566	10.365702	7.198535	10.113532	10.184564	7.830483	12.258043	8.500141	9.071754	9.623149	9.466768	8.511114	8.057747	7.774117	9.959623	8.797331	9.623171	7.568871	7.817962	9.214225	8.292268	9.964352	10.542452	8.772919	10.409572	10.932095	8.857514	9.381821	8.199276	
10.049534	12.497983	9.592651	9.399855	8.518175	11.079559	9.662902	8.124721	9.471905	9.802006	9.834570	6.634465	10.323163	7.460958	10.530772	10.394021	8.909412	11.514132	8.133917	9.345831	9.638974	10.172472	8.634797	9.572575	6.626146	9.479337	10.083568	10.710015	8.016267	8.135746	10.255501	7.826825	10.644219	10.423166	9.541468	10.489873	11.256000	10.217630	9.815322	8.842909	
12.241145	13.949246	10.157250	10.924914	9.551884	11.574785	10.794012	9.316299	11.240574	12.226358	12.587468	8.129775	11.828962	8.674659	13.006392	11.858574	11.076980	13.790995	10.534773	11.903000	12.118351	12.890296	9.615296	11.221750	9.347722	10.929151	11.815615	11.993069	9.211255	9.482958	12.820990	10.375777	12.985844	12.676872	10.791591	12.089494	12.948354	11.625256	12.308786	10.157537	
11.169064	13.730022	10.779987	10.570060	10.182457	12.881989	11.553043	9.435489	11.168224	10.765920	11.074859	8.687261	11.266341	8.765411	12.606964	11.820758	9.325071	12.847181	9.977203	10.420131	10.663981	10.738770	10.438043	10.941989	7.870260	11.348755	11.676492	11.968964	7.922206	9.249839	11.262235	9.687392	12.175596	11.516845	11.229428	12.355605	11.894083	11.360803	11.449510	8.655700	
The results Matches
MPI_Wtime measured for total run by process 2 = 0.040169
MPI_Wtime measured for total run by process 3 = 0.040781
MPI_Wtime measured for total run by process 4 = 0.040468
MPI_Wtime measured for total run by process 7 = 0.027448
MPI_Wtime measured for total run by process 8 = 0.027899
MPI_Wtime measured for total run by process 9 = 0.026553
MPI_Wtime measured for total run by process 10 = 0.025569
MPI_Wtime measured for total run by process 11 = 0.027570
MPI_Wtime measured for total run by process 12 = 0.025823
MPI_Wtime measured for total run by process 13 = 0.026254
MPI_Wtime measured for total run by process 14 = 0.026199
MPI_Wtime measured for total run by process 15 = 0.038707
MPI_Wtime measured for total run by process 16 = 0.039341
MPI_Wtime measured for total run by process 17 = 0.039744
MPI_Wtime measured for total run by process 20 = 0.040007
MPI_Wtime measured for total run by process 21 = 0.040529
MPI_Wtime measured for total run by process 23 = 0.040698
