MPI_Wtime measured for total run by process 0 = 0.011670
Total time by each process = 0.102374  And Average = 0.011375 
Printing Matrix A
0.068267	0.933873	0.347526	0.806245	0.487904	0.243586	0.988895	0.864925	0.203859	0.016747	0.565509	0.444871	0.522546	0.341497	0.243074	0.549777	0.605870	0.978513	0.918319	0.808670	0.262228	0.610848	0.501329	0.984867	0.657949	0.621077	0.539859	0.752842	0.706012	0.847499	
0.749994	0.260427	0.880925	0.309260	0.023698	0.205467	0.170185	0.537049	0.292088	0.376703	0.523530	0.173495	0.063729	0.125795	0.020676	0.718827	0.370569	0.126534	0.218195	0.050738	0.553723	0.527820	0.072520	0.395423	0.586785	0.314644	0.769906	0.173705	0.414475	0.603377	
0.272794	0.205821	0.301458	0.894857	0.768149	0.761546	0.201800	0.045780	0.354235	0.638927	0.213328	0.051336	0.441709	0.816870	0.524540	0.291336	0.742450	0.440697	0.829512	0.563562	0.281148	0.919532	0.614474	0.757267	0.406515	0.909730	0.349764	0.603077	0.186106	0.647657	
0.840193	0.507980	0.436150	0.626552	0.284230	0.863323	0.515222	0.048326	0.748167	0.098406	0.201786	0.774525	0.969201	0.343023	0.797549	0.865953	0.929673	0.220386	0.322609	0.631485	0.037052	0.172218	0.277663	0.681972	0.026136	0.180513	0.788514	0.779473	0.332640	0.913022	
0.113177	0.767932	0.152908	0.408673	0.835256	0.082357	0.534967	0.424584	0.475118	0.838461	0.886933	0.729177	0.974013	0.433162	0.631146	0.436842	0.125159	0.787173	0.193092	0.753584	0.236005	0.900657	0.090515	0.583602	0.431796	0.066888	0.441038	0.994176	0.304715	0.721704	
0.773521	0.680183	0.363320	0.176746	0.663202	0.584761	0.766271	0.670179	0.810659	0.422419	0.675845	0.561184	0.285371	0.531934	0.982697	0.525946	0.412184	0.654898	0.673486	0.331916	0.761975	0.235895	0.402094	0.385031	0.159855	0.455208	0.296757	0.952583	0.571752	0.172213	
0.738155	0.310668	0.904290	0.925843	0.797210	0.914463	0.174435	0.087430	0.056432	0.789282	0.279911	0.051987	0.260882	0.158796	0.489087	0.387084	0.029169	0.377581	0.663317	0.511234	0.561182	0.019712	0.576056	0.312147	0.579603	0.848775	0.345919	0.436183	0.905331	0.439436	
0.925988	0.621661	0.524271	0.888616	0.302666	0.648115	0.825548	0.599466	0.774968	0.034092	0.013041	0.214086	0.783628	0.965762	0.245248	0.083378	0.231718	0.126393	0.704281	0.943575	0.414859	0.870796	0.259516	0.642011	0.381875	0.389056	0.558969	0.753876	0.253411	0.031557	
0.124837	0.669894	0.819975	0.112542	0.811296	0.531204	0.647808	0.466562	0.872262	0.941809	0.784675	0.649053	0.934007	0.686242	0.122568	0.686078	0.832735	0.603959	0.152259	0.176966	0.772619	0.189709	0.110170	0.327751	0.764843	0.236569	0.600425	0.893163	0.288551	0.721851	
0.297204	0.658523	0.763900	0.782648	0.978982	0.879714	0.667784	0.172028	0.725694	0.760386	0.769338	0.040056	0.882577	0.904194	0.512623	0.582246	0.033974	0.939765	0.503250	0.714033	0.682027	0.233833	0.663170	0.127765	0.905639	0.879401	0.885106	0.044739	0.852675	0.938811	
0.574979	0.175125	0.761826	0.406826	0.837302	0.747308	0.714606	0.869139	0.387002	0.766641	0.885055	0.967619	0.565499	0.537845	0.961292	0.783473	0.997714	0.145224	0.073487	0.024616	0.672910	0.430117	0.753065	0.765293	0.296160	0.432709	0.177976	0.951377	0.412686	0.161650	
0.965878	0.910249	0.903720	0.723131	0.607523	0.887995	0.519670	0.667948	0.617369	0.412803	0.965175	0.094745	0.245840	0.886625	0.535343	0.032504	0.993397	0.464812	0.998225	0.874324	0.935690	0.886180	0.080432	0.728096	0.987370	0.611331	0.986412	0.095694	0.752197	0.890778	
0.030594	0.788761	0.866035	0.921107	0.441517	0.470008	0.557750	0.832567	0.910317	0.335983	0.701563	0.850231	0.653389	0.920227	0.928244	0.693127	0.734287	0.982828	0.735462	0.464583	0.699367	0.554187	0.290779	0.895299	0.947418	0.098782	0.178595	0.336955	0.894938	0.237571	
0.068186	0.782019	0.412587	0.402795	0.668783	0.325028	0.801969	0.625267	0.265969	0.293844	0.751847	0.862367	0.341639	0.762427	0.456502	0.059758	0.930697	0.327161	0.606625	0.491332	0.597335	0.643558	0.695575	0.492052	0.789391	0.174931	0.178521	0.471681	0.236619	0.756736	
0.234107	0.217809	0.658271	0.508088	0.274926	0.540304	0.815781	0.271565	0.452687	0.472900	0.549512	0.783317	0.685129	0.248193	0.489107	0.614868	0.821423	0.888018	0.377646	0.744590	0.395525	0.524834	0.468757	0.722662	0.560015	0.163522	0.843393	0.837561	0.201837	0.450269	
0.090683	0.414157	0.897813	0.391800	0.698281	0.928032	0.421285	0.305112	0.249265	0.811485	0.223336	0.918808	0.921847	0.595251	0.842122	0.814628	0.110656	0.844912	0.530961	0.283929	0.373103	0.323047	0.664827	0.684429	0.655933	0.723372	0.470923	0.945998	0.398548	0.516454	
0.586769	0.173476	0.559867	0.705895	0.255100	0.320069	0.201784	0.422591	0.271275	0.780703	0.602935	0.806477	0.146254	0.466627	0.293724	0.785472	0.314163	0.577917	0.977336	0.964857	0.273635	0.860639	0.928042	0.342031	0.390250	0.126526	0.626808	0.067042	0.685478	0.317863	
0.516751	0.859694	0.062285	0.704943	0.721423	0.272057	0.954727	0.470478	0.415926	0.082087	0.935241	0.799361	0.141616	0.335110	0.400073	0.806295	0.756310	0.747737	0.103600	0.858215	0.122481	0.820082	0.262969	0.959977	0.103068	0.485071	0.250677	0.600358	0.150835	0.219387	
0.588443	0.467731	0.691671	0.163347	0.668148	0.620294	0.151835	0.867837	0.730936	0.093698	0.869878	0.872312	0.863201	0.512848	0.408139	0.564945	0.757916	0.341334	0.248145	0.244858	0.526244	0.706922	0.305529	0.092882	0.402574	0.870468	0.765350	0.393007	0.215451	0.642588	
0.638090	0.620172	0.240208	0.845594	0.466188	0.404646	0.955605	0.670511	0.686328	0.297599	0.949973	0.361353	0.910847	0.343874	0.660216	0.749888	0.193994	0.694313	0.331567	0.922555	0.630358	0.790187	0.438769	0.847097	0.224091	0.213998	0.312762	0.889387	0.329712	0.349907	
0.219722	0.288235	0.469855	0.847918	0.522454	0.599177	0.097674	0.738776	0.850063	0.661539	0.730569	0.248218	0.450889	0.266940	0.370865	0.770529	0.716642	0.004303	0.041311	0.987920	0.622694	0.716577	0.976462	0.256810	0.041226	0.900679	0.793887	0.815126	0.286501	0.025377	
0.698914	0.247954	0.854670	0.602054	0.104478	0.459747	0.177070	0.447539	0.631677	0.980057	0.622698	0.444698	0.029632	0.661360	0.341892	0.973500	0.482642	0.456362	0.473711	0.233294	0.648390	0.305361	0.869365	0.978992	0.457248	0.173945	0.839785	0.496530	0.878468	0.185550	
0.844626	0.261166	0.380503	0.664581	0.775944	0.432403	0.590916	0.249793	0.490663	0.961322	0.187835	0.027856	0.753911	0.897036	0.682275	0.852738	0.241635	0.854169	0.831432	0.476352	0.416625	0.031709	0.646519	0.467822	0.510288	0.085093	0.564411	0.725743	0.637334	0.950700	
0.705365	0.846511	0.917343	0.569139	0.219430	0.356150	0.954246	0.643597	0.669362	0.737947	0.540562	0.877773	0.935988	0.423295	0.226295	0.892932	0.177434	0.878660	0.440123	0.843551	0.493290	0.295609	0.587560	0.048301	0.050624	0.436572	0.609288	0.696160	0.917861	0.118599	
0.493451	0.075817	0.750974	0.765663	0.402276	0.850651	0.808915	0.343102	0.085466	0.653397	0.177652	0.727277	0.404315	0.332216	0.542893	0.466332	0.462346	0.707230	0.496626	0.404418	0.082106	0.794468	0.401329	0.287497	0.528973	0.622885	0.030864	0.493565	0.773599	0.757354	
0.276596	0.352836	0.765835	0.952262	0.532958	0.161362	0.611749	0.506085	0.093399	0.499872	0.734476	0.328997	0.472918	0.200518	0.648342	0.563008	0.181558	0.663880	0.975909	0.209852	0.972822	0.123930	0.327044	0.597647	0.423597	0.042815	0.220275	0.923413	0.194374	0.939709	
0.081803	0.767654	0.418561	0.210753	0.047676	0.903336	0.791820	0.605068	0.657281	0.539307	0.300234	0.238952	0.953934	0.213702	0.286297	0.991025	0.656128	0.631461	0.190213	0.469158	0.262820	0.258386	0.399760	0.173503	0.066169	0.137920	0.294932	0.886912	0.539238	0.397174	
0.254025	0.193636	0.146877	0.984843	0.667312	0.574979	0.826495	0.984771	0.696818	0.283297	0.871084	0.129389	0.798090	0.414881	0.116915	0.162864	0.200254	0.281094	0.181597	0.684221	0.719937	0.779040	0.092564	0.772687	0.922086	0.552369	0.477201	0.959186	0.698059	0.612619	
0.186122	0.185914	0.131982	0.733507	0.732944	0.162487	0.676927	0.999313	0.705338	0.558874	0.827985	0.420594	0.793000	0.580476	0.753847	0.306033	0.968577	0.326345	0.958955	0.414137	0.477580	0.144779	0.518152	0.923999	0.916093	0.850914	0.594115	0.049263	0.651288	0.878175	
0.822834	0.345104	0.676155	0.891970	0.731302	0.327009	0.882732	0.363390	0.615880	0.624374	0.770261	0.276050	0.746796	0.751492	0.955052	0.803219	0.813875	0.569298	0.819773	0.125140	0.767375	0.759957	0.923936	0.050990	0.410736	0.071790	0.150652	0.545374	0.673153	0.295532	

Printing Matrix B
0.950214	0.667172	0.434669	0.855274	0.477470	0.204624	0.449073	0.733744	0.182176	0.915889	0.538245	0.529384	0.640064	0.785093	0.655655	0.311341	0.483650	0.953396	0.784758	0.406223	0.052256	0.251123	0.475773	0.705188	0.001614	0.223458	0.065949	0.062406	0.094339	0.949086	
0.397275	0.355864	0.238940	0.799244	0.117929	0.285927	0.816315	0.671515	0.521916	0.950037	0.997780	0.063390	0.926337	0.769741	0.973294	0.770670	0.979254	0.251494	0.435794	0.241893	0.256205	0.723908	0.064869	0.364607	0.772126	0.110315	0.488139	0.833635	0.299500	0.435151	
0.322204	0.643363	0.332355	0.519653	0.945595	0.321872	0.289366	0.274319	0.441202	0.941020	0.953570	0.983234	0.225040	0.856184	0.420246	0.797334	0.497157	0.043909	0.335553	0.597661	0.325108	0.482948	0.965312	0.968709	0.396194	0.619843	0.961065	0.791473	0.419947	0.710646	
0.938993	0.582644	0.948677	0.265662	0.190114	0.565378	0.782855	0.129697	0.805593	0.154682	0.008136	0.551550	0.377602	0.155307	0.990680	0.637743	0.373933	0.365823	0.846938	0.606839	0.494808	0.552275	0.220544	0.025831	0.780378	0.227923	0.955038	0.757715	0.122496	0.130189	
0.778975	0.042850	0.988318	0.475517	0.040159	0.872309	0.254574	0.812630	0.106555	0.501254	0.018975	0.675447	0.508650	0.306653	0.346184	0.744323	0.204774	0.278067	0.195846	0.028348	0.835941	0.770972	0.325241	0.565633	0.422064	0.318729	0.796065	0.415051	0.427337	0.935861	
0.158546	0.898680	0.467356	0.556412	0.930330	0.899207	0.485418	0.856786	0.253781	0.242455	0.489307	0.116883	0.555360	0.590086	0.253638	0.756218	0.206130	0.775504	0.831644	0.336688	0.916676	0.528245	0.906074	0.212753	0.807450	0.835700	0.016392	0.582128	0.484517	0.554449	
0.698160	0.150339	0.965566	0.577775	0.257759	0.559185	0.150358	0.576529	0.472461	0.216287	0.244490	0.576668	0.004570	0.832634	0.331009	0.227242	0.697751	0.933459	0.303424	0.460527	0.425698	0.735617	0.107142	0.632488	0.101429	0.859515	0.900762	0.606802	0.594979	0.394419	
0.826519	0.955157	0.999242	0.187587	0.399850	0.863849	0.667826	0.401604	0.911612	0.354572	0.882867	0.358961	0.650269	0.688960	0.405198	0.171236	0.705039	0.755988	0.015009	0.006948	0.591690	0.240407	0.470262	0.034485	0.676103	0.394916	0.603142	0.342598	0.719639	0.498659	
0.114936	0.356554	0.796287	0.524256	0.056118	0.226155	0.402000	0.907324	0.108572	0.254137	0.330865	0.343644	0.402929	0.187419	0.717799	0.247404	0.355972	0.652710	0.716501	0.963555	0.708170	0.420427	0.656271	0.982432	0.269560	0.549518	0.885622	0.534432	0.579404	0.411118	
0.407928	0.129938	0.262481	0.916159	0.959614	0.751601	0.069423	0.777954	0.499778	0.490537	0.996955	0.369762	0.933218	0.171128	0.626045	0.809826	0.240769	0.797874	0.722413	0.482232	0.593747	0.349811	0.405861	0.388864	0.888151	0.674977	0.919457	0.767684	0.948934	0.365298	
0.521057	0.608953	0.114889	0.265076	0.120860	0.519329	0.981141	0.377777	0.996904	0.292642	0.646042	0.770161	0.012358	0.418175	0.476656	0.536271	0.958597	0.759540	0.552050	0.910789	0.771924	0.387516	0.299257	0.140068	0.531933	0.181215	0.400328	0.743475	0.489222	0.373978	
0.945122	0.963591	0.055472	0.977207	0.747747	0.280432	0.318113	0.272736	0.433241	0.913530	0.845513	0.143150	0.046122	0.658526	0.048274	0.501221	0.942753	0.897117	0.187943	0.605748	0.762319	0.455360	0.554129	0.697801	0.140899	0.952544	0.706076	0.232252	0.982319	0.287540	
0.923282	0.023991	0.253574	0.864260	0.795431	0.377207	0.356188	0.638182	0.560663	0.897686	0.947314	0.687974	0.945925	0.405587	0.811005	0.958838	0.481888	0.600322	0.903936	0.176979	0.934591	0.257117	0.386754	0.201096	0.231282	0.648980	0.949013	0.831985	0.257181	0.823182	
0.930698	0.802473	0.764848	0.148049	0.867378	0.368150	0.879215	0.092748	0.520566	0.213386	0.392626	0.930443	0.199321	0.236576	0.999999	0.524688	0.841777	0.343283	0.729957	0.275408	0.816361	0.399304	0.268825	0.961544	0.785895	0.541238	0.037297	0.520160	0.234109	0.693121	
0.816494	0.164804	0.544970	0.264896	0.999420	0.872261	0.183862	0.511356	0.763617	0.242078	0.647831	0.728033	0.254998	0.921747	0.004929	0.723214	0.832676	0.479694	0.396105	0.652573	0.284894	0.211306	0.796399	0.921444	0.195562	0.109528	0.946839	0.528522	0.085754	0.690944	
0.065137	0.912106	0.302175	0.275459	0.136391	0.093806	0.452866	0.890041	0.027774	0.809280	0.975008	0.066729	0.756369	0.123684	0.045520	0.932806	0.228785	0.008469	0.236712	0.229241	0.211961	0.794388	0.628159	0.914092	0.495915	0.879269	0.642180	0.392770	0.541249	0.240670	
0.331082	0.697425	0.018388	0.090828	0.989823	0.628203	0.643116	0.866611	0.107020	0.927208	0.504074	0.073858	0.752475	0.544802	0.983081	0.880492	0.958949	0.874030	0.283812	0.232436	0.284926	0.475419	0.283230	0.199318	0.122733	0.993185	0.933003	0.773061	0.533670	0.979202	
0.103336	0.830913	0.437611	0.039621	0.669801	0.995058	0.132696	0.882769	0.812508	0.806176	0.208613	0.562049	0.866403	0.827094	0.652974	0.916823	0.665989	0.818594	0.452680	0.825023	0.130272	0.077208	0.290559	0.678895	0.042064	0.038309	0.284432	0.392293	0.935469	0.550908	
0.025682	0.344753	0.215468	0.795271	0.021562	0.790629	0.440376	0.414803	0.827814	0.834003	0.578769	0.120555	0.472671	0.014037	0.732235	0.996582	0.032676	0.449587	0.504682	0.916293	0.865153	0.678079	0.574759	0.036465	0.186580	0.272452	0.742780	0.628551	0.905855	0.623590	
0.207532	0.396006	0.961507	0.488353	0.090452	0.992432	0.111568	0.261134	0.763393	0.088901	0.168066	0.715323	0.754361	0.126298	0.986461	0.298306	0.370060	0.434202	0.539906	0.797755	0.327201	0.585963	0.460698	0.125097	0.144696	0.174064	0.575351	0.223609	0.233261	0.989928	
0.099795	0.413716	0.982547	0.801422	0.770473	0.152812	0.389365	0.536443	0.585873	0.074154	0.875537	0.043331	0.137605	0.780601	0.616847	0.590587	0.058764	0.186497	0.852221	0.563765	0.587097	0.720367	0.455353	0.826525	0.918349	0.771795	0.148896	0.244776	0.082067	0.657367	
0.795906	0.415556	0.252257	0.895982	0.589973	0.727172	0.176324	0.153532	0.704348	0.672903	0.880735	0.416584	0.259825	0.316133	0.686736	0.040806	0.221454	0.337313	0.058416	0.578189	0.693041	0.825460	0.752899	0.501042	0.959049	0.079945	0.618643	0.869417	0.157889	0.220360	
0.159049	0.327268	0.717528	0.854214	0.897875	0.424333	0.737764	0.460281	0.228786	0.947911	0.135267	0.027620	0.524386	0.632379	0.082586	0.526901	0.113904	0.622138	0.518750	0.607376	0.908755	0.007541	0.281503	0.137182	0.429144	0.698123	0.112949	0.318322	0.622779	0.319610	
0.803439	0.947000	0.700680	0.748774	0.045491	0.636056	0.387859	0.600765	0.111418	0.179650	0.823040	0.104974	0.603516	0.573323	0.373996	0.931660	0.739443	0.094777	0.447799	0.659553	0.199701	0.447536	0.939206	0.256922	0.786248	0.591187	0.314345	0.545276	0.119456	0.144156	
0.011531	0.670886	0.954477	0.191097	0.609214	0.895566	0.146260	0.396475	0.391403	0.136090	0.089969	0.786940	0.423437	0.322176	0.450815	0.036344	0.542149	0.213320	0.472892	0.898902	0.255069	0.891021	0.137570	0.486794	0.940894	0.706625	0.350162	0.435178	0.825781	0.316492	
0.223686	0.738942	0.060065	0.262460	0.356680	0.615064	0.955829	0.013077	0.793582	0.622372	0.122756	0.765340	0.822562	0.246516	0.957872	0.924938	0.915843	0.947392	0.616142	0.508866	0.371214	0.584570	0.630015	0.420443	0.097519	0.158074	0.371812	0.693193	0.123931	0.842716	
0.502717	0.263361	0.431534	0.394469	0.420606	0.020497	0.027266	0.118864	0.202715	0.080879	0.582122	0.520509	0.162366	0.148308	0.153411	0.368100	0.758679	0.074689	0.842214	0.237889	0.372494	0.054640	0.863453	0.057041	0.712810	0.366403	0.376873	0.248866	0.100614	0.825536	
0.388198	0.910154	0.825097	0.337090	0.454001	0.930131	0.833365	0.226255	0.158274	0.762987	0.421217	0.166016	0.016301	0.337328	0.812055	0.370940	0.356500	0.347131	0.265936	0.848909	0.259200	0.546432	0.763811	0.789382	0.055984	0.793170	0.681758	0.275291	0.374067	0.814974	
0.775482	0.386376	0.467008	0.313579	0.417728	0.452881	0.941527	0.769492	0.772000	0.627424	0.111242	0.305186	0.379780	0.491059	0.193095	0.939969	0.491947	0.100559	0.059852	0.691899	0.576625	0.154507	0.144092	0.223490	0.482873	0.744077	0.271508	0.387115	0.629739	0.405135	
0.184208	0.791411	0.671450	0.635110	0.306107	0.208882	0.471788	0.400884	0.287389	0.531973	0.475288	0.364377	0.325313	0.398084	0.629667	0.777887	0.148323	0.490030	0.461268	0.551075	0.452149	0.650107	0.123347	0.539817	0.675364	0.180997	0.347840	0.897448	0.296866	0.628205	

Printing Matrix C
8.199082	9.964578	9.791508	8.382863	7.080832	10.242640	8.425338	8.335843	8.944126	9.162299	8.659643	7.177154	8.240361	7.980208	9.997666	10.759254	9.351747	8.310369	7.630275	9.488391	8.375195	8.666648	7.618548	7.071698	7.958358	8.002004	9.636108	9.506276	7.908037	9.356547	
4.788377	6.395031	5.354424	5.379786	5.092912	4.818792	4.811099	5.135920	4.763998	5.561182	6.482523	4.599802	4.639215	4.918511	5.469474	6.144297	5.355652	4.595007	5.112086	5.493602	4.704406	5.208454	5.423208	5.131252	5.743812	5.266111	5.469420	5.631272	4.396844	5.747087	
7.030010	8.149165	8.080154	7.594376	7.453652	9.147968	7.125430	7.054197	7.066404	7.658346	7.160139	6.571456	7.377092	5.989305	9.247831	9.677190	7.054823	7.392472	7.725493	8.060141	7.997004	7.549027	7.467438	6.581844	7.369207	6.841929	8.228393	8.624831	5.999121	8.654405	
7.740530	8.602695	7.683008	7.971231	7.409601	7.584369	6.892626	8.104928	5.940481	8.419971	8.394438	6.011397	7.125925	7.030837	8.175284	9.756534	8.029704	7.649130	7.794385	7.681807	7.316856	6.990362	7.834182	7.353590	6.096629	7.982142	8.882706	8.060968	5.947316	9.081054	
8.132558	7.885136	8.370574	8.126325	6.925699	9.026099	6.544398	7.623168	7.662181	7.938643	8.705899	6.946350	7.017468	6.805181	8.678550	9.023851	8.090293	7.465574	7.035111	8.317103	7.890747	7.515095	6.992587	7.355882	7.275149	6.886376	9.261571	8.476459	6.867999	8.373207	
7.754850	8.626445	8.765832	8.011988	7.661816	8.986696	7.696462	8.564244	7.668786	8.431455	8.575578	6.507481	6.989166	8.046754	8.396457	9.657148	8.420396	8.373354	7.508058	8.602770	8.022147	7.384214	7.770331	8.313110	6.565687	7.864345	8.754525	7.877157	7.177245	9.248692	
6.190934	7.291950	7.723173	7.131446	6.932820	8.055518	6.684187	7.023876	6.859217	7.242892	6.451452	6.366802	6.860175	6.268753	7.467998	9.397853	6.118903	6.460343	7.354387	7.599463	7.013245	6.630973	6.733739	6.165867	6.695832	6.590849	7.228047	7.289343	5.948170	8.092741	
8.143341	8.000853	9.074633	8.060927	6.777526	8.400233	6.954143	6.769649	7.225864	7.275266	7.692618	6.854602	6.769744	6.632516	9.482480	8.045194	7.541678	7.273334	7.877079	7.860360	7.739180	7.426249	7.553258	6.882196	6.944110	7.044008	8.245840	7.772594	5.540921	8.763162	
7.416001	9.017519	8.797148	8.264888	8.521786	8.652500	7.419405	8.933413	7.069213	8.753182	9.540443	7.179995	7.523418	7.597925	9.242323	10.172831	8.678650	8.119689	8.137732	8.375841	8.595328	8.214781	7.576032	8.602872	8.008221	9.205243	9.661641	9.126441	7.940227	9.512138	
8.216152	9.286143	10.583008	9.110707	9.065493	10.112336	8.549295	9.510099	9.407577	8.989348	8.822909	9.299091	9.044946	8.179619	10.381819	11.953211	9.136793	8.888150	10.150354	9.946474	10.059622	8.881610	8.167648	8.725805	9.413091	8.557761	9.741501	10.335657	8.182293	10.721381	
9.228154	9.843810	9.085666	8.750781	9.560571	9.630059	8.400433	9.033426	7.618530	9.334078	9.939807	7.035045	7.397507	8.804261	8.343896	10.567123	9.314765	9.091084	7.754707	8.518442	9.050208	7.991868	8.744421	8.684252	7.805333	9.812573	10.027384	8.966682	7.764055	9.533595	
9.510767	10.996573	10.987869	10.028009	9.543540	11.144861	9.412397	9.797878	10.235562	9.567169	10.555214	9.314803	9.177726	9.307777	12.054032	11.976502	10.667846	9.639550	10.316744	10.847902	10.068947	10.062945	9.473393	8.777990	10.471078	8.957859	10.363224	11.154649	8.151767	11.877700	
9.383735	10.694438	10.470043	8.956572	9.365195	10.757027	8.867695	9.825288	9.743036	9.571568	10.323506	8.246819	8.582417	9.175883	10.260164	11.760277	10.374495	8.751222	8.701221	10.528489	9.697007	9.094786	8.766318	9.256092	9.270868	9.570765	10.968100	10.302718	9.017469	9.704078	
7.475951	8.392348	8.512830	7.899249	7.655252	8.755952	7.286638	7.279465	7.485971	7.955990	8.047334	6.389765	6.414270	7.436616	8.595760	8.812088	8.311362	7.806543	6.799790	8.109251	8.244853	7.822977	6.405926	6.910154	7.483938	7.723831	8.516303	8.472357	7.170436	8.354424	
7.338488	8.872535	8.405644	7.931236	8.061473	8.944449	6.471042	7.926974	7.149371	8.235080	8.545775	6.679208	7.011574	7.411763	8.365653	9.475312	8.351506	7.902163	7.621590	8.743197	7.642897	7.388982	7.931414	7.384608	6.888087	8.345242	9.240928	8.276797	7.264548	8.830803	
7.959514	9.581125	8.876244	8.837896	9.275097	9.839469	7.498505	8.517687	7.838462	9.414263	9.382229	7.423367	8.048429	8.006510	8.513504	11.247860	8.534760	8.173157	8.270204	9.015939	8.879553	8.016081	8.799711	8.628156	7.843075	8.931451	9.558218	9.079376	8.002681	9.414068	
6.983493	8.057109	7.525336	8.042862	7.189703	8.142488	6.474785	7.099173	7.620320	8.071461	7.912220	6.156255	6.912096	6.203709	7.626189	8.871237	6.914988	7.144837	7.002271	8.382680	7.883828	6.741740	7.093417	6.216750	7.132682	7.015719	7.974552	7.506070	7.247493	7.704241	
7.933620	8.725131	7.935990	7.316499	5.914561	8.609773	7.122783	7.568747	7.107191	7.811491	7.792509	6.144893	6.923205	7.111544	8.426503	8.716802	8.757814	7.868934	6.424185	7.819903	6.914769	7.582397	6.899788	6.886956	6.359831	6.852305	8.519038	7.866427	6.282957	7.924552	
7.711463	8.953419	7.530697	7.831462	7.966181	7.946956	7.573845	7.566404	7.383118	8.671771	8.955578	7.055623	7.108105	7.305894	8.524122	9.265606	8.667156	8.259263	7.529491	7.584884	8.410546	7.389960	7.820276	7.528157	7.100889	7.584050	8.587138	8.419354	6.637349	9.375673	
8.809711	9.093460	9.861734	8.801974	7.294349	9.612125	7.827606	8.589696	8.484795	8.398193	9.230463	7.280852	7.715648	8.000198	9.523506	9.795650	8.661887	8.457775	8.252080	9.263563	8.455458	8.167849	8.074482	7.904608	7.635526	7.876653	9.674569	8.882004	6.880547	9.134017	
7.034446	8.190704	8.361984	7.578408	7.436978	8.409831	7.689738	7.187443	7.202743	7.630656	8.021644	6.337022	7.314575	6.232578	8.682001	8.857981	7.520240	7.592080	7.726177	7.859167	8.171699	7.048824	7.990396	6.518373	7.305922	7.639273	8.775308	7.948756	6.036197	8.787886	
7.328360	9.135816	8.317465	8.049151	8.060040	7.899538	7.497783	8.173755	6.952066	8.153866	8.889835	6.163915	7.126578	7.145006	7.752896	9.845444	7.819761	7.002874	7.849106	8.669478	7.719170	6.800122	8.069250	7.501334	8.102520	8.529026	8.049559	7.851296	7.229309	8.058996	
7.755027	8.513730	9.643505	8.323504	8.054517	9.059840	7.250981	8.917490	7.360170	8.617807	8.220017	7.248111	8.030418	7.183639	8.987224	10.673307	7.383598	7.811789	8.597739	8.698346	8.264760	7.487621	7.376663	8.145777	7.532542	8.035395	8.930463	8.491442	7.445041	9.544089	
8.413487	9.008438	8.821758	9.061470	8.295498	8.783238	7.958920	8.826903	8.609120	9.846661	9.547524	7.380331	8.196724	8.210140	9.273473	10.488511	8.924462	8.757744	8.273423	8.998609	8.628320	7.580109	7.896198	8.251745	7.034079	8.742066	9.852723	8.672094	8.131389	9.550513	
7.319057	8.411908	7.638310	7.509608	7.887006	8.817247	6.603999	7.303168	7.362560	8.203602	7.311779	6.572661	6.759516	7.029766	7.790186	9.221470	7.182356	7.841893	6.619477	8.008041	7.475108	7.201157	6.931951	6.980857	6.583792	7.409894	8.374906	8.184103	7.025007	7.933125	
6.660380	8.013866	8.497964	7.436532	6.666943	8.138315	6.676274	7.077986	7.338900	7.476394	8.057934	6.067148	6.009812	6.939300	7.895989	9.364489	6.665111	6.606025	7.059703	8.233990	7.175827	7.278261	6.716183	6.978591	6.883118	6.924028	8.526120	7.895113	6.493437	7.859119	
5.839616	7.392440	6.931328	6.674004	6.792365	7.334372	6.360364	7.715726	5.977589	7.636673	7.794838	4.929612	6.850723	6.394276	7.314839	8.533344	6.737232	6.874828	6.326602	6.646158	6.778464	6.234888	6.331281	6.333834	5.819453	7.512500	7.878733	7.356211	6.379654	7.441318	
8.263265	8.847575	10.202597	7.699934	6.744432	9.500601	7.785969	7.478475	8.172709	6.795555	7.728130	7.362859	6.817173	6.870638	9.392471	8.667981	8.000782	7.713334	7.815762	8.755513	8.424288	8.145214	7.322131	6.768768	8.298461	7.762258	8.780395	8.587012	6.538969	8.663810	
8.561287	9.193067	9.699467	8.280351	7.920398	9.870673	8.339849	8.653931	8.823997	8.241535	8.606102	7.777060	8.266979	7.550018	9.617739	10.950820	9.444852	8.998908	8.491741	9.213819	9.266028	8.185939	7.609936	7.042552	8.254872	8.431084	10.014163	9.652225	7.953299	9.696523	
MPI_Wtime measured for total run by process 1 = 0.011415
MPI_Wtime measured for total run by process 2 = 0.011333
MPI_Wtime measured for total run by process 4 = 0.011462
MPI_Wtime measured for total run by process 6 = 0.011215
MPI_Wtime measured for total run by process 8 = 0.011505
8.850665	8.693678	9.517087	8.947787	9.237935	9.514641	8.334689	9.332721	8.548969	9.743815	9.222575	7.632463	7.713572	8.417052	9.452749	10.757408	8.395728	8.835101	8.485876	9.322634	9.394063	8.262677	7.796119	8.801913	7.878330	8.864769	10.297521	9.489975	7.895864	9.698284	
The results Matches
MPI_Wtime measured for total run by process 3 = 0.011137
MPI_Wtime measured for total run by process 5 = 0.011270
MPI_Wtime measured for total run by process 7 = 0.011367
