Printing Matrix A
0.000000	1.000000	2.000000	3.000000	4.000000	5.000000	
0.000000	1.000000	2.000000	3.000000	4.000000	5.000000	
0.000000	1.000000	2.000000	3.000000	4.000000	5.000000	
0.000000	1.000000	2.000000	3.000000	4.000000	5.000000	
0.000000	1.000000	2.000000	3.000000	4.000000	5.000000	
0.000000	1.000000	2.000000	3.000000	4.000000	5.000000	
Printing Matrix B
0.000000	1.000000	0.000000	1.000000	0.000000	1.000000	
0.000000	1.000000	0.000000	1.000000	0.000000	1.000000	
0.000000	1.000000	0.000000	1.000000	0.000000	1.000000	
0.000000	1.000000	0.000000	1.000000	0.000000	1.000000	
0.000000	1.000000	0.000000	1.000000	0.000000	1.000000	
0.000000	1.000000	0.000000	1.000000	0.000000	1.000000	
Printing Matrix C
0.000000	15.000000	0.000000	15.000000	0.000000	15.000000	
0.000000	15.000000	0.000000	15.000000	0.000000	15.000000	
0.000000	15.000000	0.000000	15.000000	0.000000	15.000000	
0.000000	15.000000	0.000000	15.000000	0.000000	15.000000	
0.000000	15.000000	0.000000	15.000000	0.000000	15.000000	
0.000000	15.000000	0.000000	15.000000	0.000000	15.000000	
The resutls Matches