MPI_Wtime measured for total run by process 0 = 0.018603
Total time by each process = 0.289082  And Average = 0.018068 
Printing Matrix A
0.162515	0.581383	0.727311	0.946405	0.684642	0.406424	0.315567	0.226819	0.294324	0.808958	0.301769	0.398208	0.937629	0.915439	0.324969	0.039253	0.973479	0.598744	0.812201	0.073018	0.465561	0.457684	0.311064	0.834184	
0.364553	0.776748	0.362932	0.511733	0.970296	0.423595	0.927045	0.782750	0.083485	0.601314	0.926643	0.392529	0.153774	0.173332	0.534715	0.070226	0.650657	0.565589	0.021929	0.314150	0.504493	0.287490	0.200594	0.332062	
0.451734	0.179765	0.607709	0.770581	0.422507	0.226321	0.951428	0.856490	0.143521	0.615675	0.499400	0.157676	0.667570	0.435431	0.515407	0.152244	0.700870	0.345518	0.904303	0.070062	0.060012	0.284032	0.592931	0.613527	
0.562600	0.901903	0.159026	0.065894	0.504745	0.694761	0.268818	0.987293	0.179013	0.278266	0.448910	0.410126	0.644711	0.520363	0.834679	0.974094	0.363092	0.459280	0.935575	0.348714	0.026499	0.460472	0.890479	0.265005	
0.780576	0.152808	0.891599	0.738409	0.257092	0.773951	0.392662	0.489050	0.624041	0.277872	0.473503	0.999937	0.670061	0.795319	0.908174	0.630032	0.603595	0.918235	0.345774	0.031504	0.915416	0.694637	0.553500	0.063832	
0.132017	0.737157	0.968289	0.105523	0.197504	0.198890	0.961166	0.794427	0.611761	0.059956	0.369307	0.560401	0.896914	0.592801	0.438726	0.627955	0.998336	0.176263	0.102207	0.604975	0.182628	0.405388	0.632786	0.708555	
0.912478	0.202082	0.859970	0.566508	0.017522	0.207298	0.815941	0.026990	0.200365	0.780902	0.485039	0.602282	0.189740	0.811461	0.207485	0.067073	0.288526	0.401749	0.031638	0.905380	0.127566	0.505407	0.947931	0.757784	
0.735650	0.450867	0.924562	0.888357	0.060818	0.936829	0.219833	0.388267	0.273056	0.656855	0.758273	0.353854	0.674914	0.829345	0.391657	0.771140	0.125815	0.347997	0.275155	0.164680	0.936171	0.604277	0.105410	0.664363	
0.782561	0.683160	0.883455	0.426672	0.896274	0.181213	0.843146	0.415238	0.174359	0.019339	0.999589	0.785488	0.285527	0.091764	0.382310	0.769403	0.077346	0.705704	0.489577	0.519169	0.388393	0.673782	0.652735	0.200501	
0.852256	0.276609	0.403858	0.787605	0.451862	0.080323	0.635496	0.999043	0.302289	0.673643	0.837123	0.177716	0.893195	0.457055	0.940519	0.373024	0.877395	0.644620	0.711730	0.970639	0.311593	0.997765	0.900687	0.659932	
0.701556	0.994841	0.526388	0.764195	0.024056	0.965512	0.878805	0.757350	0.988169	0.037453	0.834194	0.863491	0.059053	0.092876	0.858064	0.162715	0.086383	0.098299	0.330114	0.032353	0.083743	0.318744	0.336401	0.718748	
0.478063	0.024469	0.764292	0.458044	0.749216	0.783085	0.303729	0.166900	0.103356	0.002883	0.127693	0.787639	0.033101	0.173983	0.182477	0.694073	0.648931	0.972797	0.606502	0.236569	0.981762	0.962998	0.965453	0.675603	
0.395098	0.502278	0.713722	0.734226	0.396299	0.116325	0.800940	0.239316	0.528939	0.863095	0.642955	0.491159	0.119317	0.910209	0.584055	0.153579	0.264298	0.501944	0.945773	0.724843	0.144380	0.920848	0.651566	0.395192	
0.372278	0.315946	0.357952	0.639951	0.261261	0.562039	0.135972	0.824470	0.371474	0.378290	0.562585	0.659319	0.944300	0.652285	0.740331	0.776371	0.305765	0.127843	0.899422	0.140985	0.317954	0.006000	0.418642	0.854197	
0.156885	0.107362	0.335619	0.426434	0.346848	0.875786	0.126197	0.199789	0.744474	0.095678	0.095426	0.804579	0.939687	0.867307	0.641050	0.148444	0.953991	0.517404	0.022488	0.569529	0.022558	0.456515	0.097472	0.580716	
0.983937	0.485842	0.913057	0.492744	0.101001	0.211073	0.081555	0.539985	0.615324	0.325155	0.001227	0.007148	0.340000	0.172540	0.119968	0.279419	0.429650	0.183268	0.055683	0.195452	0.036063	0.898735	0.766043	0.153163	
0.496109	0.019179	0.373003	0.521122	0.489990	0.150475	0.446917	0.713862	0.195155	0.219275	0.573142	0.407522	0.821252	0.726823	0.744976	0.968662	0.358305	0.738422	0.014167	0.444311	0.953205	0.114114	0.024679	0.276689	
0.725107	0.470672	0.910690	0.907454	0.184450	0.319237	0.514264	0.170512	0.275740	0.603876	0.168477	0.794064	0.642972	0.521804	0.736154	0.887486	0.294456	0.759510	0.236352	0.937089	0.301242	0.350228	0.544224	0.688074	
0.429674	0.109871	0.340137	0.719834	0.812112	0.650761	0.040130	0.009528	0.896405	0.539732	0.436003	0.553558	0.733146	0.552750	0.424527	0.097335	0.532775	0.452353	0.111139	0.856021	0.413824	0.471518	0.045029	0.788540	
0.250084	0.074190	0.805093	0.423331	0.531534	0.815610	0.216906	0.810262	0.120149	0.622593	0.434803	0.154540	0.985396	0.302581	0.107104	0.971860	0.419393	0.043273	0.673798	0.762725	0.442685	0.161394	0.491278	0.409272	
0.234272	0.842717	0.510478	0.517701	0.623315	0.526300	0.911403	0.087606	0.544210	0.555283	0.597484	0.423341	0.896342	0.699760	0.556390	0.999048	0.140896	0.459736	0.839022	0.147249	0.797720	0.192757	0.171709	0.039920	
0.411243	0.933927	0.913210	0.048896	0.942002	0.197172	0.857688	0.289054	0.037985	0.649958	0.726228	0.339345	0.470756	0.233071	0.812465	0.358384	0.868194	0.232435	0.649579	0.590955	0.029988	0.089973	0.984347	0.886260	
0.127819	0.899340	0.333425	0.377995	0.770786	0.446646	0.884058	0.806960	0.097341	0.533655	0.320727	0.338502	0.912738	0.238391	0.807503	0.919418	0.660869	0.789368	0.057442	0.798474	0.778430	0.411480	0.050150	0.414739	
0.257835	0.894412	0.073005	0.929277	0.661389	0.882828	0.292318	0.404213	0.621003	0.947480	0.360945	0.506672	0.991073	0.801862	0.136592	0.188714	0.164995	0.972989	0.316038	0.223743	0.069933	0.446319	0.908816	0.315437	

Printing Matrix B
0.473606	0.111260	0.191564	0.372228	0.920411	0.960841	0.831622	0.053056	0.680050	0.171359	0.719790	0.845411	0.795340	0.123035	0.499873	0.487484	0.620637	0.700790	0.545149	0.496843	0.479442	0.781128	0.684503	0.605388	
0.643142	0.666322	0.174955	0.300561	0.427171	0.295265	0.462849	0.900524	0.381494	0.895686	0.674332	0.392204	0.850212	0.464838	0.007516	0.899268	0.846974	0.013589	0.077322	0.992225	0.737745	0.431538	0.070240	0.284079	
0.933376	0.378377	0.572294	0.761483	0.943913	0.957222	0.296548	0.602086	0.422079	0.165451	0.929825	0.003893	0.445166	0.868164	0.767493	0.967141	0.332009	0.308578	0.116099	0.326810	0.296383	0.011441	0.140521	0.736452	
0.229202	0.062000	0.059579	0.826596	0.501325	0.020152	0.847004	0.969688	0.332811	0.083316	0.348328	0.508923	0.694158	0.237641	0.133890	0.397279	0.875997	0.522118	0.525174	0.440320	0.043475	0.295317	0.447765	0.069492	
0.543271	0.229486	0.562934	0.536310	0.258772	0.091771	0.748045	0.755754	0.948330	0.559617	0.626586	0.500002	0.460409	0.560540	0.060324	0.688750	0.782840	0.495194	0.656644	0.602866	0.805455	0.308078	0.183687	0.177541	
0.341703	0.605521	0.737095	0.638350	0.900842	0.105678	0.828921	0.564761	0.712663	0.957535	0.091459	0.284723	0.255038	0.450414	0.656633	0.570743	0.365112	0.966625	0.281786	0.299710	0.803864	0.143794	0.199815	0.244547	
0.768511	0.281785	0.762483	0.756884	0.159309	0.456247	0.835253	0.814277	0.203253	0.302571	0.385876	0.667667	0.007670	0.822526	0.520016	0.119964	0.269155	0.148496	0.968257	0.049159	0.112678	0.943507	0.532397	0.148295	
0.538686	0.220690	0.053149	0.114303	0.699817	0.268304	0.003901	0.508359	0.790016	0.304694	0.562236	0.885838	0.859260	0.622844	0.587129	0.127307	0.222007	0.050377	0.236354	0.335974	0.101508	0.156004	0.992545	0.378466	
0.321219	0.540833	0.037014	0.558368	0.256017	0.287931	0.952353	0.968962	0.763235	0.449515	0.184019	0.935760	0.389765	0.390937	0.756127	0.164871	0.452563	0.960801	0.132376	0.385851	0.700382	0.231539	0.089020	0.827094	
0.219839	0.851845	0.062097	0.689385	0.879369	0.834173	0.849726	0.712842	0.704747	0.791866	0.192813	0.225516	0.851498	0.545930	0.657555	0.792775	0.649633	0.281253	0.432224	0.163592	0.050961	0.947089	0.996808	0.202975	
0.333575	0.538679	0.172557	0.419582	0.221249	0.964575	0.338536	0.756200	0.401969	0.699899	0.008092	0.145787	0.861256	0.959740	0.752808	0.559620	0.157556	0.612771	0.862493	0.354169	0.997865	0.962548	0.076094	0.324570	
0.756201	0.312257	0.887960	0.823345	0.550921	0.607280	0.945800	0.390112	0.265199	0.433469	0.035236	0.211436	0.106383	0.369502	0.892731	0.660540	0.718542	0.413224	0.430842	0.355718	0.019653	0.285491	0.129899	0.068809	
0.678486	0.522791	0.289916	0.746823	0.908210	0.578776	0.810398	0.449872	0.212114	0.135441	0.099664	0.624718	0.454157	0.084770	0.585812	0.979153	0.655856	0.978020	0.236170	0.342072	0.841168	0.945320	0.160164	0.180505	
0.258288	0.015233	0.807105	0.477269	0.550160	0.845317	0.715618	0.400270	0.326414	0.317247	0.103133	0.706965	0.580167	0.595866	0.047477	0.112610	0.092317	0.663716	0.767794	0.160683	0.703024	0.453926	0.830470	0.790116	
0.232487	0.719470	0.766681	0.279920	0.078719	0.087180	0.652157	0.431962	0.327632	0.643896	0.236663	0.413381	0.810579	0.358329	0.721504	0.797934	0.255807	0.289610	0.943838	0.369336	0.445315	0.148755	0.656305	0.841946	
0.676394	0.079363	0.290422	0.852745	0.360051	0.742051	0.359518	0.035545	0.057389	0.637812	0.894685	0.023785	0.463663	0.437472	0.753256	0.103905	0.765261	0.342707	0.676012	0.156684	0.406525	0.117618	0.438720	0.381367	
0.478318	0.497336	0.026327	0.713003	0.693661	0.609958	0.429894	0.876567	0.897130	0.250838	0.414727	0.609205	0.306257	0.587295	0.879986	0.241085	0.987841	0.731308	0.259543	0.504157	0.594786	0.400122	0.827977	0.219834	
0.495964	0.298249	0.878194	0.731942	0.634277	0.929427	0.287899	0.872568	0.908934	0.289907	0.048187	0.121682	0.908178	0.667652	0.798492	0.461261	0.358158	0.205146	0.666965	0.420802	0.256326	0.815506	0.520740	0.819964	
0.291950	0.598152	0.903934	0.983109	0.241637	0.548266	0.538247	0.334586	0.769038	0.132756	0.476821	0.737245	0.903786	0.277371	0.240825	0.854201	0.207205	0.872912	0.172187	0.923251	0.506782	0.453954	0.481046	0.941434	
0.328272	0.686086	0.627748	0.538239	0.976081	0.956061	0.912944	0.749681	0.262616	0.231289	0.478614	0.848627	0.626058	0.030426	0.091121	0.357187	0.046050	0.224486	0.466604	0.205332	0.578334	0.659591	0.971656	0.611428	
0.031864	0.669074	0.997257	0.495875	0.820282	0.730419	0.498160	0.330797	0.130880	0.218008	0.318007	0.040169	0.584734	0.387620	0.109032	0.790662	0.841765	0.651374	0.977438	0.462338	0.673549	0.709123	0.280363	0.715919	
0.595203	0.008727	0.357268	0.809552	0.748656	0.498392	0.196220	0.998584	0.748791	0.877007	0.797207	0.523948	0.532102	0.642465	0.272991	0.223708	0.292311	0.781404	0.281332	0.591581	0.788127	0.887676	0.379028	0.022332	
0.536218	0.854047	0.238685	0.804181	0.611066	0.583252	0.805030	0.752252	0.039395	0.746921	0.124611	0.350715	0.428475	0.897085	0.124651	0.935322	0.818757	0.994293	0.167363	0.828228	0.245120	0.662487	0.218440	0.147491	
0.948394	0.578562	0.232913	0.985743	0.167667	0.468892	0.802245	0.953187	0.193582	0.678444	0.745954	0.139375	0.918152	0.041223	0.216601	0.394427	0.083125	0.238000	0.902265	0.977427	0.106571	0.362251	0.850532	0.529819	

Printing Matrix C
6.139926	5.420191	5.508943	8.544798	7.156037	6.826239	7.958574	8.524837	6.403310	5.336722	4.785651	5.484320	7.601452	5.853191	5.502046	7.179184	6.485925	6.851314	5.930736	6.093320	5.875303	6.400775	5.987251	5.278228	
5.331036	4.717162	4.676430	6.270800	5.797750	5.715596	6.432874	7.522400	5.679730	5.265750	4.241876	4.701418	6.490598	5.910551	5.145516	5.754295	5.519164	4.649229	5.973291	4.748398	5.098672	5.841409	5.121927	4.006978	
5.692697	4.742329	4.570433	7.356053	5.952702	5.985979	6.821579	7.281246	5.587384	4.566141	4.487422	5.477282	6.777482	5.659978	5.304530	5.977628	5.229008	5.732005	5.457529	5.133947	4.550833	5.852972	5.829448	4.587786	
6.056208	5.336519	5.352165	7.364287	6.545169	6.429205	7.049605	6.945613	5.870967	6.153441	4.984109	5.743366	7.528239	5.874161	5.626074	6.681224	5.862061	6.327709	5.424251	5.890262	5.988823	5.739591	5.676758	5.223167	
6.567090	5.456038	6.959161	8.827920	8.303525	7.970356	8.468679	8.160296	6.660230	5.963811	4.980371	5.806580	7.738899	6.952912	7.376114	7.483925	7.168543	7.854639	6.988974	5.698695	6.527473	6.717391	5.906005	6.268135	
6.903300	5.191369	4.888757	7.649777	6.722066	6.855402	7.233202	7.923531	5.119458	5.305860	5.201218	5.651876	6.314050	6.083739	6.022936	5.988963	5.742515	5.829474	5.487708	5.228232	5.553295	5.707574	5.617326	4.891044	
5.677370	4.692361	4.753097	7.279668	6.734083	7.265964	7.552938	7.235743	4.500844	4.854393	4.288583	4.844345	6.239172	5.404324	4.787533	5.690816	4.816571	5.425570	5.607643	4.593137	4.278813	6.293841	5.722352	4.486409	
MPI_Wtime measured for total run by process 10 = 0.017976
MPI_Wtime measured for total run by process 11 = 0.018216
MPI_Wtime measured for total run by process 12 = 0.018425
MPI_Wtime measured for total run by process 15 = 0.018297
5.916894	5.000647	5.590507	7.967619	7.673478	7.389282	7.592435	7.346134	5.483119	5.768886	5.127628	4.764910	7.648506	5.806113	5.878003	6.754989	6.011894	6.690332	6.523064	5.226429	6.093376	6.221638	5.595987	5.490073	
6.621222	4.766128	5.875324	7.794050	6.594285	7.322076	7.189613	7.602482	5.646521	5.631123	5.458929	5.039537	7.074762	6.544585	5.759942	6.786950	6.043501	5.864275	6.287689	5.606215	5.837279	6.458414	4.732896	4.969301	
7.270804	6.545125	6.031233	9.501693	8.692704	8.749576	9.110623	9.896547	7.405601	6.583840	6.136160	7.567210	9.578825	7.178553	6.913668	7.849025	6.987239	7.874689	7.513363	6.906732	6.992632	8.511092	8.101154	6.358870	
5.946878	4.994197	4.689958	6.833625	5.540745	5.257737	7.431330	7.627522	5.330424	5.860596	4.462375	5.341212	6.619427	5.573258	5.883617	5.913826	5.202256	5.619985	5.519486	5.418023	5.066813	4.972553	4.547273	4.756698	
6.120259	4.753678	6.295946	8.416158	7.021376	6.808685	6.995047	7.441008	5.789528	5.497799	5.139299	4.254548	6.470757	5.999310	5.415902	6.446519	6.294532	6.703596	5.918951	5.880436	5.315211	5.697204	4.952323	4.947924	
6.011659	5.397671	5.908119	8.357664	6.850029	7.467278	8.084003	8.598988	6.161368	5.807209	5.000390	6.042133	7.728363	6.487165	5.405957	6.696639	5.482937	6.457522	6.209345	5.723252	5.668338	6.929252	6.248060	5.645504	
5.704883	5.067005	5.031433	7.476965	6.091101	6.090446	7.328301	6.557093	5.063675	5.121414	4.392726	5.173781	7.193996	4.945966	5.607426	6.401531	5.470617	6.259539	5.729392	5.368253	5.223229	5.148131	5.521696	5.203537	
5.040000	4.167495	4.686836	6.587173	6.001536	5.258499	6.905960	6.721722	5.110164	4.477776	3.276902	4.947316	5.244981	4.245007	5.329736	4.905971	4.748179	5.906915	4.715852	4.135793	5.175217	4.546732	4.805360	4.296857	
4.460195	3.214464	2.510038	5.222361	5.605353	4.843490	4.878925	5.502545	4.361876	3.823658	4.225148	4.214840	4.947795	4.211498	3.890736	4.417632	4.476988	4.760595	2.901184	4.039365	3.840926	4.122840	3.791894	3.364115	
5.005633	4.041725	5.278487	6.421514	6.141342	6.453740	6.331160	5.917820	4.640270	4.179455	4.097084	4.512806	6.420897	4.959576	5.400780	5.280932	5.293999	5.153718	6.467847	3.897722	5.112798	5.450356	5.345725	5.020533	
6.677550	5.384486	5.940745	8.604643	7.659455	7.766220	8.506653	7.915261	5.352572	5.533805	5.399932	5.346824	7.590882	5.633141	6.170320	6.976477	6.348484	6.075487	6.561310	5.424393	5.205811	6.342557	6.340531	5.655876	
5.089996	4.774661	4.777577	7.135296	6.448823	5.973427	7.752369	7.514127	5.595124	4.916348	3.956045	5.145680	6.367391	4.419892	5.051306	5.697878	5.266555	6.212268	5.563224	4.753212	5.666740	5.522270	5.139811	4.746200	
5.482545	4.917457	4.653962	7.238235	6.965701	6.393401	6.696582	6.290624	5.004920	4.771601	4.746689	4.801940	6.378477	5.019999	5.200369	6.116493	5.352663	5.995163	4.927186	4.545284	5.291813	5.195860	5.325341	4.520905	
5.783244	5.246192	6.201689	7.894334	6.400589	6.790223	7.765272	7.174309	5.397918	5.515016	4.655144	5.145300	6.955141	5.968172	5.685944	6.935260	6.347909	6.438572	6.399117	5.132638	6.305929	6.334092	4.816420	5.460582	
6.854876	6.261066	5.321201	8.030867	6.427443	7.111280	7.899675	8.288375	5.732392	6.132276	5.456588	5.315921	7.439034	6.462494	5.673163	7.565357	6.140607	5.846745	6.145730	6.276043	5.734360	6.352034	5.901185	5.147042	
6.400717	5.511540	5.906711	7.688597	7.218905	6.852510	7.485169	8.073000	5.877331	5.865965	5.336253	5.437153	7.431822	5.932904	6.031527	6.616617	6.517024	5.419053	6.843145	5.228638	6.083617	6.559319	6.255327	5.115540	
5.813674	5.431171	5.063025	7.963530	7.247255	6.368290	8.273779	8.506649	6.214894	6.177140	3.815577	5.619930	7.366715	5.962371	5.330651	6.963271	6.532142	6.864009	5.376642	5.700393	5.842494	6.721468	5.278805	4.545170	
The results Matches
MPI_Wtime measured for total run by process 1 = 0.018516
MPI_Wtime measured for total run by process 2 = 0.018099
MPI_Wtime measured for total run by process 3 = 0.018154
MPI_Wtime measured for total run by process 4 = 0.017349
MPI_Wtime measured for total run by process 5 = 0.017485
MPI_Wtime measured for total run by process 6 = 0.017712
MPI_Wtime measured for total run by process 7 = 0.017909
MPI_Wtime measured for total run by process 8 = 0.017741
MPI_Wtime measured for total run by process 9 = 0.017632
MPI_Wtime measured for total run by process 13 = 0.018641
MPI_Wtime measured for total run by process 14 = 0.018327
