MPI_Wtime measured for total run by process 0 = 0.007657
Total time by each process = 0.030263  And Average = 0.007566 
Printing Matrix A
0.054390	0.201508	0.773692	0.757297	0.217191	0.114708	0.378580	0.490348	0.666620	0.322863	0.062524	0.113118	0.323653	0.417721	0.959496	0.947532	0.446007	0.703844	0.997590	0.947693	0.259777	0.659826	0.291042	0.946923	0.141519	0.614086	0.061878	0.549145	0.666413	0.452041	0.743535	0.639796	0.548612	0.409240	0.804781	0.760984	0.419335	0.702915	0.570984	0.668040	
0.919624	0.916547	0.009329	0.367034	0.432557	0.301652	0.218647	0.365635	0.285088	0.313461	0.131808	0.154426	0.495255	0.261521	0.507179	0.778743	0.211686	0.408306	0.160981	0.896758	0.594415	0.769631	0.139857	0.580321	0.910141	0.514813	0.968228	0.593093	0.526581	0.529722	0.784175	0.460563	0.003755	0.216877	0.644210	0.758275	0.312044	0.051686	0.663172	0.876846	
0.525790	0.615263	0.060899	0.957500	0.062970	0.621240	0.795688	0.843006	0.950673	0.964180	0.173518	0.833507	0.250361	0.937463	0.517201	0.486847	0.205970	0.537009	0.310465	0.854349	0.981732	0.220580	0.557393	0.576863	0.123469	0.102948	0.263497	0.782549	0.821649	0.427391	0.534322	0.381841	0.016347	0.007160	0.413358	0.700247	0.337099	0.172510	0.984413	0.402557	
0.290416	0.404869	0.441961	0.067771	0.907429	0.602459	0.409400	0.182043	0.903149	0.752559	0.050713	0.711597	0.373633	0.282303	0.633479	0.465928	0.190365	0.477808	0.058214	0.895935	0.040741	0.407395	0.482694	0.875887	0.778641	0.702350	0.081253	0.217165	0.298053	0.812932	0.184327	0.855428	0.149657	0.007018	0.878814	0.173514	0.401347	0.369695	0.170346	0.269884	
0.874029	0.778340	0.386180	0.410168	0.494972	0.615766	0.501960	0.053992	0.804429	0.859488	0.963962	0.602798	0.613911	0.249350	0.218075	0.733244	0.491467	0.047386	0.507089	0.561881	0.680654	0.681361	0.648841	0.834232	0.796362	0.136514	0.726722	0.125633	0.711805	0.124891	0.894217	0.021985	0.369719	0.263331	0.526925	0.878869	0.002859	0.390193	0.295583	0.104971	
0.918145	0.852270	0.980798	0.985501	0.352886	0.622483	0.968526	0.632786	0.713839	0.215053	0.721329	0.448343	0.654152	0.375888	0.062961	0.041680	0.722345	0.625974	0.871852	0.395745	0.721867	0.471841	0.662696	0.028638	0.000744	0.617300	0.337613	0.446261	0.904179	0.941499	0.303008	0.948247	0.877128	0.728495	0.185696	0.973719	0.142468	0.597956	0.550188	0.181699	
0.870285	0.273005	0.864641	0.199662	0.541415	0.735961	0.124339	0.869776	0.258429	0.750448	0.722511	0.351687	0.169727	0.670143	0.576236	0.270847	0.650840	0.654419	0.263119	0.284302	0.995242	0.648957	0.704471	0.121048	0.117004	0.407024	0.595663	0.704494	0.708353	0.485304	0.226478	0.731111	0.300004	0.392800	0.239610	0.367657	0.697365	0.354433	0.535348	0.364735	
0.346977	0.491867	0.530469	0.708029	0.570998	0.523412	0.949485	0.674795	0.640053	0.812612	0.744697	0.114516	0.196884	0.843897	0.944430	0.384584	0.980391	0.234047	0.072813	0.749683	0.135410	0.441288	0.527619	0.334384	0.183678	0.047336	0.327266	0.370437	0.630800	0.256382	0.422966	0.866637	0.517417	0.914218	0.042760	0.234042	0.936997	0.263065	0.791412	0.632288	
0.744446	0.903464	0.841475	0.595862	0.488235	0.047506	0.493210	0.314559	0.014827	0.600858	0.892678	0.235758	0.510229	0.294290	0.096272	0.276730	0.606202	0.912430	0.454095	0.919953	0.360537	0.853531	0.881601	0.864375	0.396866	0.954015	0.300133	0.119218	0.688596	0.112003	0.340086	0.625586	0.568927	0.393965	0.046309	0.965351	0.281376	0.260594	0.986972	0.059405	
0.590202	0.673381	0.203194	0.700698	0.206107	0.676657	0.201433	0.492481	0.840259	0.793381	0.200364	0.293414	0.577614	0.644716	0.678976	0.948423	0.717542	0.159514	0.414404	0.812525	0.672912	0.166704	0.791425	0.644704	0.545632	0.518252	0.196816	0.227735	0.365673	0.339015	0.576573	0.313829	0.909243	0.214851	0.333555	0.944158	0.516558	0.880811	0.770048	0.939667	
0.963599	0.061675	0.269585	0.934844	0.161861	0.679908	0.561298	0.032549	0.467080	0.794189	0.274776	0.807101	0.849210	0.099317	0.213426	0.934938	0.496904	0.337439	0.286023	0.401748	0.546143	0.186319	0.075393	0.577983	0.466269	0.343107	0.110519	0.532379	0.838119	0.578986	0.670681	0.228569	0.510537	0.934075	0.838291	0.244445	0.417479	0.491875	0.649632	0.035345	
0.442030	0.856946	0.528659	0.512276	0.021021	0.418323	0.605186	0.859288	0.212898	0.912283	0.129185	0.435623	0.587491	0.039536	0.997355	0.353024	0.453333	0.991933	0.599294	0.348770	0.595472	0.312017	0.413984	0.316381	0.964668	0.678071	0.385390	0.640517	0.041191	0.210004	0.754934	0.477931	0.772997	0.190259	0.974074	0.992605	0.306121	0.770204	0.475928	0.346987	
0.315248	0.534449	0.138752	0.673519	0.855020	0.218489	0.446551	0.818220	0.166285	0.591838	0.547508	0.709905	0.889067	0.573734	0.566693	0.805591	0.945779	0.582578	0.515007	0.264474	0.139621	0.979981	0.179384	0.805720	0.806680	0.486028	0.982002	0.207816	0.676042	0.236063	0.702271	0.124675	0.381695	0.732580	0.963351	0.266729	0.480017	0.689144	0.044910	0.005070	
0.892422	0.205778	0.687032	0.745491	0.195144	0.605809	0.023209	0.545464	0.437737	0.301606	0.275098	0.504060	0.815044	0.414517	0.688068	0.711545	0.910685	0.454913	0.330917	0.960791	0.181959	0.423474	0.297083	0.610071	0.246982	0.135909	0.480011	0.277196	0.833174	0.155010	0.111299	0.101732	0.783878	0.619702	0.757049	0.640854	0.147092	0.144175	0.033267	0.178996	
0.665922	0.802330	0.954874	0.440988	0.771238	0.309290	0.462553	0.904522	0.967666	0.361225	0.104716	0.663723	0.066408	0.695984	0.562143	0.379925	0.189884	0.373998	0.261781	0.932806	0.410984	0.915556	0.653118	0.119968	0.344302	0.345499	0.483272	0.700826	0.817120	0.649356	0.271789	0.607328	0.211535	0.606432	0.796312	0.506334	0.781334	0.080834	0.241969	0.055237	
0.681996	0.035289	0.409958	0.714949	0.132924	0.606341	0.393584	0.866386	0.194995	0.078435	0.012056	0.198603	0.006660	0.227843	0.480240	0.834900	0.683815	0.327504	0.606304	0.320851	0.406756	0.143941	0.140861	0.405460	0.483145	0.327162	0.068665	0.288591	0.805203	0.323954	0.799513	0.447678	0.029043	0.577102	0.817634	0.374575	0.825146	0.024732	0.528842	0.301861	
0.914087	0.507188	0.154789	0.058077	0.312213	0.245434	0.540886	0.595055	0.468295	0.205276	0.070110	0.510320	0.098366	0.861262	0.965243	0.639195	0.792147	0.862082	0.942161	0.906927	0.302190	0.366100	0.845474	0.413005	0.133311	0.599698	0.198132	0.098677	0.645069	0.923705	0.123063	0.489642	0.709282	0.862145	0.271883	0.905817	0.921433	0.417148	0.233072	0.080675	
0.448434	0.569805	0.790390	0.943063	0.628421	0.045771	0.429668	0.666693	0.887137	0.790394	0.297909	0.733093	0.968129	0.986248	0.980395	0.567584	0.747295	0.075395	0.805870	0.973144	0.885226	0.185775	0.554328	0.453845	0.381305	0.600486	0.940451	0.898556	0.483821	0.109781	0.951726	0.893045	0.814754	0.236706	0.986897	0.054915	0.228765	0.187017	0.093158	0.224558	
0.885101	0.153676	0.158622	0.734132	0.937035	0.106659	0.521278	0.587782	0.968144	0.956655	0.034338	0.827164	0.252260	0.046195	0.655043	0.819880	0.095796	0.365696	0.025789	0.896862	0.943740	0.851586	0.003225	0.801049	0.263857	0.926410	0.769275	0.561298	0.767755	0.366953	0.878246	0.962941	0.160391	0.228461	0.428464	0.149004	0.128844	0.837223	0.439958	0.103439	
0.395977	0.002010	0.783423	0.186788	0.170802	0.973975	0.740575	0.023091	0.265552	0.087145	0.376876	0.066221	0.236740	0.637790	0.541716	0.380513	0.771078	0.102945	0.945832	0.105679	0.843474	0.165683	0.016569	0.485015	0.440326	0.976138	0.808310	0.322922	0.945803	0.721747	0.701942	0.425213	0.484784	0.027521	0.817891	0.547251	0.212854	0.245414	0.901708	0.511545	
0.302589	0.159236	0.530042	0.155948	0.442871	0.963365	0.979955	0.617833	0.916736	0.895356	0.778554	0.395992	0.155540	0.220831	0.371835	0.399282	0.220060	0.785322	0.040676	0.225948	0.818964	0.628360	0.577891	0.263658	0.891547	0.229253	0.601620	0.661509	0.266650	0.814408	0.614717	0.312909	0.772208	0.584879	0.039500	0.296431	0.000139	0.657384	0.170984	0.072656	
0.080056	0.732632	0.927153	0.438837	0.276482	0.832289	0.466935	0.725975	0.243428	0.052027	0.121680	0.141392	0.273249	0.699849	0.719818	0.506765	0.074414	0.481551	0.633538	0.195371	0.173633	0.801218	0.172857	0.879711	0.838046	0.699213	0.280195	0.081546	0.639381	0.997678	0.553901	0.159073	0.743839	0.629883	0.561011	0.287397	0.852914	0.375213	0.615808	0.442057	
0.186661	0.413581	0.981875	0.020301	0.276523	0.980456	0.522421	0.458738	0.780152	0.643638	0.913875	0.075808	0.019651	0.792560	0.705944	0.089313	0.375886	0.359461	0.998022	0.979018	0.397741	0.104968	0.099002	0.186423	0.652327	0.220318	0.761097	0.332990	0.747146	0.416206	0.360166	0.345695	0.008414	0.093814	0.084919	0.280980	0.032305	0.402822	0.949654	0.010461	
0.419305	0.168183	0.526905	0.961149	0.626723	0.727141	0.882874	0.722942	0.777992	0.897724	0.889587	0.345570	0.564651	0.053199	0.337636	0.116286	0.294439	0.937344	0.785642	0.095394	0.275848	0.399254	0.895371	0.050010	0.938951	0.536274	0.126438	0.750430	0.630236	0.205395	0.867289	0.724814	0.606150	0.983071	0.560651	0.804157	0.901000	0.995221	0.325607	0.469733	
0.992966	0.093097	0.887852	0.810493	0.647156	0.485961	0.337569	0.676173	0.872933	0.335510	0.737708	0.270083	0.343078	0.435078	0.310537	0.933243	0.910819	0.422906	0.869867	0.316759	0.249287	0.031468	0.013495	0.530574	0.366885	0.320013	0.005752	0.743301	0.855401	0.017514	0.083191	0.469440	0.977096	0.792680	0.125745	0.363985	0.912159	0.961888	0.103094	0.812082	
0.358547	0.574572	0.722191	0.713128	0.496252	0.743529	0.681399	0.573453	0.105315	0.505457	0.475572	0.606093	0.264895	0.313385	0.060443	0.837969	0.257561	0.783289	0.730414	0.557343	0.227059	0.806110	0.513841	0.566952	0.745695	0.850216	0.941851	0.608998	0.024289	0.574737	0.047849	0.503723	0.825247	0.285162	0.783429	0.782328	0.143377	0.918946	0.968000	0.276374	
0.558308	0.934962	0.582898	0.706906	0.466342	0.691919	0.694347	0.819601	0.482654	0.075255	0.947269	0.276570	0.446021	0.747864	0.681415	0.127716	0.150827	0.739881	0.606639	0.340912	0.728428	0.587172	0.228473	0.942370	0.511537	0.977209	0.875208	0.549451	0.449295	0.735249	0.321553	0.370432	0.925643	0.206105	0.557100	0.605263	0.579848	0.708304	0.599209	0.519447	
0.668299	0.569551	0.750435	0.864735	0.416318	0.330441	0.462949	0.210252	0.811186	0.920874	0.963374	0.653814	0.718572	0.351542	0.012791	0.428527	0.367645	0.224597	0.117081	0.317811	0.689316	0.271271	0.349125	0.540857	0.897880	0.528596	0.987869	0.404476	0.544527	0.024222	0.627007	0.238409	0.450827	0.112733	0.552337	0.101308	0.078796	0.393918	0.854102	0.588231	
0.396507	0.613236	0.299236	0.090817	0.773729	0.401082	0.567788	0.395389	0.102496	0.586524	0.938665	0.896487	0.060410	0.445381	0.225180	0.666494	0.150439	0.006064	0.297441	0.293439	0.211920	0.471906	0.334012	0.798324	0.375416	0.091341	0.072679	0.331543	0.278233	0.047601	0.810536	0.125101	0.993824	0.410650	0.228045	0.362434	0.398610	0.219673	0.701635	0.169130	
0.402844	0.391133	0.248299	0.608611	0.499599	0.029946	0.370306	0.271110	0.286211	0.655394	0.385850	0.954222	0.852168	0.517082	0.191891	0.630854	0.946683	0.070258	0.744662	0.721514	0.335081	0.554396	0.906506	0.069517	0.507266	0.706974	0.742739	0.677576	0.835091	0.148710	0.880870	0.621718	0.801550	0.022534	0.370845	0.790473	0.495507	0.411313	0.170374	0.594731	
0.205740	0.570757	0.962902	0.543385	0.442991	0.824975	0.471659	0.151413	0.138668	0.819421	0.917995	0.215439	0.954762	0.815515	0.107582	0.802777	0.711952	0.261801	0.621867	0.472846	0.497281	0.388718	0.744514	0.242148	0.714077	0.392696	0.671462	0.045574	0.234887	0.751360	0.271335	0.655791	0.927671	0.658141	0.722777	0.614395	0.428808	0.188998	0.543243	0.056504	
0.492715	0.889392	0.057335	0.790401	0.796054	0.634691	0.095898	0.050677	0.208073	0.573106	0.839805	0.150908	0.190613	0.441934	0.771052	0.991176	0.947638	0.427943	0.815533	0.297194	0.760105	0.678977	0.222366	0.879571	0.438472	0.361289	0.640179	0.546889	0.852103	0.564648	0.487262	0.886921	0.436391	0.439872	0.533209	0.863511	0.668950	0.149316	0.272142	0.321755	
0.481566	0.988891	0.195241	0.952536	0.524603	0.670498	0.073007	0.446764	0.872284	0.761322	0.623701	0.698806	0.167321	0.183968	0.877011	0.150077	0.188767	0.480320	0.674747	0.431350	0.950039	0.211215	0.659268	0.532445	0.544615	0.937044	0.918600	0.460968	0.483973	0.525384	0.150659	0.719560	0.814428	0.723432	0.632736	0.688525	0.256631	0.605822	0.557719	0.447450	
0.432034	0.270651	0.020345	0.436554	0.376554	0.865302	0.637398	0.866638	0.784742	0.941001	0.744854	0.000253	0.529266	0.917384	0.744342	0.189320	0.749329	0.527009	0.191589	0.273992	0.925502	0.095356	0.724157	0.014726	0.552066	0.926377	0.585253	0.298404	0.532705	0.201504	0.580622	0.453423	0.850794	0.099625	0.943997	0.610525	0.512912	0.432399	0.667876	0.745967	
0.402852	0.516861	0.598974	0.102623	0.031053	0.408727	0.694951	0.941626	0.842583	0.588127	0.414868	0.656078	0.904534	0.164848	0.535602	0.792352	0.583159	0.926559	0.124479	0.313812	0.333310	0.767207	0.584688	0.574005	0.750085	0.213850	0.360784	0.092733	0.958405	0.837728	0.168396	0.432462	0.939293	0.933688	0.388204	0.219304	0.970039	0.749775	0.695344	0.981998	
0.485912	0.610382	0.065776	0.112014	0.960695	0.518189	0.579822	0.880647	0.309671	0.582887	0.061835	0.419389	0.788701	0.586600	0.492943	0.929475	0.764446	0.825552	0.242970	0.854404	0.887309	0.332757	0.323242	0.986246	0.027738	0.330789	0.371323	0.121447	0.919341	0.644070	0.276645	0.391140	0.113401	0.871314	0.154258	0.560037	0.098310	0.508698	0.106197	0.054466	
0.064077	0.223508	0.135432	0.595425	0.053001	0.467056	0.813040	0.370738	0.074888	0.282813	0.967770	0.270713	0.735644	0.487632	0.274354	0.975775	0.927352	0.773832	0.544238	0.117556	0.608752	0.926886	0.442808	0.348233	0.539676	0.746841	0.473896	0.573526	0.796965	0.051380	0.603255	0.409750	0.226439	0.593390	0.552838	0.367916	0.295558	0.583382	0.592427	0.256061	
0.562661	0.639549	0.020457	0.246096	0.274232	0.888741	0.324632	0.408093	0.482073	0.321748	0.712429	0.196501	0.984467	0.746353	0.711497	0.708996	0.005317	0.310715	0.561620	0.843196	0.854288	0.713338	0.030427	0.729990	0.122915	0.547411	0.741403	0.843332	0.523794	0.302763	0.592099	0.509450	0.360305	0.623190	0.376976	0.757776	0.198322	0.410183	0.592547	0.741249	
0.191912	0.550806	0.032571	0.659184	0.983822	0.791657	0.973705	0.173336	0.121272	0.255935	0.262912	0.729511	0.484826	0.689983	0.279867	0.792834	0.719891	0.405094	0.737777	0.308828	0.026224	0.297520	0.401593	0.333939	0.267383	0.021112	0.603585	0.991528	0.890317	0.165783	0.112742	0.641964	0.302257	0.585095	0.111335	0.761634	0.994409	0.137488	0.530009	0.918866	
0.061301	0.327686	0.690602	0.753296	0.000725	0.751104	0.877697	0.946100	0.440125	0.219988	0.425119	0.689018	0.040775	0.815529	0.297933	0.368176	0.674374	0.024119	0.015077	0.945896	0.696494	0.129269	0.090067	0.754145	0.606564	0.081652	0.955755	0.451211	0.597176	0.567314	0.001136	0.254342	0.631353	0.040487	0.055876	0.662232	0.683382	0.326561	0.866871	0.303642	

Printing Matrix B
0.669337	0.689957	0.848551	0.727995	0.798636	0.445045	0.228641	0.308566	0.991345	0.656424	0.792092	0.345102	0.939209	0.066510	0.776669	0.013887	0.149039	0.219698	0.461141	0.214781	0.062402	0.638357	0.150174	0.957662	0.269786	0.204043	0.727204	0.385531	0.966866	0.625909	0.399573	0.189542	0.343640	0.546202	0.356934	0.064558	0.420810	0.710377	0.649838	0.712504	
0.282126	0.981503	0.465691	0.675742	0.819075	0.176093	0.941448	0.767259	0.774875	0.089869	0.074445	0.551144	0.857341	0.066239	0.929561	0.426803	0.695290	0.221016	0.775340	0.593539	0.198409	0.813062	0.135266	0.424945	0.893783	0.041949	0.669240	0.463483	0.854614	0.033760	0.308465	0.995861	0.868870	0.164736	0.113635	0.238624	0.527906	0.451901	0.632007	0.573313	
0.391660	0.494018	0.208356	0.587480	0.487223	0.847145	0.081803	0.799443	0.059883	0.594883	0.722455	0.485562	0.885193	0.913533	0.814310	0.042991	0.102109	0.266869	0.494509	0.373435	0.475589	0.777420	0.063586	0.508066	0.541043	0.296987	0.936455	0.513858	0.720012	0.338850	0.914238	0.740291	0.918849	0.326812	0.861510	0.395090	0.920827	0.894491	0.749373	0.107882	
0.505505	0.553913	0.187417	0.263609	0.495162	0.441751	0.984300	0.425747	0.189203	0.316507	0.452806	0.387811	0.884107	0.358046	0.684860	0.923895	0.870797	0.632326	0.545579	0.965643	0.498394	0.450140	0.589437	0.385843	0.628447	0.829353	0.413947	0.454886	0.499468	0.931533	0.278860	0.374692	0.333235	0.207871	0.902953	0.919555	0.580909	0.884041	0.245582	0.948987	
0.972234	0.955282	0.995505	0.684234	0.223100	0.679300	0.471194	0.651617	0.061009	0.683243	0.033002	0.365309	0.972493	0.784257	0.519233	0.092104	0.511584	0.877647	0.457554	0.002061	0.177647	0.182614	0.735353	0.453271	0.693720	0.760324	0.739312	0.340634	0.374983	0.929881	0.858135	0.385683	0.069371	0.876808	0.825212	0.207579	0.560230	0.651700	0.224425	0.091945	
0.241485	0.644867	0.977903	0.692603	0.110392	0.247103	0.644468	0.338245	0.896117	0.240764	0.093922	0.724188	0.838536	0.949735	0.480859	0.981106	0.893949	0.703142	0.611475	0.224739	0.018228	0.690393	0.104628	0.376535	0.243691	0.722073	0.065643	0.991764	0.822149	0.967141	0.983179	0.025353	0.574221	0.748980	0.124240	0.907562	0.445560	0.805164	0.626594	0.550932	
0.798999	0.207898	0.719266	0.768820	0.141161	0.844423	0.684208	0.001467	0.598271	0.444124	0.724167	0.864979	0.949643	0.719915	0.851842	0.446521	0.543853	0.515482	0.854081	0.804534	0.020263	0.119581	0.518733	0.962899	0.871496	0.839515	0.758711	0.765390	0.374637	0.284590	0.756152	0.877319	0.385530	0.563123	0.677102	0.234852	0.016614	0.401836	0.475481	0.652352	
0.771759	0.942640	0.196362	0.238823	0.193334	0.797476	0.254523	0.249489	0.067595	0.879664	0.180270	0.442062	0.468949	0.732232	0.208632	0.291407	0.876451	0.510860	0.942076	0.643811	0.273096	0.084895	0.116083	0.167672	0.146997	0.928375	0.161852	0.524150	0.214334	0.575230	0.640966	0.403357	0.100684	0.590230	0.663901	0.178170	0.675329	0.464616	0.597449	0.975089	
0.679624	0.071712	0.273901	0.472276	0.852244	0.911201	0.914143	0.010628	0.228776	0.057587	0.834900	0.829674	0.498823	0.301641	0.926578	0.840718	0.180194	0.447677	0.508293	0.942330	0.967458	0.853748	0.168090	0.896428	0.465233	0.289544	0.189773	0.810362	0.413508	0.784868	0.388733	0.946288	0.538016	0.023021	0.313918	0.406846	0.818882	0.162977	0.124969	0.383838	
0.013421	0.890336	0.792599	0.891789	0.812700	0.546193	0.302243	0.770359	0.886446	0.886568	0.758732	0.481740	0.554007	0.564586	0.704122	0.269179	0.621805	0.920736	0.860212	0.620511	0.489182	0.874344	0.659186	0.631684	0.438084	0.745995	0.811666	0.774430	0.872451	0.044650	0.287439	0.294115	0.473343	0.323647	0.027376	0.006466	0.110863	0.307983	0.525514	0.315680	
0.457919	0.160415	0.289410	0.635259	0.273860	0.738434	0.993737	0.470542	0.247400	0.800634	0.738347	0.791334	0.687911	0.619258	0.038985	0.177024	0.996613	0.766489	0.272283	0.447885	0.081656	0.107441	0.218868	0.542473	0.372172	0.741045	0.150208	0.959728	0.631697	0.051544	0.513924	0.167585	0.566007	0.796560	0.335823	0.384434	0.430764	0.492872	0.069858	0.115901	
0.378452	0.552548	0.389325	0.366778	0.091262	0.691703	0.646891	0.115723	0.793363	0.051189	0.156727	0.546664	0.927497	0.237123	0.074881	0.439385	0.209969	0.981992	0.504209	0.620315	0.767093	0.200658	0.171305	0.626882	0.228663	0.093853	0.113694	0.972881	0.680053	0.038546	0.563028	0.208267	0.469864	0.372290	0.539029	0.569546	0.304623	0.720105	0.086584	0.440596	
0.025058	0.700638	0.174967	0.179943	0.883523	0.609954	0.696421	0.219548	0.008479	0.140359	0.584444	0.853629	0.480109	0.364995	0.920721	0.881940	0.340041	0.084531	0.256098	0.370027	0.482963	0.586172	0.798201	0.345669	0.397558	0.354187	0.195933	0.871068	0.781550	0.242735	0.041654	0.648050	0.707254	0.896702	0.997054	0.102972	0.246710	0.659401	0.494864	0.851590	
0.491099	0.874423	0.413594	0.363074	0.981554	0.897414	0.730484	0.404904	0.278044	0.401088	0.568335	0.755115	0.193204	0.859955	0.419587	0.580490	0.917323	0.597717	0.200404	0.526060	0.566600	0.205167	0.968938	0.734821	0.911676	0.522081	0.639969	0.295055	0.691712	0.521242	0.866555	0.021984	0.556645	0.114794	0.580493	0.939008	0.064329	0.444175	0.754246	0.280249	
0.314905	0.145933	0.079526	0.788048	0.595998	0.882537	0.411022	0.246431	0.524223	0.724715	0.002079	0.251808	0.807898	0.099675	0.874979	0.228065	0.182255	0.144758	0.814986	0.033019	0.242096	0.873538	0.820078	0.620784	0.481193	0.449018	0.009222	0.549680	0.396809	0.379263	0.029280	0.461673	0.981326	0.473316	0.539238	0.207297	0.421891	0.434452	0.200802	0.586271	
0.400736	0.165268	0.736115	0.227078	0.364304	0.404713	0.213669	0.605119	0.472818	0.991307	0.584769	0.793390	0.279438	0.248629	0.283079	0.162236	0.870189	0.093773	0.042452	0.739228	0.927192	0.800341	0.010327	0.335855	0.483895	0.495201	0.525765	0.075325	0.516434	0.285443	0.158855	0.483329	0.775182	0.635347	0.897953	0.224391	0.518515	0.966006	0.430192	0.011987	
0.629023	0.982752	0.795779	0.959991	0.382031	0.111726	0.693113	0.569929	0.172157	0.285929	0.579851	0.895256	0.535051	0.627208	0.163123	0.879330	0.146382	0.946935	0.920159	0.254374	0.152361	0.843076	0.961155	0.313769	0.618281	0.203421	0.110018	0.296497	0.959939	0.610312	0.562900	0.915209	0.351724	0.651444	0.769072	0.574073	0.271917	0.766906	0.830153	0.366383	
0.680372	0.646566	0.668482	0.435459	0.866768	0.751483	0.535413	0.138951	0.528837	0.159020	0.696212	0.219342	0.150242	0.201201	0.066923	0.428829	0.137389	0.537685	0.018458	0.434291	0.018915	0.314894	0.852468	0.441465	0.244239	0.679214	0.333579	0.908580	0.884803	0.464216	0.677365	0.699021	0.968440	0.620624	0.209850	0.872123	0.240690	0.783092	0.640862	0.474462	
0.825043	0.825552	0.052232	0.642443	0.843913	0.888761	0.999704	0.336031	0.824488	0.955041	0.011570	0.263103	0.014181	0.345418	0.270753	0.540144	0.973557	0.254419	0.099828	0.962824	0.003521	0.465018	0.439368	0.971369	0.757705	0.298195	0.753574	0.021536	0.607493	0.422797	0.186834	0.974043	0.328637	0.186180	0.125323	0.372205	0.000590	0.132070	0.638272	0.703815	
0.029849	0.165252	0.563309	0.551178	0.553741	0.049048	0.936916	0.900966	0.251552	0.694016	0.236150	0.505720	0.903444	0.676698	0.741229	0.937693	0.382524	0.554501	0.289733	0.116634	0.079654	0.584049	0.188774	0.282122	0.572160	0.817202	0.042359	0.045049	0.960713	0.487519	0.102260	0.473020	0.528158	0.430616	0.133200	0.661365	0.712934	0.229423	0.730429	0.342034	
0.487683	0.110898	0.482159	0.475846	0.877695	0.144813	0.388578	0.464739	0.645354	0.734627	0.442606	0.991408	0.641406	0.057248	0.732376	0.674424	0.558518	0.750102	0.941270	0.483547	0.189313	0.798919	0.246193	0.494626	0.159014	0.670101	0.625245	0.757161	0.882340	0.638485	0.213690	0.834776	0.098231	0.812884	0.810827	0.858464	0.924791	0.578030	0.921042	0.062531	
0.301909	0.681677	0.394141	0.193804	0.253245	0.891198	0.145197	0.239143	0.310854	0.282928	0.348458	0.121819	0.798776	0.444233	0.772505	0.799874	0.239397	0.001568	0.920388	0.910020	0.027660	0.640568	0.527193	0.416285	0.931738	0.959727	0.840605	0.553444	0.781395	0.359199	0.504443	0.628315	0.640624	0.377378	0.825254	0.734644	0.088615	0.025771	0.254924	0.453855	
0.141270	0.466856	0.495127	0.621256	0.017979	0.830423	0.139529	0.266261	0.088621	0.341164	0.931035	0.766789	0.451020	0.635459	0.234616	0.892605	0.502895	0.357761	0.379762	0.274544	0.959473	0.920162	0.563706	0.879154	0.830061	0.566202	0.296126	0.780747	0.125550	0.453090	0.505519	0.736052	0.705156	0.006436	0.072832	0.482659	0.385948	0.131307	0.589244	0.601981	
0.230779	0.180402	0.501173	0.274051	0.377355	0.986889	0.072836	0.891288	0.816756	0.862911	0.178704	0.921892	0.748392	0.514305	0.063660	0.756942	0.284469	0.821343	0.898493	0.412365	0.822535	0.158722	0.122196	0.673363	0.947734	0.828539	0.881844	0.691089	0.803629	0.967873	0.321681	0.161728	0.662158	0.391792	0.078465	0.836499	0.203411	0.796370	0.045232	0.264558	
0.006007	0.119404	0.843527	0.518088	0.015888	0.514445	0.210775	0.943719	0.659244	0.433584	0.139667	0.638708	0.265305	0.668684	0.904811	0.303502	0.026339	0.798671	0.233399	0.517023	0.802720	0.586856	0.707641	0.886428	0.866085	0.104593	0.590096	0.348829	0.178379	0.165937	0.950757	0.994009	0.892346	0.846962	0.109439	0.375032	0.395453	0.925654	0.492462	0.469979	
0.132095	0.364299	0.317873	0.577591	0.730642	0.579443	0.212969	0.658494	0.366133	0.231060	0.869442	0.387731	0.567981	0.367990	0.125467	0.418990	0.412541	0.979752	0.496417	0.226667	0.300872	0.908458	0.379562	0.619156	0.072409	0.221267	0.456308	0.206747	0.922382	0.084732	0.412705	0.305410	0.287012	0.555661	0.842505	0.010488	0.588438	0.657218	0.485898	0.713695	
0.126589	0.500159	0.543960	0.607187	0.281642	0.514191	0.195642	0.519594	0.104763	0.266082	0.857583	0.090646	0.195516	0.414021	0.024238	0.239722	0.062678	0.733725	0.446786	0.072981	0.032831	0.422776	0.406774	0.711126	0.017625	0.458806	0.253779	0.321228	0.297316	0.130710	0.862965	0.472380	0.110313	0.532282	0.547017	0.285528	0.192435	0.808321	0.650674	0.110746	
0.496656	0.543507	0.119003	0.199731	0.599984	0.737872	0.700873	0.388592	0.416357	0.368286	0.526137	0.543222	0.362117	0.317781	0.870989	0.681090	0.998078	0.118080	0.089332	0.533399	0.648252	0.152265	0.481523	0.160311	0.461732	0.861254	0.182410	0.706441	0.756018	0.557318	0.452749	0.994652	0.463006	0.567908	0.430544	0.241653	0.372579	0.427920	0.934776	0.751982	
0.116827	0.384376	0.017711	0.843764	0.115039	0.400736	0.639491	0.018615	0.508121	0.654834	0.687831	0.017461	0.290405	0.914512	0.033612	0.621688	0.279729	0.449675	0.096881	0.071170	0.694521	0.779708	0.867295	0.436508	0.384847	0.314082	0.987828	0.133089	0.776924	0.503414	0.714094	0.960975	0.131165	0.291264	0.704089	0.439965	0.834340	0.732622	0.017997	0.077051	
0.260471	0.475523	0.722675	0.526532	0.656212	0.310135	0.155047	0.364130	0.681760	0.514257	0.017828	0.784460	0.173895	0.553803	0.686212	0.594735	0.021987	0.194982	0.678869	0.244261	0.751459	0.705387	0.825506	0.192718	0.724911	0.893116	0.661196	0.594907	0.194658	0.026982	0.779564	0.827552	0.691976	0.546212	0.744048	0.705926	0.344869	0.402013	0.480830	0.677641	
0.301705	0.948479	0.248333	0.797993	0.692095	0.323860	0.446693	0.273209	0.173947	0.509513	0.609893	0.413502	0.626752	0.125136	0.410246	0.313322	0.373534	0.674853	0.805186	0.064857	0.297821	0.968940	0.540130	0.883182	0.061569	0.632072	0.608135	0.626224	0.861089	0.342469	0.554137	0.983287	0.917591	0.549537	0.130987	0.220058	0.003112	0.173322	0.431146	0.257320	
0.449200	0.164177	0.934965	0.292222	0.541761	0.067390	0.290481	0.023569	0.708818	0.930850	0.187501	0.268613	0.339906	0.733856	0.498438	0.263767	0.880567	0.004972	0.218344	0.611587	0.931885	0.856003	0.729654	0.430439	0.452678	0.278277	0.512197	0.830792	0.988823	0.623155	0.555824	0.434899	0.314865	0.251924	0.737066	0.293314	0.542488	0.891316	0.028888	0.710614	
0.683044	0.121744	0.535780	0.047343	0.517184	0.011865	0.557419	0.509398	0.886636	0.405493	0.624833	0.292652	0.848123	0.439463	0.505723	0.358576	0.138967	0.384007	0.432856	0.199350	0.101848	0.023047	0.657979	0.531552	0.293767	0.168316	0.635851	0.085921	0.644936	0.360984	0.675460	0.339425	0.199880	0.489175	0.154783	0.582775	0.899740	0.915899	0.138267	0.102334	
0.384495	0.350634	0.731619	0.504318	0.961938	0.527213	0.584862	0.451826	0.590071	0.417478	0.629526	0.001485	0.606075	0.086985	0.364834	0.176376	0.459970	0.769674	0.963564	0.568143	0.139295	0.562900	0.961995	0.508899	0.955727	0.296919	0.926630	0.114519	0.215788	0.277047	0.390823	0.329951	0.980433	0.042382	0.373617	0.869499	0.705882	0.237068	0.447125	0.219942	
0.672344	0.988105	0.815265	0.131679	0.304127	0.611675	0.862150	0.545744	0.041251	0.786579	0.198652	0.927780	0.088477	0.572410	0.910815	0.938454	0.309213	0.182133	0.029183	0.155532	0.722538	0.028261	0.708834	0.427271	0.162132	0.164953	0.869928	0.265318	0.257581	0.494007	0.630080	0.751555	0.359021	0.063772	0.247500	0.721514	0.986511	0.554727	0.323780	0.445429	
0.195848	0.846696	0.703114	0.024181	0.949742	0.129091	0.950650	0.519115	0.814335	0.697875	0.802190	0.031874	0.169163	0.484046	0.568598	0.978856	0.539856	0.830222	0.937566	0.203665	0.372592	0.467131	0.213403	0.632914	0.569133	0.089573	0.750177	0.160025	0.708047	0.412284	0.573545	0.041091	0.216692	0.356372	0.725718	0.041567	0.892794	0.421552	0.494944	0.133935	
0.385254	0.435400	0.344954	0.054772	0.239495	0.329647	0.858196	0.926441	0.242052	0.229146	0.842850	0.066079	0.779410	0.841841	0.542098	0.338431	0.199283	0.062784	0.369256	0.597239	0.584612	0.421792	0.297624	0.517696	0.631046	0.507446	0.017554	0.209540	0.061157	0.071319	0.027156	0.530607	0.183582	0.770677	0.710946	0.161590	0.294802	0.738366	0.931615	0.132103	
0.002903	0.036557	0.213075	0.817422	0.297476	0.877487	0.298491	0.551071	0.001483	0.034911	0.689664	0.007987	0.779883	0.576893	0.002414	0.274158	0.348545	0.025774	0.556811	0.835852	0.731936	0.178920	0.121432	0.512500	0.051738	0.835344	0.743912	0.725869	0.589684	0.235292	0.011759	0.597416	0.820165	0.921925	0.466386	0.231263	0.471115	0.228749	0.140173	0.715462	
0.288660	0.933314	0.394137	0.556366	0.961946	0.575921	0.301107	0.334010	0.796526	0.498248	0.013711	0.461234	0.139694	0.077372	0.431231	0.471779	0.343640	0.752462	0.064277	0.721599	0.100486	0.999929	0.470856	0.522865	0.589874	0.530294	0.750623	0.088411	0.681511	0.170185	0.958617	0.832633	0.047057	0.040034	0.893923	0.137558	0.059153	0.396002	0.471427	0.797392	
0.939979	0.664885	0.319214	0.580919	0.919079	0.113467	0.393068	0.179954	0.531195	0.551460	0.981622	0.419528	0.826506	0.570784	0.734396	0.359233	0.695863	0.364976	0.777415	0.015802	0.697000	0.574191	0.075369	0.530192	0.974133	0.031683	0.770670	0.996530	0.266740	0.895108	0.935491	0.675510	0.278461	0.646430	0.986382	0.752370	0.791502	0.773449	0.080706	0.473435	

Printing Matrix C
8.567537	10.501248	9.111419	9.736914	11.695548	11.489964	10.956550	9.069010	9.146913	11.297312	9.765670	9.627279	11.131895	9.783232	10.528572	11.060786	9.610356	9.115704	10.217441	9.472651	9.192516	11.498473	9.570444	11.137389	10.886893	10.471147	11.399142	9.517130	12.877794	9.424836	9.707080	12.336713	10.796809	8.863262	10.956360	9.359035	9.976554	11.127076	8.835178	9.275821	
7.126615	10.509229	9.795860	9.232386	10.616442	9.096628	9.386350	8.716832	9.146642	9.871202	8.811156	9.120533	10.232667	8.183386	10.617434	9.670573	8.325681	9.114427	9.632487	7.441160	7.666019	11.158194	8.339986	10.342931	9.823969	9.001661	10.181625	8.982612	11.821403	8.055947	9.914650	11.289526	9.270015	9.068175	9.982395	7.871848	8.696960	10.747669	8.893204	8.379787	
8.141661	11.127928	9.408303	10.030436	11.382065	10.936723	11.378245	7.938994	10.060666	10.332609	9.494440	10.812949	11.111519	9.323751	10.789532	11.504781	10.341090	10.501659	10.394014	9.781623	8.833367	11.373593	8.880264	11.159952	10.234777	10.905692	10.043036	10.872009	12.896490	9.226871	10.240441	11.581862	9.260490	8.358070	10.274304	9.160054	9.017782	10.607727	9.599215	9.599527	
6.485063	8.424181	9.593066	8.569460	8.270959	9.613133	8.325932	8.006766	7.952774	8.694205	7.241634	9.310013	10.000218	9.051181	9.503962	8.971084	6.956649	8.325647	8.345146	7.172085	8.678496	9.606319	8.034725	9.425820	9.014606	8.588121	8.732042	9.348092	10.399837	7.514156	8.892176	9.616975	9.178053	7.938786	8.190593	7.475622	8.102482	9.748884	7.000294	7.723807	
7.201342	10.465048	10.156038	10.525617	10.062289	10.719707	10.674891	9.139156	9.547960	10.228479	10.016122	10.568068	11.574514	9.144157	10.180406	10.475792	8.892498	10.731214	10.604990	8.685694	8.043428	11.264980	8.412003	11.976418	10.053362	9.578224	10.887023	10.220047	12.810998	8.276378	9.992455	11.233860	10.245106	9.252800	9.031773	8.308523	8.959304	10.687685	8.621281	7.711163	
9.719745	12.025029	10.921287	11.506017	12.677190	11.629616	12.648842	8.721828	10.888764	10.865891	11.483253	10.718803	12.949219	10.926995	11.489512	11.829555	10.781334	10.862895	11.844839	10.639172	8.384246	12.556983	10.730105	12.416657	11.458002	10.968893	12.355517	11.535224	14.623649	9.629092	12.032807	13.218215	10.719392	9.926629	12.318090	9.969937	11.165763	12.415307	10.416432	10.815199	
8.177580	10.766787	9.724644	10.172628	10.348216	10.563226	9.514387	8.337267	8.968328	10.237317	10.016937	9.302046	11.141634	9.963329	9.567805	9.319136	9.360696	9.568288	10.144016	8.330814	7.552565	11.185079	9.192609	10.384062	9.412009	10.318673	9.856598	10.477435	12.450605	8.478123	10.597714	10.787131	9.155742	9.443951	10.656772	8.583030	9.259969	11.097271	9.887923	8.457086	
8.662331	10.556178	10.056765	10.739550	10.666864	10.653937	11.082117	8.646063	9.043197	10.371043	10.205834	9.661642	12.403137	10.557933	10.537674	9.749655	9.882171	10.040136	11.044776	9.197590	7.931259	11.475333	10.224261	10.997839	11.535633	10.589577	9.988968	10.168904	12.024122	8.896775	10.569525	11.223452	9.936330	8.950413	10.879309	8.905785	8.991154	11.092977	9.156237	8.799535	
7.412383	10.944524	10.003547	10.182538	11.078143	10.739781	10.298063	9.531082	9.708047	10.321226	10.283600	9.338930	11.654909	9.570263	9.454760	10.264025	9.038327	10.733717	10.199158	8.953520	7.135853	11.615164	9.307641	11.302996	10.898866	9.993531	11.300025	9.487099	13.852112	7.997339	10.347154	11.108477	9.993087	8.866029	10.323005	8.312527	9.038979	11.181131	9.277713	8.827024	
8.273871	11.131847	10.506389	10.718499	12.229613	10.597546	11.408395	9.928461	10.386481	10.797064	10.962216	10.972630	12.414815	10.055413	11.241724	11.607204	10.155592	10.669247	11.458508	9.484938	9.649691	12.618055	9.186864	12.072319	11.129927	10.143727	11.018573	10.584043	13.359701	9.608249	10.335161	11.961150	10.621113	9.990732	10.928830	9.226092	10.487287	11.977784	9.714543	9.598469	
7.146368	9.601969	9.653642	9.313750	10.037539	9.741093	10.078739	8.101774	9.392147	9.396408	9.172045	9.707589	10.737987	8.260277	9.757721	9.788077	8.194657	9.474142	9.142873	8.719513	8.195250	10.441554	9.146861	10.253705	8.950430	9.292345	10.279977	9.252919	11.917415	7.865830	9.004180	10.648151	9.597395	8.748208	9.653119	8.456514	8.666982	10.980297	8.279092	8.402363	
8.121836	11.437361	10.201669	10.133668	11.436275	11.049680	10.805090	9.437936	10.038869	10.398304	9.828650	9.929441	11.338065	9.142851	11.349359	10.479502	9.258580	10.024616	10.989606	9.245584	8.205152	11.250704	9.652780	11.610552	9.636804	9.775076	10.751208	10.732426	12.947742	8.097195	10.250340	12.417472	10.990727	9.951717	9.826480	8.170507	9.734447	11.600993	9.918960	10.145072	
8.225793	11.749197	10.375300	10.330337	9.841067	12.157874	10.883539	9.685101	8.367408	10.255068	9.770451	10.052359	11.654989	10.067548	9.630948	10.377017	9.034438	10.714012	10.869106	9.368668	8.322812	10.312156	10.784346	11.364792	10.443397	10.650704	10.948920	9.971022	12.385797	8.382068	10.342383	11.733268	10.867674	10.341652	10.742784	9.187211	8.780982	11.890795	9.095832	8.942565	
7.082344	9.427616	8.756636	8.430977	9.245579	9.177012	9.860967	7.976169	7.942156	9.156771	8.746587	8.742276	10.305292	8.624012	9.051227	9.820377	7.513882	8.662131	8.881881	7.066718	7.012235	9.402981	8.485674	9.275038	8.752389	8.204408	8.808433	8.048888	11.395394	8.315781	8.660381	9.260188	9.037902	7.992410	9.024299	8.497426	9.229725	10.664036	8.077986	7.446604	
8.521641	11.046952	9.975107	9.685460	10.287762	11.350470	10.865954	8.818974	8.667141	10.124283	9.509577	9.565530	11.719274	10.303838	11.393638	10.373158	8.986848	9.193358	10.258721	9.138850	8.760403	11.175533	9.461451	10.899936	10.751440	10.231504	10.516632	9.673332	11.913625	8.664320	10.678111	11.922342	10.018929	8.371842	10.611123	8.956712	10.259272	10.740659	9.783780	8.824326	
7.015458	8.895988	7.850065	7.751620	8.007664	8.038948	8.390753	6.843294	7.354196	8.954858	7.245602	7.652012	8.412908	7.736501	7.887263	8.036499	7.497530	7.634165	7.886572	6.991140	6.682134	9.088915	7.450010	8.575901	7.870174	7.702041	8.359012	6.864721	9.308644	7.406996	8.186393	9.428449	7.492512	7.166782	8.594910	7.101092	7.573047	9.406804	7.686030	7.177683	
8.395395	10.344239	10.208284	9.943814	11.154388	10.609824	10.853830	8.632559	10.034277	10.220206	9.742528	9.002843	10.873608	9.512595	9.485015	10.197476	8.565598	9.339443	10.323144	8.643678	7.879877	11.078805	10.077380	11.344028	10.885643	9.497268	10.124360	8.642779	12.033274	8.101616	9.478460	10.939496	10.178861	8.670921	9.916309	8.904251	9.198999	10.566947	9.780689	8.753844	
9.754167	12.358670	10.619377	11.540013	12.674924	12.713424	12.814370	10.231761	9.503303	12.166418	11.145193	12.390137	13.257196	10.947776	12.717819	12.011977	11.126457	11.311621	11.389177	10.094754	10.105591	12.758755	11.536547	13.044104	11.108412	11.220234	11.347222	11.571856	14.768997	10.281197	11.147192	13.791310	11.354388	10.285187	11.862239	10.026118	11.038325	13.118571	10.921619	10.378603	
7.872985	9.770883	10.151905	10.542295	10.610513	11.299112	9.458184	8.624252	9.271482	10.721898	9.700823	9.634420	12.371588	8.993366	10.327576	9.776731	8.876066	10.335358	10.853959	9.374778	8.997710	11.737765	9.018247	11.287818	8.976864	11.291219	10.905684	10.673675	13.523647	9.124168	9.546364	11.511402	9.631475	9.807532	11.034068	8.204334	9.502878	11.249495	8.291150	9.151034	
7.531594	9.770032	8.860453	9.825938	9.903310	9.416233	9.285069	7.742708	8.948517	9.762857	8.720157	9.519580	9.221890	9.250832	8.950455	9.579694	8.142882	9.509910	8.879620	7.123899	6.898112	10.663260	8.783200	10.550582	8.661238	8.447080	10.375273	8.452469	11.657712	7.934217	10.771342	11.066561	8.090416	8.624448	10.180492	8.139197	8.383098	10.824571	8.637610	7.746084	
7.398607	8.599806	9.934641	9.907471	9.152495	10.608471	8.899273	7.720139	8.971738	8.928898	9.501098	9.735089	10.892110	9.155403	9.636296	8.996549	8.299925	9.813681	10.367108	8.689988	7.381337	9.993459	8.734134	10.602314	9.007102	10.594117	9.542932	11.048692	11.162920	7.619778	10.512194	10.878649	10.160851	9.530176	8.630163	8.467731	8.436399	10.023036	8.515765	7.960478	
7.614235	10.129654	9.054749	9.134311	9.908390	10.810016	9.378630	9.062565	9.175242	9.519948	8.315562	9.095772	10.786482	9.826002	9.961428	9.495476	8.201551	8.866168	10.083426	8.612813	7.888043	10.465610	9.112893	10.485006	10.741799	9.660128	10.956487	8.893166	10.890073	7.830939	10.683254	11.218837	10.420085	8.826430	10.017932	9.176455	8.816528	11.066486	8.711487	8.563542	
6.369562	8.774661	7.864000	9.979075	9.108796	9.789082	9.308889	7.543199	8.015273	9.069797	7.401736	8.527861	8.898608	8.997759	8.466791	8.358055	8.193603	9.030317	7.917092	7.608382	5.848690	9.937301	7.619250	9.791665	8.483016	8.923387	8.492929	8.365670	10.925662	6.908000	9.659689	10.121934	8.559280	7.584633	7.873699	7.212425	7.276426	8.804263	8.328961	7.299803	
9.599375	11.926928	11.141157	11.567023	11.714182	12.917729	12.764937	9.526926	10.176211	11.081342	12.316583	10.245550	13.054689	11.531940	11.611303	11.343338	11.158077	11.330198	11.619960	11.058690	9.637631	12.061693	11.241389	13.241152	11.474185	11.695914	11.998053	12.488728	13.256283	9.679669	11.801697	13.499724	11.786239	11.030492	11.200451	9.517679	10.696908	12.346591	10.142949	10.801680	
9.591636	9.800745	9.401276	10.045544	10.740305	10.903389	11.337021	9.056267	9.224297	10.485200	11.046084	9.247126	12.307786	10.386915	9.724560	9.253991	9.978487	9.395175	9.856714	9.637976	8.715607	10.155137	8.795362	11.045272	10.408211	9.576489	10.630550	9.704446	12.358113	9.720040	9.847605	11.176208	9.700969	10.132523	10.959509	8.808797	10.443293	12.374735	8.905216	8.566321	
8.489197	11.477836	11.264158	10.147348	10.884723	11.980421	10.673728	10.105940	10.264400	10.627728	10.030580	10.329500	11.688836	10.465700	10.418887	10.923807	10.103135	10.742084	10.288271	10.329689	8.423215	10.871221	9.360058	11.700735	10.765894	11.081811	11.794126	10.467891	13.198232	8.558807	11.907599	11.900873	10.582617	10.083083	11.089201	9.401236	9.731588	12.430694	9.890964	10.150761	
9.548353	11.698347	10.608458	10.999490	12.248294	12.769367	12.055240	10.237444	10.688199	11.083167	10.894955	11.168486	13.158424	11.014460	11.377473	11.456992	10.605756	11.220159	11.822458	10.104436	8.539579	11.353929	10.105669	12.635568	11.402135	11.738323	11.959182	11.758411	13.945259	9.659607	12.195950	12.643191	11.043672	11.111389	11.832448	10.305733	10.686611	13.128957	10.306890	10.526771	
7.397560	10.061374	9.244396	10.117266	10.097404	10.542962	9.863589	8.761292	8.570165	9.301028	10.168702	10.376567	11.237392	8.950601	10.005975	9.362271	8.627633	10.628019	9.372529	8.726021	8.163694	10.743842	8.340798	11.221451	9.196562	9.200325	10.299976	10.464826	12.157186	7.911714	10.556863	11.285555	9.243089	9.107246	9.896774	8.071535	8.846669	11.438274	8.361314	8.292584	
6.555026	8.362957	7.895866	7.641102	7.540502	8.533389	8.165104	7.310999	8.037630	8.315409	7.038830	7.900626	9.823319	7.335180	7.344588	6.934617	7.595713	8.511152	8.177192	6.988652	5.953982	7.590368	6.598833	8.975601	8.279826	7.911055	8.600313	7.716254	9.675444	6.102309	8.356921	8.038591	7.699779	7.298013	7.150053	6.462247	6.586525	8.594897	6.354538	5.894219	
7.835630	11.199568	9.448232	10.036698	10.317115	10.095596	11.131640	8.751870	8.727722	9.904095	10.866243	9.649061	11.296949	9.957587	9.826722	10.765223	9.464326	10.165520	9.845581	8.531604	8.889894	11.309942	9.817866	11.462535	10.011279	9.174733	10.102431	9.776421	12.890083	8.109605	10.083135	11.928188	9.286487	9.560443	10.805221	8.015363	9.097690	11.353749	9.219399	8.747811	
7.767418	11.100689	11.169414	10.023965	10.864249	10.473226	10.966893	9.908639	9.445819	10.635552	10.043725	11.021454	11.051068	10.704910	10.652372	10.597167	9.772038	10.383520	9.946895	9.094682	8.222887	11.459882	10.356648	11.260616	10.934687	9.855128	11.031918	9.896365	12.567854	7.868465	11.182435	11.269401	10.565236	9.491278	10.569499	9.318056	9.480619	12.056170	9.944322	8.458982	
8.706332	11.431277	11.081179	10.582463	11.341610	10.470251	11.737736	9.913488	10.634438	11.748252	9.686938	10.277189	11.620626	10.053498	10.444900	10.987791	10.604304	10.563827	10.936345	9.152131	8.578483	12.054060	10.413324	11.408163	11.396637	10.451502	11.326855	10.057163	13.645714	9.514176	10.453020	11.880817	10.269114	10.087798	11.065437	9.595667	9.750300	12.535148	9.519138	8.483991	
8.687817	11.057962	10.827205	11.117976	12.224411	11.517647	11.884149	9.797992	11.043464	10.841598	10.379020	10.371142	12.529109	9.711393	11.114376	11.269257	10.336484	11.609324	11.607128	9.796477	9.046590	12.334594	10.083676	12.379823	10.680509	10.354223	11.312485	11.318059	13.427100	9.373947	11.034534	12.161955	10.556791	9.664401	10.648636	9.834848	11.191112	12.350492	9.488695	10.070706	
8.898626	11.529035	10.573325	10.858620	11.512399	10.879326	11.419953	8.823066	9.356673	10.573590	11.230505	11.084601	11.412529	10.583965	10.867423	11.127735	10.167430	11.199503	10.858781	8.582046	8.348119	11.657163	10.419058	11.953962	9.692700	10.230459	10.292041	11.081451	12.715583	9.223845	11.468693	11.785253	9.382279	10.125721	10.775809	8.981081	10.177883	11.801391	9.872682	9.510080	
8.943866	10.885179	10.789122	10.835621	11.450294	12.046599	10.876762	9.237257	10.427993	10.483182	11.558141	10.677872	12.718218	10.926257	11.170859	10.797246	8.878868	10.065464	11.660201	10.320053	9.976620	12.263192	10.528622	11.959374	11.857698	10.726645	11.754542	11.809040	12.609613	8.697856	11.621107	13.389975	11.742246	10.716976	11.963571	10.013078	10.619504	12.814888	9.496076	9.846965	
7.530317	10.090689	10.164267	9.894104	10.277867	10.131026	9.591980	8.287391	8.881759	10.089526	8.694731	9.693185	10.818411	9.084729	8.760363	9.848942	8.761527	9.978780	10.629740	7.988504	7.489931	10.395023	9.331362	9.780162	9.804387	10.309051	10.109202	9.463163	12.321647	8.661968	9.094618	10.295534	9.684701	9.376009	10.054440	8.736884	8.823709	10.559093	8.853760	7.920712	
7.450775	9.907100	8.977686	9.514908	9.585417	10.643683	10.129050	7.812941	8.118234	9.362913	9.883502	9.597112	9.925373	8.984085	8.503509	10.031075	9.469431	9.524700	9.192725	9.175756	7.343684	10.339154	9.587004	10.281687	9.509682	9.889491	9.895168	9.643596	12.073818	7.571020	9.639002	11.373169	9.714700	9.365514	10.521165	8.557369	7.913923	10.652912	8.670517	8.452578	
7.851239	10.550418	9.548655	9.734604	12.080186	10.662115	11.110925	8.610130	9.881274	10.570677	9.731167	10.031386	11.359555	9.053327	10.682515	10.816046	10.506312	9.682236	10.441136	8.708564	7.672283	11.152214	8.886308	10.934142	10.224673	10.444257	10.443744	10.501633	13.321996	9.009026	9.917151	10.957869	10.101264	9.809792	10.689497	9.064723	9.347077	10.946854	9.283079	8.989508	
8.609696	10.804313	9.695357	9.266860	9.618446	9.761271	11.273728	7.865705	9.254617	9.343540	9.363562	8.770230	10.786822	9.976864	9.372833	9.903716	10.124229	9.397909	9.114916	8.600285	7.901331	9.697465	9.333670	10.279932	11.113503	9.239294	9.646341	9.368513	11.201193	8.722990	10.417234	10.781426	8.475137	9.079554	10.845992	8.393960	8.108991	11.362584	8.847266	8.237015	
6.950999	8.789604	8.655870	8.594902	8.617333	9.163833	9.657363	8.413585	8.489829	8.898159	8.407967	9.422558	10.444554	9.760906	8.849921	9.741944	8.225399	9.884004	9.636329	8.252285	7.283507	9.084740	7.471222	9.488789	9.316393	9.589472	8.531341	8.736471	10.738088	7.758660	10.235106	9.769943	7.780558	8.524057	9.905291	8.514455	8.486838	10.894283	8.794020	7.658080	
The results Matches
MPI_Wtime measured for total run by process 1 = 0.007535
MPI_Wtime measured for total run by process 2 = 0.007483
MPI_Wtime measured for total run by process 3 = 0.007588
