MPI_Wtime measured for total run by process 0 = 0.007931
Total time by each process = 0.031296  And Average = 0.007824 
Printing Matrix A
0.408750	0.498803	0.704876	0.612083	0.515640	0.620031	0.770445	0.972823	0.841938	0.002125	0.123151	0.806134	0.033036	0.112419	0.536545	0.534780	0.153399	0.450341	0.096804	0.377882	0.938037	0.211355	0.773243	0.465154	0.429434	0.925615	0.046770	0.255516	0.637959	0.317646	0.441323	0.119800	0.886008	0.452997	0.632565	0.595254	0.828792	0.279083	0.990787	0.217216	0.211517	0.972805	0.874580	0.338092	0.596255	0.687044	0.508163	0.632300	0.376985	0.376981	
0.916175	0.580152	0.778844	0.347001	0.603473	0.189852	0.707048	0.073277	0.390978	0.094166	0.067106	0.024811	0.588054	0.969439	0.742408	0.974589	0.318656	0.403549	0.413976	0.867132	0.314767	0.832439	0.219641	0.603441	0.317085	0.597851	0.478817	0.959460	0.279773	0.031909	0.275319	0.680763	0.561239	0.691475	0.834862	0.992664	0.615591	0.171443	0.730820	0.445850	0.472491	0.432096	0.666363	0.018179	0.320454	0.968318	0.056586	0.189748	0.733393	0.593040	
0.439831	0.717884	0.410808	0.890653	0.664210	0.189533	0.380204	0.088009	0.013184	0.992704	0.156275	0.929411	0.610103	0.830686	0.000383	0.911751	0.009430	0.495635	0.518961	0.561866	0.722791	0.319871	0.373028	0.149562	0.514068	0.719851	0.103287	0.883204	0.768421	0.056886	0.137615	0.209017	0.598272	0.567282	0.090940	0.300404	0.880548	0.916725	0.028155	0.639788	0.208552	0.212566	0.008901	0.025230	0.809659	0.546127	0.050754	0.094319	0.459796	0.766259	
0.790750	0.364467	0.686937	0.924874	0.347479	0.257316	0.924301	0.867871	0.565651	0.710524	0.975217	0.322585	0.011795	0.674996	0.078506	0.022328	0.507917	0.540554	0.667986	0.909947	0.030089	0.571496	0.637145	0.887592	0.332468	0.578107	0.854767	0.333655	0.317596	0.338153	0.449906	0.265358	0.747275	0.152678	0.271338	0.430727	0.229888	0.255817	0.441591	0.069829	0.741525	0.081744	0.548627	0.462854	0.424051	0.262325	0.161488	0.831780	0.333593	0.324026	
0.047083	0.906359	0.756977	0.144004	0.305585	0.972627	0.861768	0.643401	0.469770	0.276618	0.907262	0.767778	0.066625	0.977515	0.584016	0.005150	0.056294	0.908071	0.073686	0.011839	0.265908	0.426380	0.038837	0.538072	0.176036	0.402428	0.353633	0.152049	0.769764	0.820477	0.431104	0.984880	0.737137	0.300668	0.945026	0.190093	0.296972	0.338611	0.686253	0.844416	0.691374	0.945587	0.417051	0.465265	0.227199	0.540595	0.111369	0.145700	0.418426	0.659329	
0.758874	0.574388	0.465894	0.391656	0.789682	0.014436	0.482917	0.526062	0.057658	0.086783	0.277069	0.943159	0.152853	0.236945	0.535227	0.934733	0.745695	0.349947	0.422119	0.363736	0.977675	0.692857	0.338194	0.360559	0.210247	0.680708	0.074719	0.875754	0.712726	0.798852	0.008972	0.542053	0.242705	0.966256	0.633603	0.876625	0.708163	0.071869	0.788402	0.442208	0.879768	0.485965	0.746784	0.182060	0.474418	0.707462	0.714497	0.238057	0.141516	0.622026	
0.534304	0.386396	0.068133	0.288823	0.890692	0.855185	0.853948	0.724947	0.702869	0.060242	0.887919	0.660677	0.017219	0.559618	0.103047	0.933854	0.680295	0.879818	0.778514	0.604964	0.899673	0.439666	0.801298	0.354353	0.071620	0.681455	0.182298	0.561956	0.240867	0.358253	0.303218	0.981265	0.612356	0.731941	0.029725	0.060077	0.797054	0.683019	0.664356	0.102520	0.451967	0.695515	0.126106	0.833783	0.379045	0.710887	0.484142	0.665775	0.553236	0.487369	
0.734621	0.512358	0.047188	0.130026	0.232750	0.447520	0.016520	0.318983	0.400506	0.509599	0.344802	0.461813	0.912639	0.925443	0.525304	0.048835	0.960257	0.791599	0.756571	0.718989	0.154170	0.674038	0.309545	0.313316	0.145787	0.489602	0.043402	0.319533	0.079004	0.421915	0.657788	0.864232	0.031943	0.625491	0.577456	0.777834	0.510989	0.902316	0.444892	0.530585	0.038548	0.081268	0.971602	0.037991	0.645778	0.654914	0.930656	0.921611	0.174978	0.751111	
0.891582	0.484059	0.980817	0.223105	0.602007	0.016389	0.773876	0.722505	0.498459	0.796085	0.220403	0.447803	0.970146	0.113657	0.916516	0.897557	0.393714	0.210668	0.767990	0.800240	0.187462	0.010552	0.914286	0.706817	0.493554	0.556982	0.953901	0.865015	0.374199	0.069170	0.843441	0.098812	0.348342	0.611685	0.743254	0.486330	0.228554	0.892054	0.229940	0.555584	0.101774	0.437450	0.117350	0.979722	0.281138	0.782263	0.015619	0.361733	0.190556	0.480294	
0.385342	0.864525	0.463506	0.756735	0.355451	0.416939	0.424885	0.512900	0.156855	0.033784	0.541513	0.562571	0.697122	0.921093	0.897721	0.821488	0.368011	0.896959	0.442592	0.524962	0.966014	0.255268	0.796291	0.933134	0.260789	0.391138	0.782965	0.359434	0.878012	0.367766	0.681914	0.058796	0.875266	0.881441	0.609450	0.115902	0.348305	0.966363	0.139338	0.097743	0.866414	0.202430	0.442590	0.129467	0.842391	0.096335	0.686486	0.574230	0.110886	0.879610	
0.862074	0.295800	0.366683	0.354976	0.161659	0.906148	0.941599	0.677453	0.670442	0.704791	0.304152	0.037139	0.956257	0.552390	0.067039	0.787479	0.427512	0.139493	0.345441	0.300215	0.947187	0.535174	0.314942	0.272976	0.019547	0.498217	0.778893	0.314337	0.146724	0.802293	0.298726	0.142877	0.673051	0.520432	0.776838	0.525593	0.027011	0.612812	0.273394	0.327337	0.863555	0.616640	0.360910	0.377598	0.797702	0.721397	0.769663	0.822666	0.146643	0.461206	
0.163747	0.647506	0.047566	0.532711	0.146106	0.613901	0.685601	0.652108	0.161517	0.554145	0.209596	0.055648	0.139815	0.421972	0.221414	0.209939	0.869977	0.575918	0.117763	0.238504	0.968676	0.273528	0.082947	0.700788	0.955341	0.203684	0.530474	0.144195	0.137647	0.956747	0.449345	0.744221	0.024130	0.236865	0.428767	0.405761	0.327775	0.051720	0.604926	0.655185	0.007441	0.725204	0.118201	0.208204	0.435567	0.614909	0.331636	0.204234	0.679269	0.497660	
0.916468	0.505480	0.582711	0.654964	0.309708	0.747904	0.169018	0.855063	0.342508	0.543068	0.228218	0.662987	0.517106	0.915621	0.308320	0.304412	0.316702	0.469031	0.367091	0.087051	0.434144	0.993948	0.308064	0.890382	0.912278	0.428647	0.591426	0.700351	0.958854	0.304908	0.029253	0.491962	0.419211	0.245369	0.084988	0.463101	0.167375	0.122295	0.306059	0.126010	0.446127	0.358834	0.646291	0.146087	0.675158	0.872319	0.060315	0.050366	0.325275	0.265828	
0.628155	0.929395	0.185977	0.270968	0.064368	0.710374	0.951635	0.548049	0.128394	0.203071	0.145130	0.507962	0.439672	0.684970	0.854064	0.175209	0.679727	0.277749	0.156295	0.357740	0.945694	0.731158	0.137323	0.495255	0.973341	0.069268	0.773716	0.323916	0.135559	0.978335	0.959685	0.471841	0.258148	0.505115	0.298306	0.635106	0.930969	0.141330	0.645469	0.334008	0.334910	0.737282	0.980507	0.322014	0.070085	0.105688	0.453893	0.669181	0.327119	0.126484	
0.037151	0.869427	0.127852	0.036411	0.647341	0.392132	0.773696	0.090877	0.190613	0.870269	0.713240	0.290468	0.553487	0.879174	0.133945	0.506032	0.767247	0.139215	0.386215	0.668421	0.546047	0.015807	0.189968	0.073946	0.519575	0.641279	0.920172	0.399948	0.891395	0.354265	0.284780	0.196435	0.235755	0.947127	0.511277	0.655526	0.676102	0.377067	0.778016	0.246652	0.395228	0.530406	0.819677	0.789059	0.209476	0.736412	0.003621	0.546284	0.268498	0.861346	
0.108959	0.837098	0.188204	0.651132	0.665178	0.263810	0.785714	0.375806	0.724571	0.316463	0.308190	0.428304	0.985722	0.551187	0.467998	0.033994	0.929404	0.362019	0.085258	0.083828	0.910934	0.810841	0.141854	0.302038	0.351513	0.800472	0.671376	0.971513	0.203363	0.911317	0.935233	0.248318	0.816404	0.982245	0.623487	0.652097	0.413710	0.231068	0.649586	0.421990	0.151607	0.660803	0.451238	0.480080	0.155016	0.325962	0.336709	0.954886	0.184617	0.054775	
0.003203	0.342525	0.169811	0.972478	0.106700	0.820497	0.616930	0.081290	0.113616	0.722768	0.952767	0.358881	0.623010	0.442589	0.250898	0.615732	0.204236	0.671015	0.531851	0.193443	0.037961	0.896858	0.495240	0.723058	0.539518	0.877487	0.494556	0.781761	0.550135	0.925193	0.721714	0.055133	0.499182	0.299996	0.369642	0.669584	0.507379	0.062494	0.544590	0.611474	0.231378	0.576393	0.725329	0.843499	0.582504	0.076496	0.309617	0.230167	0.857778	0.839832	
0.023602	0.635022	0.075857	0.533599	0.483068	0.704554	0.634034	0.440379	0.639101	0.634827	0.052570	0.525822	0.842953	0.170986	0.286152	0.928151	0.520233	0.840734	0.260689	0.216537	0.519406	0.458202	0.202038	0.512804	0.182459	0.062743	0.858955	0.597216	0.344555	0.402639	0.779020	0.940461	0.893963	0.895344	0.155529	0.898408	0.032972	0.828376	0.255191	0.076148	0.488812	0.672678	0.727456	0.049675	0.038096	0.702718	0.783104	0.116370	0.424375	0.831718	
0.123595	0.254839	0.086737	0.391578	0.424395	0.779578	0.606617	0.260973	0.722150	0.406084	0.762962	0.577363	0.751981	0.223132	0.705448	0.756259	0.784976	0.985611	0.094312	0.213641	0.844914	0.431913	0.445474	0.785603	0.003534	0.927871	0.300489	0.312561	0.198967	0.228826	0.590543	0.733458	0.996183	0.247231	0.096257	0.609203	0.454090	0.392701	0.734003	0.067189	0.369991	0.504033	0.500294	0.722950	0.352287	0.603676	0.936862	0.318348	0.056202	0.023541	
0.026451	0.093630	0.673860	0.380106	0.664634	0.145399	0.442355	0.705105	0.466025	0.641910	0.379831	0.761142	0.582720	0.249738	0.645069	0.791382	0.906023	0.152062	0.371342	0.987745	0.979463	0.070601	0.782576	0.364467	0.203761	0.066913	0.251964	0.900286	0.907544	0.473606	0.423303	0.224133	0.150000	0.909209	0.908362	0.557318	0.030098	0.309643	0.403625	0.061274	0.680487	0.190979	0.956242	0.767134	0.241288	0.416399	0.505729	0.993918	0.016726	0.177070	
0.800081	0.812914	0.362307	0.642852	0.796666	0.373319	0.832314	0.409604	0.655562	0.652342	0.417479	0.561442	0.709273	0.578937	0.458487	0.651087	0.490395	0.088747	0.586557	0.618635	0.435725	0.860377	0.556250	0.056594	0.446719	0.108662	0.777677	0.787406	0.225464	0.212948	0.122351	0.942519	0.328036	0.465449	0.762864	0.297817	0.076036	0.466627	0.428174	0.844099	0.232157	0.739092	0.622865	0.496783	0.892842	0.532281	0.573766	0.627939	0.506066	0.816395	
0.177470	0.467519	0.272405	0.885794	0.457368	0.575473	0.682654	0.699359	0.841062	0.153849	0.905873	0.749096	0.160930	0.381441	0.470422	0.935926	0.312047	0.901399	0.337591	0.285031	0.517086	0.484484	0.175068	0.505259	0.379984	0.750034	0.345237	0.765496	0.876165	0.173163	0.344772	0.994480	0.512533	0.241271	0.683072	0.645084	0.386807	0.399897	0.313410	0.578005	0.564263	0.979252	0.827170	0.415667	0.891684	0.049923	0.697918	0.893275	0.940282	0.060576	
0.660850	0.823511	0.835227	0.609531	0.128563	0.842033	0.515577	0.602326	0.566032	0.046083	0.606822	0.694172	0.140409	0.515190	0.721994	0.704045	0.281426	0.430501	0.750963	0.265291	0.227569	0.572352	0.928608	0.085892	0.192670	0.952357	0.227981	0.104231	0.233977	0.449081	0.195188	0.338815	0.680681	0.593267	0.809348	0.311171	0.965881	0.780062	0.058201	0.389130	0.997929	0.050363	0.988015	0.594301	0.774016	0.177963	0.196508	0.445818	0.286094	0.308834	
0.897642	0.132358	0.503528	0.758013	0.778374	0.812600	0.488629	0.002214	0.017557	0.698637	0.639898	0.760777	0.393378	0.713595	0.245679	0.774914	0.642434	0.006845	0.819691	0.707690	0.912000	0.374368	0.383253	0.877274	0.973098	0.192384	0.452510	0.449401	0.159757	0.525361	0.185425	0.548757	0.207546	0.973820	0.320459	0.625302	0.201800	0.633088	0.376252	0.985864	0.086273	0.962345	0.131410	0.384671	0.574742	0.696603	0.210306	0.588025	0.800962	0.445089	
0.243355	0.353881	0.070061	0.030209	0.497331	0.795663	0.194322	0.122387	0.169754	0.616899	0.417090	0.504663	0.558862	0.045248	0.654534	0.481245	0.560727	0.343044	0.822095	0.077100	0.389327	0.903030	0.630771	0.909382	0.532475	0.545021	0.839783	0.576960	0.142373	0.758470	0.112544	0.694796	0.074841	0.304058	0.411094	0.216363	0.253921	0.384070	0.144810	0.685217	0.819733	0.626849	0.279923	0.058162	0.826017	0.219203	0.056347	0.611832	0.951839	0.028125	
0.297048	0.163353	0.363880	0.435661	0.840875	0.185974	0.351116	0.320124	0.016632	0.053335	0.194917	0.781211	0.186536	0.382453	0.308933	0.501306	0.655065	0.156949	0.212082	0.527635	0.713488	0.713564	0.526432	0.695643	0.411973	0.385714	0.021515	0.858155	0.559968	0.346425	0.651186	0.474881	0.512391	0.325197	0.224441	0.777430	0.566442	0.002533	0.524682	0.635939	0.447154	0.543546	0.188578	0.676719	0.642310	0.617447	0.870875	0.599748	0.724158	0.107738	
0.777777	0.886528	0.376163	0.437093	0.587237	0.837501	0.094685	0.503061	0.782749	0.031809	0.202924	0.718556	0.741583	0.457064	0.243249	0.414339	0.449971	0.365244	0.189928	0.726980	0.875368	0.811556	0.945528	0.253316	0.494397	0.153337	0.934381	0.771120	0.190197	0.141705	0.792987	0.454471	0.856911	0.069092	0.622053	0.824003	0.360553	0.467474	0.950177	0.034358	0.005915	0.141895	0.059589	0.616260	0.141198	0.683231	0.314008	0.177143	0.957418	0.217758	
0.042307	0.076891	0.677321	0.708941	0.265155	0.072072	0.930995	0.211367	0.126981	0.240369	0.585591	0.202365	0.061301	0.070518	0.625743	0.598189	0.330037	0.070910	0.219446	0.634856	0.523151	0.755672	0.920894	0.444729	0.794665	0.316055	0.608697	0.279855	0.897927	0.688718	0.638649	0.191721	0.961988	0.976044	0.042482	0.666035	0.317827	0.019779	0.388746	0.286597	0.149606	0.563667	0.121071	0.428302	0.193896	0.542668	0.403927	0.801231	0.997019	0.547348	
0.388175	0.605135	0.635090	0.944723	0.089422	0.207247	0.833971	0.997331	0.614437	0.974039	0.542652	0.640878	0.251095	0.312494	0.219385	0.287616	0.073225	0.313562	0.517665	0.732151	0.489605	0.846114	0.710314	0.278618	0.269078	0.133084	0.769364	0.758309	0.216072	0.268574	0.930644	0.043016	0.448941	0.712184	0.614863	0.573693	0.383735	0.428044	0.263253	0.418799	0.959320	0.344060	0.325846	0.749144	0.173172	0.977375	0.573908	0.107685	0.376969	0.989456	
0.264205	0.096300	0.982957	0.741987	0.231007	0.778540	0.712670	0.919011	0.224969	0.580434	0.685872	0.501957	0.578199	0.282629	0.429510	0.947000	0.835234	0.341654	0.567644	0.064400	0.244428	0.988977	0.965540	0.995613	0.576142	0.588650	0.133855	0.521795	0.700249	0.667223	0.076510	0.823474	0.657522	0.729934	0.248769	0.023816	0.637273	0.450295	0.920781	0.793323	0.021955	0.758938	0.472580	0.867865	0.085158	0.302588	0.149310	0.073411	0.291190	0.031998	
0.597679	0.033155	0.068608	0.837766	0.929358	0.486313	0.013062	0.107124	0.525985	0.658471	0.510077	0.772810	0.087120	0.466219	0.649567	0.918269	0.554032	0.482199	0.434874	0.612029	0.951053	0.315546	0.343593	0.449756	0.397659	0.480720	0.069286	0.567123	0.099752	0.534716	0.531560	0.996565	0.404408	0.708232	0.798728	0.203515	0.418603	0.713896	0.941730	0.631774	0.271879	0.247125	0.366025	0.497570	0.847590	0.215097	0.485270	0.464742	0.690426	0.728961	
0.493235	0.238936	0.451536	0.674035	0.116484	0.732655	0.418304	0.729526	0.794028	0.250106	0.259383	0.020768	0.676866	0.634332	0.658483	0.856447	0.295768	0.063557	0.048215	0.140571	0.043401	0.553061	0.853006	0.246033	0.509684	0.288653	0.961343	0.513719	0.794930	0.005500	0.511344	0.605131	0.957330	0.554416	0.406280	0.170243	0.568213	0.911385	0.005891	0.068254	0.653557	0.284641	0.666327	0.253108	0.946412	0.914670	0.120555	0.264868	0.188490	0.083431	
0.514271	0.044450	0.976978	0.503704	0.113253	0.498444	0.928864	0.381711	0.581446	0.056448	0.893427	0.985614	0.490920	0.091868	0.069765	0.274180	0.428973	0.666520	0.274465	0.388820	0.742182	0.154530	0.670350	0.266237	0.171060	0.779654	0.293804	0.078470	0.015749	0.464135	0.345637	0.669550	0.056945	0.180560	0.506294	0.719129	0.456645	0.919522	0.409900	0.378791	0.508444	0.645447	0.923713	0.586973	0.894254	0.024975	0.789423	0.014500	0.030596	0.177778	
0.764441	0.785366	0.770567	0.348081	0.890646	0.761427	0.885317	0.201339	0.130790	0.748491	0.839420	0.264934	0.467992	0.475211	0.474495	0.035478	0.549897	0.460022	0.525732	0.500931	0.534975	0.815468	0.669232	0.229321	0.805119	0.825065	0.751279	0.273383	0.369433	0.717859	0.401584	0.082864	0.574182	0.271946	0.350989	0.516292	0.035235	0.306255	0.348568	0.504488	0.513388	0.798227	0.419552	0.483939	0.820204	0.632914	0.955135	0.173269	0.258663	0.629231	
0.218092	0.495615	0.477283	0.957794	0.337446	0.979538	0.791835	0.115502	0.849374	0.000373	0.801239	0.891366	0.349064	0.285691	0.509851	0.217379	0.060445	0.981270	0.514864	0.363579	0.401347	0.703144	0.120881	0.404569	0.418086	0.639833	0.038228	0.975699	0.595835	0.995019	0.176312	0.833628	0.925392	0.774485	0.753963	0.292565	0.481181	0.348491	0.814355	0.572317	0.158002	0.451766	0.743349	0.583522	0.688855	0.444870	0.790939	0.101924	0.093397	0.156587	
0.014474	0.002669	0.444862	0.097716	0.104221	0.491658	0.882182	0.458453	0.370888	0.964716	0.620516	0.924910	0.688084	0.127787	0.903244	0.628840	0.733528	0.413372	0.982670	0.437607	0.181121	0.349114	0.872689	0.688835	0.849542	0.303320	0.063137	0.881514	0.255064	0.532702	0.293677	0.076026	0.793052	0.205595	0.000487	0.862613	0.572467	0.244912	0.019294	0.688734	0.587298	0.338894	0.220285	0.401657	0.229710	0.633657	0.095901	0.550591	0.199081	0.664676	
0.399387	0.381176	0.739016	0.417011	0.559835	0.627145	0.097799	0.797569	0.186447	0.793432	0.133585	0.939543	0.136772	0.118440	0.246319	0.535421	0.310404	0.617561	0.542685	0.807729	0.140316	0.249654	0.400913	0.556198	0.246448	0.003516	0.776719	0.609519	0.433193	0.249344	0.511074	0.325219	0.701363	0.870897	0.977351	0.346569	0.113499	0.355781	0.643445	0.101771	0.261609	0.269926	0.048347	0.951820	0.607403	0.161053	0.985930	0.939954	0.429051	0.931342	
0.489477	0.524068	0.874134	0.117388	0.791827	0.407472	0.324447	0.091765	0.556843	0.854335	0.244748	0.282723	0.501659	0.917971	0.033528	0.337111	0.127224	0.125981	0.741027	0.518936	0.462528	0.586291	0.603806	0.159769	0.721640	0.324895	0.029491	0.197066	0.830295	0.461860	0.964350	0.386827	0.660151	0.092931	0.756176	0.934033	0.538276	0.005679	0.198379	0.302731	0.179552	0.886407	0.235244	0.740193	0.198510	0.929361	0.001025	0.254434	0.828996	0.062353	
0.959233	0.803876	0.516710	0.639592	0.975003	0.635107	0.569949	0.363598	0.604987	0.870732	0.305845	0.966357	0.116282	0.968045	0.568157	0.530450	0.026784	0.024900	0.143882	0.258582	0.606814	0.273441	0.415204	0.981957	0.740831	0.823688	0.652783	0.353545	0.010837	0.714343	0.351987	0.106385	0.579120	0.922264	0.795776	0.841888	0.074536	0.579354	0.752367	0.509930	0.414000	0.539873	0.123664	0.835848	0.215007	0.713496	0.794984	0.945765	0.951166	0.097106	
0.048876	0.149533	0.054323	0.613151	0.290198	0.299888	0.456699	0.770981	0.733179	0.714864	0.157019	0.515181	0.248241	0.326107	0.328976	0.946349	0.362208	0.501263	0.824768	0.223220	0.237494	0.819164	0.362870	0.274556	0.196973	0.044236	0.417780	0.305995	0.020363	0.865427	0.055316	0.727191	0.907657	0.834053	0.342868	0.847391	0.580382	0.274555	0.256700	0.039300	0.538532	0.807665	0.642952	0.622332	0.745763	0.012655	0.299534	0.218602	0.968300	0.939616	
0.109929	0.891530	0.453562	0.633561	0.715197	0.163935	0.756397	0.210039	0.085261	0.062664	0.320130	0.632103	0.815164	0.826856	0.903360	0.094632	0.553479	0.703599	0.152247	0.717304	0.010021	0.121171	0.852840	0.165767	0.163582	0.769125	0.303750	0.103377	0.251932	0.902379	0.696705	0.168580	0.983172	0.257226	0.209339	0.002862	0.855769	0.985778	0.455245	0.646710	0.379977	0.102539	0.817063	0.802642	0.136149	0.224286	0.702032	0.083038	0.265045	0.820624	
0.314794	0.693744	0.947520	0.879172	0.831067	0.021592	0.941717	0.894771	0.330047	0.827774	0.402434	0.299050	0.444927	0.789671	0.722353	0.184357	0.433781	0.207710	0.557622	0.784066	0.612765	0.599733	0.929789	0.313262	0.191917	0.726032	0.193098	0.698818	0.407171	0.347998	0.098784	0.166670	0.410455	0.913866	0.461263	0.356766	0.503590	0.628511	0.451003	0.693214	0.082811	0.237272	0.444329	0.913933	0.424579	0.981023	0.794286	0.055929	0.522074	0.172818	
0.667727	0.057366	0.486083	0.604694	0.627651	0.580005	0.717155	0.986370	0.753367	0.012983	0.162235	0.701309	0.141700	0.161262	0.727032	0.647111	0.863664	0.566075	0.390355	0.286832	0.468678	0.728468	0.684114	0.347316	0.615142	0.615426	0.354306	0.733898	0.073972	0.159779	0.229240	0.195764	0.511368	0.442650	0.932609	0.919730	0.596318	0.587120	0.363037	0.717912	0.294736	0.755556	0.650073	0.145047	0.384615	0.525050	0.111716	0.706759	0.482653	0.524807	
0.878891	0.816549	0.092735	0.755641	0.338106	0.433950	0.806892	0.281882	0.678961	0.181010	0.731755	0.677432	0.426874	0.466555	0.533600	0.324790	0.435899	0.887700	0.545009	0.984405	0.116895	0.515955	0.607862	0.380751	0.224767	0.350399	0.267821	0.799994	0.412022	0.604223	0.257911	0.358113	0.070353	0.222444	0.889154	0.498476	0.625204	0.929836	0.812269	0.519888	0.872348	0.993559	0.898119	0.834865	0.060101	0.255763	0.368101	0.011823	0.859689	0.053816	
0.441115	0.754892	0.566723	0.299385	0.995315	0.416029	0.689561	0.007831	0.203140	0.897821	0.281784	0.581253	0.767460	0.088339	0.827343	0.375993	0.694446	0.334777	0.815613	0.640161	0.453436	0.678590	0.465777	0.730677	0.529117	0.932158	0.782082	0.460786	0.106487	0.176692	0.691279	0.202288	0.683570	0.646894	0.171227	0.310111	0.343246	0.767660	0.675122	0.477940	0.126835	0.015141	0.923509	0.458460	0.025051	0.963826	0.187837	0.102056	0.703178	0.370590	
0.036006	0.499069	0.669403	0.188275	0.765066	0.548765	0.076313	0.800819	0.039832	0.029818	0.894431	0.781214	0.159757	0.953675	0.632221	0.737341	0.004967	0.047480	0.503139	0.018895	0.901970	0.160106	0.131566	0.978105	0.220203	0.236281	0.001567	0.196902	0.900766	0.024259	0.474841	0.201215	0.998009	0.154178	0.484449	0.769353	0.740733	0.364701	0.890384	0.043696	0.350728	0.225221	0.297472	0.513618	0.572699	0.731225	0.299477	0.527349	0.181134	0.798634	
0.854599	0.052002	0.497446	0.467630	0.759508	0.498417	0.791303	0.462530	0.145760	0.287014	0.514026	0.765999	0.950680	0.110988	0.974875	0.797397	0.477610	0.424806	0.266101	0.362885	0.403762	0.135845	0.584940	0.283841	0.574523	0.449159	0.589095	0.902051	0.508507	0.671589	0.922662	0.312855	0.318385	0.375327	0.630097	0.610095	0.599514	0.228925	0.344315	0.915154	0.083622	0.007387	0.579472	0.212492	0.922477	0.571359	0.353068	0.245411	0.621875	0.255939	
0.358950	0.285832	0.611974	0.142918	0.027524	0.875127	0.422385	0.783864	0.791952	0.089835	0.880438	0.559568	0.545409	0.904958	0.425717	0.419256	0.026932	0.743131	0.219845	0.595195	0.944121	0.358514	0.352835	0.368364	0.138734	0.859216	0.119394	0.252677	0.223763	0.832087	0.318533	0.434147	0.956431	0.984371	0.063326	0.423643	0.049887	0.373953	0.924535	0.547508	0.200516	0.082441	0.825508	0.984713	0.492753	0.698752	0.068142	0.156751	0.310175	0.200848	
0.720687	0.380948	0.406649	0.173296	0.497218	0.394454	0.127528	0.017643	0.812012	0.002308	0.819155	0.116051	0.833957	0.911871	0.413923	0.517633	0.737211	0.905184	0.653482	0.475045	0.799283	0.848433	0.346393	0.879847	0.868432	0.463171	0.583213	0.574885	0.852023	0.561303	0.599474	0.400556	0.977517	0.480545	0.384219	0.781699	0.825088	0.110313	0.496208	0.329888	0.872313	0.052228	0.372280	0.872697	0.113868	0.490250	0.512936	0.050028	0.196546	0.121453	
0.486162	0.764266	0.533283	0.482732	0.864738	0.394132	0.605678	0.192578	0.073472	0.202263	0.499276	0.900683	0.583319	0.502666	0.481283	0.360629	0.527270	0.278696	0.999474	0.090045	0.574048	0.601264	0.930536	0.157686	0.859117	0.191348	0.052461	0.370606	0.042742	0.415644	0.497390	0.491470	0.901168	0.085214	0.531595	0.764854	0.659436	0.285371	0.159959	0.593980	0.803005	0.377470	0.877359	0.491245	0.621347	0.444126	0.683161	0.143398	0.705763	0.484971	

Printing Matrix B
0.080011	0.505045	0.063221	0.519607	0.875613	0.598912	0.775330	0.756673	0.245256	0.310434	0.579490	0.702931	0.906211	0.237840	0.073388	0.945296	0.033582	0.858275	0.062424	0.612443	0.997913	0.708481	0.184178	0.615181	0.467279	0.552584	0.731749	0.079805	0.367935	0.174505	0.852425	0.594722	0.570141	0.982811	0.830878	0.570602	0.806609	0.602035	0.744238	0.420221	0.142831	0.258287	0.228321	0.512539	0.655738	0.037578	0.806844	0.394170	0.085296	0.009550	
0.972236	0.744966	0.859235	0.769631	0.564217	0.814990	0.162657	0.581627	0.411369	0.987233	0.781210	0.575269	0.657111	0.965039	0.346420	0.658582	0.554741	0.097500	0.750550	0.017449	0.056984	0.021814	0.905716	0.610618	0.697607	0.384191	0.622662	0.066871	0.928899	0.022181	0.006498	0.593975	0.084312	0.975215	0.558607	0.149628	0.825104	0.835232	0.774884	0.047905	0.043701	0.951308	0.391555	0.946137	0.050088	0.595773	0.649081	0.617825	0.881223	0.568255	
0.585704	0.055421	0.889326	0.141628	0.336503	0.136701	0.621629	0.046567	0.106187	0.333638	0.961022	0.212861	0.119159	0.343496	0.423725	0.440213	0.629635	0.420238	0.386288	0.183171	0.751399	0.102994	0.407880	0.386212	0.142266	0.670343	0.649262	0.713390	0.713890	0.768804	0.968637	0.147045	0.704652	0.117233	0.129148	0.813731	0.620275	0.253576	0.066287	0.542223	0.359639	0.311840	0.095770	0.777322	0.082116	0.947274	0.755144	0.649026	0.661602	0.550736	
0.066662	0.671298	0.281192	0.715093	0.564662	0.556031	0.469882	0.933202	0.893101	0.375311	0.256651	0.025970	0.416904	0.471591	0.441255	0.869256	0.386794	0.194855	0.465427	0.015465	0.167263	0.954390	0.439367	0.202796	0.598116	0.307685	0.900692	0.866562	0.008651	0.396102	0.360481	0.957823	0.805911	0.415262	0.062625	0.301427	0.002224	0.867033	0.143409	0.774059	0.647935	0.596292	0.415399	0.866223	0.801007	0.873957	0.527682	0.908764	0.984458	0.604932	
0.754753	0.276972	0.162176	0.198568	0.213833	0.047109	0.054371	0.410395	0.106255	0.893821	0.538943	0.068751	0.599558	0.400219	0.301540	0.631100	0.911510	0.813271	0.052075	0.379270	0.984466	0.127677	0.069781	0.508607	0.814690	0.083298	0.170206	0.420258	0.129563	0.353780	0.825627	0.487397	0.892951	0.810823	0.312506	0.210935	0.616472	0.335809	0.876683	0.862289	0.246845	0.045007	0.097635	0.186815	0.285742	0.658302	0.525475	0.848506	0.446368	0.363453	
0.849422	0.055846	0.912999	0.152147	0.236072	0.481056	0.960022	0.899967	0.991327	0.284857	0.627378	0.388438	0.088859	0.571280	0.896273	0.294101	0.509120	0.211589	0.741603	0.211801	0.378171	0.460591	0.218920	0.395852	0.447341	0.487316	0.623867	0.227573	0.112699	0.247953	0.733585	0.754667	0.892000	0.664824	0.329991	0.611277	0.569482	0.046357	0.432427	0.998649	0.122916	0.954487	0.361719	0.459510	0.980912	0.483390	0.249515	0.957202	0.204313	0.775119	
0.498651	0.242467	0.458265	0.856536	0.731032	0.770460	0.341150	0.600732	0.907007	0.177287	0.767704	0.602416	0.898734	0.158735	0.181644	0.637351	0.320250	0.748428	0.168642	0.669206	0.460149	0.753621	0.164613	0.504168	0.414595	0.959539	0.342132	0.199518	0.121574	0.343914	0.292106	0.983512	0.861083	0.390871	0.336905	0.929398	0.499743	0.598352	0.037372	0.735976	0.783974	0.634266	0.257471	0.366973	0.192036	0.682262	0.692152	0.096498	0.397716	0.582960	
0.547446	0.531674	0.195378	0.711544	0.232546	0.684717	0.143035	0.142626	0.152766	0.779551	0.220486	0.828944	0.127588	0.465874	0.412812	0.259925	0.561193	0.007445	0.921625	0.989321	0.166509	0.170690	0.993021	0.710051	0.822916	0.490589	0.951416	0.956041	0.244976	0.604308	0.470750	0.618045	0.655831	0.788513	0.344480	0.731626	0.451872	0.820534	0.215632	0.590679	0.020187	0.081950	0.400802	0.050606	0.459906	0.303566	0.519147	0.962598	0.547102	0.752433	
0.528945	0.402571	0.386375	0.425709	0.753689	0.640555	0.097657	0.745479	0.760496	0.144237	0.450999	0.151059	0.369414	0.145123	0.864769	0.808098	0.381616	0.374531	0.433773	0.369997	0.816629	0.961339	0.733057	0.412745	0.502902	0.713957	0.004785	0.924047	0.978672	0.290714	0.966727	0.237154	0.309480	0.116333	0.411925	0.930716	0.496882	0.142839	0.598872	0.723494	0.112566	0.055675	0.302465	0.491549	0.048892	0.124578	0.881075	0.363961	0.973418	0.933809	
0.966624	0.613896	0.756580	0.693446	0.312319	0.457225	0.854390	0.542235	0.492621	0.437992	0.816047	0.557132	0.924303	0.887678	0.401387	0.283063	0.686013	0.831517	0.653695	0.798044	0.941902	0.390899	0.768168	0.953146	0.966918	0.802302	0.953709	0.480087	0.280527	0.775733	0.189253	0.049925	0.955755	0.317858	0.406403	0.575464	0.371170	0.144596	0.899497	0.400127	0.488881	0.649379	0.561864	0.320602	0.497232	0.524305	0.155131	0.561752	0.455671	0.720336	
0.995512	0.210379	0.262163	0.506021	0.452718	0.028074	0.108578	0.384189	0.806920	0.512833	0.801126	0.990638	0.611368	0.067143	0.432000	0.929113	0.083279	0.794194	0.494469	0.507101	0.206364	0.888787	0.212627	0.985384	0.977767	0.323699	0.535356	0.735150	0.866726	0.213763	0.589772	0.726238	0.282369	0.018492	0.820648	0.724025	0.060767	0.341953	0.885788	0.292941	0.825554	0.642448	0.930976	0.507634	0.179890	0.096429	0.864273	0.442714	0.343099	0.923481	
0.986799	0.190758	0.260318	0.320961	0.860047	0.009660	0.230541	0.046511	0.029705	0.959220	0.275542	0.979258	0.878315	0.286458	0.883178	0.385160	0.857445	0.917543	0.108629	0.263868	0.852405	0.654277	0.925636	0.244464	0.254933	0.164937	0.259332	0.670289	0.566167	0.359061	0.166686	0.319322	0.320139	0.141893	0.475369	0.397443	0.679290	0.410721	0.752508	0.560267	0.858869	0.537915	0.869400	0.255848	0.164951	0.884912	0.359130	0.355767	0.441099	0.108036	
0.903421	0.244243	0.557200	0.187637	0.310149	0.317149	0.473109	0.287219	0.063267	0.778075	0.157977	0.559854	0.867221	0.196375	0.413281	0.224788	0.809891	0.899414	0.123995	0.676799	0.834955	0.603163	0.849011	0.650572	0.433450	0.140497	0.091634	0.108533	0.615972	0.267174	0.609320	0.345956	0.960993	0.786302	0.332420	0.519132	0.457048	0.475438	0.012677	0.218338	0.554657	0.037554	0.059185	0.605145	0.450995	0.704411	0.364282	0.479526	0.295735	0.410263	
0.728929	0.795530	0.051690	0.492036	0.396978	0.510495	0.069209	0.597926	0.694135	0.803551	0.075390	0.205445	0.558328	0.764947	0.950798	0.482219	0.104604	0.865704	0.548716	0.220663	0.068114	0.897329	0.279206	0.265717	0.698326	0.118471	0.577230	0.213388	0.008887	0.989623	0.153544	0.639411	0.749590	0.414443	0.862855	0.244001	0.366263	0.068292	0.636584	0.618811	0.403277	0.108626	0.061198	0.116066	0.300349	0.029770	0.577530	0.712041	0.174296	0.625426	
0.761589	0.968120	0.010756	0.773322	0.370420	0.982251	0.129414	0.754203	0.412891	0.260698	0.975957	0.167133	0.959649	0.880606	0.005658	0.171095	0.375458	0.895100	0.175627	0.033556	0.060554	0.319743	0.106684	0.380581	0.944215	0.232815	0.931747	0.473659	0.279122	0.025340	0.860297	0.052027	0.335650	0.621970	0.615548	0.057324	0.671332	0.866070	0.451013	0.297591	0.887930	0.315400	0.930354	0.711072	0.143324	0.494256	0.932847	0.239376	0.493411	0.779775	
0.516872	0.785061	0.214165	0.966219	0.897783	0.060406	0.794216	0.605391	0.164866	0.934047	0.052875	0.311810	0.974587	0.254220	0.412533	0.576957	0.871093	0.117608	0.013150	0.750435	0.347638	0.696647	0.186648	0.866425	0.618501	0.659703	0.228776	0.657097	0.522700	0.671361	0.945311	0.864637	0.610337	0.901662	0.066073	0.534421	0.462939	0.555565	0.533106	0.001100	0.222462	0.822983	0.632316	0.654601	0.391397	0.090249	0.574280	0.153113	0.937131	0.808104	
0.706872	0.416914	0.573594	0.819397	0.394468	0.258307	0.481300	0.068167	0.561370	0.268632	0.048730	0.289476	0.313767	0.807627	0.497364	0.254101	0.958257	0.374046	0.643493	0.638551	0.013940	0.654891	0.978148	0.608855	0.445826	0.492285	0.236368	0.117566	0.224350	0.801032	0.540925	0.925949	0.726148	0.031033	0.493439	0.407603	0.566442	0.002619	0.785552	0.084107	0.488961	0.725933	0.358154	0.275464	0.768692	0.304218	0.131630	0.808799	0.530163	0.227420	
0.509415	0.530980	0.697516	0.620447	0.145073	0.714445	0.280947	0.359363	0.283878	0.221605	0.711324	0.362187	0.755990	0.700731	0.010818	0.309754	0.563173	0.596090	0.374333	0.743757	0.921091	0.153441	0.898581	0.841138	0.147631	0.235029	0.588565	0.701908	0.768202	0.630707	0.330790	0.299254	0.781195	0.154652	0.111881	0.674935	0.356610	0.235010	0.341180	0.437650	0.138891	0.347767	0.269894	0.072011	0.452314	0.817117	0.643179	0.677066	0.011714	0.579903	
0.730126	0.156568	0.083215	0.341928	0.467726	0.913206	0.452256	0.334073	0.310648	0.760247	0.108802	0.546065	0.693733	0.176356	0.054850	0.829043	0.011098	0.871713	0.377188	0.518707	0.993218	0.451530	0.692886	0.167624	0.191687	0.766496	0.505234	0.052470	0.535693	0.904415	0.985086	0.375519	0.719069	0.090496	0.460872	0.941170	0.041116	0.899565	0.178304	0.737537	0.995060	0.670480	0.816594	0.699261	0.951776	0.942829	0.337134	0.933045	0.565579	0.152459	
0.632744	0.480542	0.486330	0.407862	0.447295	0.034625	0.649432	0.942649	0.428055	0.818312	0.245586	0.316693	0.079489	0.638923	0.273279	0.671520	0.885011	0.579883	0.532168	0.035976	0.133144	0.421818	0.775706	0.248601	0.006377	0.583592	0.828055	0.834684	0.150024	0.552613	0.264988	0.329326	0.376194	0.521342	0.896954	0.887825	0.627919	0.812673	0.674110	0.607386	0.128187	0.932451	0.091264	0.863786	0.240741	0.664592	0.640532	0.655729	0.903127	0.925088	
0.734388	0.830179	0.122556	0.765932	0.704126	0.477153	0.564297	0.788556	0.176738	0.896850	0.068741	0.923208	0.555360	0.725999	0.756007	0.258568	0.464001	0.852702	0.731598	0.383224	0.991953	0.268038	0.269981	0.211812	0.708936	0.864198	0.670104	0.486949	0.366343	0.683951	0.864035	0.612746	0.031266	0.914593	0.084083	0.198589	0.158193	0.632287	0.523221	0.874893	0.952761	0.009834	0.526498	0.848330	0.709731	0.015192	0.474800	0.901802	0.093387	0.268930	
0.114212	0.253507	0.934146	0.700579	0.729893	0.689525	0.314564	0.305519	0.196142	0.733904	0.686130	0.479639	0.377035	0.666996	0.197836	0.647892	0.403445	0.584452	0.787193	0.794959	0.860504	0.199739	0.183843	0.016130	0.659107	0.285857	0.499131	0.506167	0.146936	0.346587	0.109088	0.656819	0.895879	0.850125	0.526303	0.200157	0.129568	0.561875	0.905155	0.693395	0.328040	0.909500	0.744748	0.703336	0.588829	0.236456	0.044403	0.210451	0.134547	0.623354	
0.705660	0.047656	0.223408	0.148638	0.187537	0.692826	0.821285	0.342747	0.017992	0.457716	0.096006	0.304739	0.587448	0.080691	0.575766	0.382844	0.527556	0.116653	0.040032	0.879526	0.107324	0.743145	0.174678	0.494640	0.131975	0.799492	0.646529	0.368390	0.619422	0.955971	0.153126	0.476614	0.769316	0.431645	0.858558	0.036916	0.883523	0.894489	0.865954	0.250871	0.341486	0.225911	0.154594	0.221992	0.043382	0.969204	0.516778	0.877189	0.039084	0.095442	
0.620005	0.863523	0.912420	0.561729	0.147143	0.776303	0.862963	0.476645	0.596515	0.791573	0.876600	0.836406	0.206595	0.679472	0.022429	0.143321	0.907272	0.145961	0.764857	0.598065	0.520290	0.400629	0.376582	0.400811	0.575910	0.612995	0.953162	0.845888	0.162996	0.405436	0.300274	0.827858	0.555602	0.027237	0.681510	0.232459	0.999670	0.585054	0.510362	0.349350	0.178249	0.538783	0.411746	0.291167	0.910032	0.760167	0.245360	0.417852	0.561845	0.121421	
0.070390	0.445155	0.986969	0.446313	0.016073	0.583604	0.758008	0.325733	0.507058	0.744496	0.313502	0.627396	0.092689	0.359824	0.490336	0.897889	0.835126	0.630787	0.373253	0.319426	0.872763	0.583649	0.025417	0.800525	0.526281	0.949565	0.049684	0.398646	0.622208	0.796907	0.239715	0.673271	0.037840	0.896936	0.381158	0.800421	0.119393	0.884692	0.293452	0.677284	0.230238	0.659516	0.203809	0.422296	0.816632	0.938561	0.913998	0.131188	0.915890	0.362932	
0.244487	0.550969	0.547423	0.508690	0.120878	0.660607	0.812823	0.631039	0.378285	0.842650	0.272537	0.251265	0.393043	0.138374	0.410578	0.605981	0.664660	0.018945	0.592610	0.052957	0.713609	0.064604	0.033688	0.543065	0.748978	0.606891	0.166925	0.208050	0.240608	0.868900	0.847731	0.306252	0.631830	0.724473	0.852832	0.937929	0.490994	0.092874	0.698176	0.936656	0.021653	0.468669	0.401702	0.748546	0.023144	0.293496	0.092327	0.383265	0.924945	0.948599	
0.885169	0.344219	0.889061	0.900845	0.073031	0.034391	0.381048	0.283263	0.179780	0.425059	0.649256	0.073799	0.318304	0.465741	0.564803	0.021026	0.300867	0.826134	0.802337	0.777165	0.564481	0.970053	0.314617	0.728278	0.285125	0.697321	0.871893	0.675964	0.228184	0.433445	0.556044	0.242958	0.819716	0.046838	0.796072	0.497421	0.635560	0.306081	0.720790	0.444574	0.187696	0.940296	0.913014	0.249785	0.757964	0.934185	0.137702	0.170919	0.246235	0.579470	
0.041761	0.402860	0.544365	0.627498	0.743299	0.271071	0.213967	0.990583	0.827626	0.268179	0.923599	0.899599	0.379508	0.018719	0.288276	0.668050	0.675081	0.007358	0.779851	0.484601	0.706928	0.454146	0.967039	0.047875	0.685098	0.380256	0.518419	0.669999	0.350373	0.523670	0.286907	0.968686	0.262631	0.181434	0.610900	0.565633	0.421707	0.238721	0.464508	0.183411	0.602651	0.758303	0.843522	0.018998	0.117020	0.832545	0.734388	0.365915	0.777275	0.039502	
0.213383	0.706002	0.624914	0.023836	0.231320	0.239028	0.770915	0.955042	0.425633	0.808333	0.516707	0.946579	0.442110	0.248114	0.859842	0.607560	0.892751	0.708315	0.258285	0.607087	0.939399	0.323576	0.843445	0.324751	0.252657	0.811730	0.773962	0.020460	0.070802	0.435457	0.556190	0.003869	0.356578	0.966606	0.444336	0.104468	0.419808	0.094048	0.706662	0.532331	0.551883	0.728684	0.102369	0.541918	0.017718	0.103816	0.020391	0.022849	0.819869	0.991832	
0.563149	0.647939	0.524344	0.246209	0.160787	0.190327	0.122600	0.038516	0.668155	0.398141	0.557808	0.259780	0.609641	0.955168	0.272085	0.693715	0.043300	0.818190	0.083641	0.798650	0.842940	0.957098	0.907988	0.190509	0.576047	0.262015	0.090607	0.712055	0.804425	0.129759	0.614222	0.911744	0.165128	0.225166	0.794334	0.493197	0.012793	0.602813	0.445908	0.496924	0.381973	0.155811	0.280733	0.172829	0.535088	0.161668	0.126062	0.806832	0.803345	0.539959	
0.055815	0.234952	0.483450	0.989389	0.631088	0.951313	0.245251	0.485642	0.974989	0.611143	0.961059	0.659387	0.846222	0.378310	0.498218	0.247246	0.951424	0.622640	0.319964	0.364232	0.098342	0.964114	0.422670	0.869578	0.108227	0.907736	0.253531	0.156406	0.033342	0.749319	0.452984	0.085592	0.478764	0.839282	0.320261	0.749781	0.519060	0.762196	0.163652	0.339389	0.112494	0.341164	0.814248	0.465778	0.032286	0.379150	0.211662	0.889679	0.172974	0.489155	
0.932476	0.911838	0.952832	0.393266	0.305809	0.388362	0.979780	0.784329	0.227097	0.641618	0.465203	0.744653	0.485509	0.367292	0.363293	0.151718	0.095383	0.747304	0.737592	0.164698	0.873226	0.461704	0.282587	0.647035	0.496139	0.769066	0.309421	0.638208	0.148051	0.453413	0.861947	0.807112	0.668688	0.005545	0.694987	0.449681	0.723304	0.421219	0.157418	0.515575	0.356907	0.614900	0.798361	0.461257	0.258608	0.457756	0.519802	0.077886	0.819284	0.594770	
0.253674	0.082484	0.955835	0.982869	0.571958	0.766811	0.783085	0.595191	0.634819	0.527858	0.971119	0.013983	0.250481	0.679410	0.175299	0.584036	0.318630	0.405951	0.170224	0.387719	0.887264	0.671046	0.536241	0.251796	0.322686	0.064487	0.765268	0.784725	0.170338	0.085514	0.738315	0.774609	0.336070	0.331410	0.569381	0.248476	0.873659	0.126995	0.185759	0.580960	0.158445	0.802248	0.723916	0.939462	0.051108	0.239891	0.694526	0.846368	0.195060	0.536890	
0.896908	0.221086	0.704888	0.180467	0.726872	0.399090	0.406873	0.809030	0.788312	0.025044	0.773467	0.628843	0.279434	0.498588	0.652990	0.238936	0.820844	0.320464	0.808103	0.416378	0.262358	0.420292	0.016807	0.800021	0.977812	0.644540	0.089999	0.219271	0.748594	0.843928	0.753338	0.951481	0.542886	0.099914	0.772877	0.885963	0.331760	0.704467	0.535576	0.153687	0.329553	0.264668	0.071610	0.788986	0.201798	0.221788	0.715778	0.529317	0.445215	0.609652	
0.145523	0.253327	0.801870	0.825851	0.462282	0.850834	0.777764	0.211387	0.599441	0.669578	0.633286	0.756374	0.064636	0.607727	0.914922	0.727943	0.712994	0.537728	0.939064	0.852310	0.343116	0.193182	0.818646	0.970255	0.404942	0.219325	0.531199	0.387292	0.261390	0.105686	0.212398	0.236757	0.814899	0.440256	0.138064	0.155310	0.995709	0.602061	0.753060	0.232441	0.212150	0.196230	0.427464	0.339184	0.578541	0.865167	0.278498	0.716332	0.876410	0.847360	
0.449153	0.495655	0.351161	0.259217	0.670033	0.262223	0.943424	0.625532	0.041975	0.059743	0.409586	0.411456	0.026834	0.781481	0.284375	0.917718	0.631510	0.178390	0.511089	0.086891	0.929265	0.063304	0.807567	0.243578	0.653551	0.470058	0.228230	0.751221	0.009302	0.158308	0.161542	0.027204	0.489398	0.775722	0.643202	0.181608	0.211727	0.445156	0.933747	0.868836	0.992054	0.650436	0.220408	0.475349	0.934359	0.523386	0.709683	0.888953	0.756185	0.199568	
0.527289	0.971854	0.626088	0.758309	0.105745	0.147133	0.966039	0.318083	0.199226	0.416157	0.427089	0.229486	0.490134	0.335853	0.783115	0.645706	0.916598	0.049419	0.034571	0.102520	0.434874	0.238115	0.047222	0.587360	0.349630	0.380033	0.943059	0.913491	0.727958	0.679512	0.784766	0.821477	0.942779	0.244049	0.678626	0.117666	0.596223	0.514412	0.911979	0.889893	0.105288	0.038328	0.879445	0.481540	0.201164	0.118477	0.486272	0.687293	0.810851	0.406401	
0.277911	0.602976	0.879848	0.517579	0.219159	0.053436	0.677398	0.372794	0.043584	0.164246	0.015387	0.230678	0.222677	0.930710	0.849313	0.523005	0.861179	0.001357	0.243368	0.532855	0.926408	0.786975	0.678055	0.160649	0.014104	0.966388	0.607618	0.531150	0.115037	0.863823	0.798971	0.091574	0.512808	0.401178	0.611868	0.218704	0.520324	0.142082	0.165448	0.920019	0.627626	0.209043	0.083473	0.065539	0.202053	0.162860	0.316188	0.661175	0.347366	0.585172	
0.996386	0.497509	0.809555	0.715089	0.942323	0.154555	0.521514	0.805193	0.103791	0.803497	0.800094	0.306869	0.220792	0.945278	0.030398	0.527391	0.334327	0.543493	0.664491	0.118885	0.893689	0.176763	0.637039	0.020191	0.852689	0.046675	0.790046	0.769065	0.321589	0.578995	0.244793	0.378771	0.131285	0.723002	0.180846	0.402591	0.115328	0.489739	0.561311	0.493198	0.333618	0.066783	0.893418	0.134501	0.550191	0.566994	0.819881	0.374104	0.868030	0.746942	
0.938994	0.123411	0.728887	0.806690	0.123081	0.704198	0.839761	0.580363	0.606828	0.948187	0.428360	0.952003	0.460946	0.199406	0.423213	0.377852	0.095881	0.416530	0.114414	0.114966	0.523108	0.694193	0.590145	0.096049	0.989420	0.353992	0.559417	0.666021	0.632102	0.349339	0.811776	0.417523	0.228454	0.732425	0.057273	0.580362	0.666555	0.943251	0.549111	0.453673	0.083536	0.956311	0.113661	0.663315	0.487759	0.801079	0.739846	0.207191	0.052655	0.311168	
0.787007	0.690310	0.166085	0.710262	0.672861	0.253728	0.971601	0.399349	0.832371	0.831024	0.075319	0.619665	0.850705	0.783464	0.766472	0.013288	0.986162	0.007042	0.337160	0.867443	0.881239	0.766418	0.331211	0.938101	0.228432	0.483712	0.401228	0.118915	0.930233	0.155292	0.997011	0.250184	0.872179	0.135419	0.974530	0.219360	0.124034	0.708609	0.151545	0.618827	0.415835	0.683727	0.205916	0.068995	0.705021	0.832854	0.392867	0.685205	0.340264	0.474384	
0.823486	0.170563	0.679522	0.402765	0.525882	0.211044	0.124131	0.758780	0.697413	0.466196	0.052061	0.104467	0.382088	0.709973	0.610295	0.037147	0.878100	0.381301	0.086883	0.388689	0.805658	0.554483	0.494504	0.259836	0.141037	0.594352	0.025083	0.638025	0.488489	0.129523	0.532355	0.532565	0.374381	0.968077	0.697932	0.074029	0.956499	0.433378	0.941774	0.642920	0.419246	0.275908	0.936090	0.851500	0.261931	0.523363	0.147693	0.204741	0.969795	0.983338	
0.529584	0.171316	0.685878	0.937085	0.297908	0.710462	0.817277	0.161484	0.900304	0.177946	0.994006	0.956521	0.757238	0.663774	0.334080	0.394759	0.704478	0.349746	0.170770	0.018007	0.866837	0.185833	0.714839	0.437480	0.360299	0.777377	0.316735	0.496005	0.895160	0.801005	0.806890	0.092904	0.761839	0.901723	0.729482	0.401287	0.648198	0.280432	0.934436	0.978179	0.333338	0.649041	0.489455	0.724045	0.304826	0.613855	0.720814	0.623084	0.149409	0.415262	
0.444537	0.475209	0.403669	0.455771	0.473554	0.632841	0.189507	0.456965	0.426929	0.063576	0.706060	0.843471	0.384191	0.909528	0.991362	0.412491	0.141339	0.528634	0.643341	0.883114	0.418355	0.923786	0.797838	0.286823	0.561761	0.956522	0.027831	0.694696	0.266549	0.945622	0.929013	0.693810	0.245813	0.615362	0.206849	0.006049	0.014431	0.233066	0.310587	0.037036	0.870288	0.140169	0.793552	0.310141	0.439088	0.318012	0.613876	0.438454	0.234267	0.748843	
0.552292	0.066319	0.684728	0.378992	0.819273	0.867662	0.409587	0.587680	0.842696	0.263241	0.153584	0.649885	0.593076	0.627149	0.142155	0.268458	0.130885	0.261169	0.634162	0.810928	0.056190	0.142997	0.686421	0.668917	0.628498	0.810901	0.513411	0.549543	0.549125	0.933830	0.552685	0.385725	0.537065	0.499183	0.287056	0.624663	0.988701	0.809023	0.498337	0.204240	0.410098	0.908917	0.475927	0.029996	0.635152	0.716331	0.166113	0.871407	0.748951	0.874406	
0.680702	0.379252	0.266729	0.344525	0.666215	0.891901	0.563906	0.999822	0.259279	0.064883	0.993644	0.082268	0.883270	0.862935	0.324265	0.668228	0.236410	0.674370	0.235755	0.268205	0.567660	0.978282	0.960925	0.171398	0.007923	0.114634	0.017495	0.161324	0.150576	0.532987	0.761600	0.479808	0.248694	0.501148	0.173073	0.386418	0.929459	0.872298	0.342805	0.110587	0.279977	0.352295	0.422123	0.198238	0.537877	0.047540	0.932440	0.297486	0.681527	0.665583	
0.567987	0.595332	0.416702	0.387830	0.511326	0.110236	0.723638	0.088776	0.976149	0.718459	0.018240	0.813502	0.293348	0.131814	0.909622	0.829474	0.849399	0.975056	0.892436	0.025609	0.861302	0.195066	0.598375	0.730700	0.570856	0.088549	0.215159	0.539775	0.013039	0.483381	0.468986	0.400271	0.737661	0.584486	0.738212	0.033860	0.745940	0.184454	0.512767	0.918838	0.364313	0.672718	0.909438	0.087978	0.884082	0.845139	0.884214	0.671453	0.620738	0.251972	
0.866034	0.958464	0.514757	0.956289	0.058072	0.111146	0.882514	0.001857	0.996356	0.714429	0.661195	0.233505	0.804979	0.167284	0.160898	0.784666	0.705088	0.638906	0.886049	0.247368	0.470321	0.366506	0.142378	0.144787	0.458199	0.019171	0.418784	0.664803	0.157635	0.649480	0.251343	0.345465	0.177277	0.176275	0.579566	0.007447	0.782158	0.402722	0.742317	0.063269	0.406724	0.319910	0.335118	0.049272	0.816799	0.811286	0.132898	0.024573	0.141121	0.373501	
0.624492	0.770574	0.754901	0.331185	0.720804	0.697734	0.476895	0.953036	0.002356	0.304765	0.701059	0.887298	0.272801	0.144132	0.112719	0.134610	0.898581	0.143860	0.078479	0.150700	0.869499	0.926811	0.866076	0.158406	0.882154	0.687587	0.579222	0.417171	0.486756	0.265946	0.078936	0.336685	0.305740	0.630999	0.955590	0.183502	0.630132	0.171482	0.990159	0.364640	0.793059	0.455527	0.627113	0.224304	0.434000	0.713343	0.890806	0.490454	0.530573	0.580765	
0.903151	0.311251	0.874579	0.029491	0.812620	0.737051	0.446359	0.977959	0.065276	0.187340	0.692513	0.012212	0.950711	0.779864	0.624119	0.967446	0.124895	0.060554	0.761429	0.864212	0.484177	0.179727	0.793842	0.004008	0.359948	0.358393	0.092031	0.635779	0.873272	0.524025	0.776273	0.024661	0.770167	0.900642	0.175259	0.105644	0.366117	0.589972	0.443056	0.019076	0.785328	0.855466	0.748075	0.920101	0.906889	0.118737	0.935596	0.584329	0.228612	0.237358	

Printing Matrix C
14.407188	11.287083	13.450149	13.836021	12.112415	12.303297	13.609540	13.486659	11.585750	13.091297	12.965122	11.883491	12.117687	12.617570	11.587704	12.878964	14.604629	10.964029	10.851237	10.002871	15.072704	11.427231	12.828195	10.789439	12.239761	12.527822	12.001825	13.575140	10.118027	12.590285	14.042771	12.050778	12.919133	13.918709	11.901591	10.434751	13.941658	12.314025	13.938467	13.664741	9.727416	11.093809	12.124508	11.817577	10.111511	12.438638	13.458050	13.860438	13.905372	14.194085	
14.283409	11.849316	13.697332	13.822734	12.821890	12.397473	13.825557	14.874054	10.571493	12.832819	13.839706	11.461934	12.649676	12.821364	10.002322	13.033772	13.790090	11.511327	10.955777	10.019132	14.991212	11.929984	12.532135	10.782037	12.710362	11.951339	11.996510	12.187327	9.659272	12.075694	13.778145	12.281872	14.146689	13.300869	12.842257	10.878939	13.615794	12.506762	13.922527	12.103498	9.929601	12.612610	11.428244	12.179853	10.683321	12.382796	14.297944	12.704612	13.689470	13.403547	
12.676991	10.343709	11.853874	11.188699	10.621819	9.925321	12.010286	12.911217	8.800600	12.240245	10.037997	10.489468	12.061597	10.670496	10.325932	11.683928	12.556976	9.804839	8.865863	9.399044	13.443492	10.735821	11.517765	9.459320	11.067817	11.217619	11.039308	10.628370	8.852841	12.134994	11.867825	10.766825	12.273985	11.627546	10.266067	9.588864	11.084393	10.690581	11.789474	10.994695	9.466648	11.476312	9.542616	10.546529	8.762007	10.648261	11.205539	12.010288	11.695701	11.434460	
13.529182	10.585694	12.450919	13.434993	10.455998	11.249208	12.405071	11.653329	11.678963	12.121576	12.644667	11.207078	11.644829	11.541967	9.581211	12.387578	12.176234	11.227376	11.331261	11.012884	13.290596	12.521238	11.935738	11.028217	11.413767	12.072455	12.700558	12.431350	8.913690	12.154496	12.097759	11.603062	13.551974	10.126813	12.729338	11.070126	11.627281	11.209482	12.551314	11.936860	9.361704	12.152253	10.746719	10.012524	10.613829	12.637906	11.845098	13.053626	11.477142	12.689187	
15.438216	10.746976	14.275436	12.834190	10.773275	11.995840	11.807506	12.825920	11.739069	12.809512	13.749464	12.186395	12.012583	13.274998	11.596349	11.225028	11.996060	11.825321	10.992921	10.485971	14.226952	12.116351	13.012921	10.898315	12.185748	11.289134	11.520540	12.246481	10.246035	10.478804	13.161015	11.586781	12.757361	11.657914	11.704331	10.032220	12.644667	10.940900	12.533065	12.116976	9.489289	11.794843	11.728560	10.799737	9.473505	11.698688	12.473675	12.369242	12.153606	14.487394	
15.055638	12.093041	12.647449	13.474909	13.034916	11.037178	13.675783	13.320775	10.938471	13.796134	12.351463	13.139557	13.305522	13.079906	11.299680	13.210259	14.440744	11.890517	11.293364	10.928298	15.808811	11.084880	13.249866	11.202353	13.320907	11.788547	11.260297	12.456753	10.660633	12.369226	14.497021	12.947117	13.554394	13.318550	12.685619	10.183540	12.613662	12.867403	14.457101	12.605903	10.916298	12.344642	12.157572	11.563133	11.267601	12.156750	13.381429	13.530912	13.952623	12.683352	
16.475177	12.414766	13.312156	14.014912	12.763054	11.760683	13.367386	14.461314	11.834418	13.707748	12.452427	12.614751	13.700369	12.749967	12.262762	13.271482	14.104433	12.326190	11.806183	11.923227	15.524675	13.857177	12.893060	11.780408	13.002345	13.397105	11.892898	13.534782	10.487439	14.141589	15.510439	14.668868	14.270301	12.380545	13.416191	11.558054	13.268337	12.120445	14.181813	13.287939	10.978206	12.139743	13.210647	11.201469	11.035051	11.922072	13.871816	14.359871	13.203532	14.444508	
14.740458	11.187673	13.040258	12.654222	10.712705	11.562414	13.122310	11.708818	11.131119	12.021636	11.615398	11.747138	12.657321	12.587954	10.472549	12.587189	12.892275	12.224708	11.652587	9.632007	13.882503	10.995938	13.425925	10.715169	11.709361	10.925851	10.647477	11.268519	9.233067	12.945555	12.761176	10.502018	13.770489	11.758104	12.558120	10.150528	12.796773	11.265677	13.336249	11.749969	9.694693	11.599986	10.861503	10.102737	11.366506	11.663803	12.221342	13.449690	11.359006	11.945240	
14.764608	11.023117	13.322213	13.848502	11.666563	12.525788	13.213300	13.447324	10.352240	12.816800	13.630426	12.194994	13.447233	12.388558	11.208726	12.665149	14.489647	12.319318	10.903037	12.486186	14.417071	13.609051	13.642350	12.160486	12.097426	14.178893	12.328496	12.514094	9.856443	13.638262	14.735378	11.563053	14.070704	12.926328	12.167264	11.902965	14.010331	13.262266	12.892022	11.055908	10.661809	11.920785	11.604186	11.634539	10.234019	13.645049	13.508511	13.190703	13.155914	13.495674	
15.746943	12.733680	14.041267	14.688948	12.187760	12.738342	13.883212	13.678546	12.657290	14.584960	12.749753	12.770932	14.181773	13.893808	12.638629	12.805608	15.327048	12.409400	12.353691	12.558238	14.375897	13.139894	13.276159	12.895213	12.654298	13.225677	13.792666	12.848745	10.870480	13.730588	14.811970	12.586685	14.990918	13.137781	13.501922	10.586092	14.044627	13.248363	13.413680	12.665100	11.055502	13.279812	11.989057	12.202759	11.524530	13.455551	13.243715	15.281114	12.565888	14.128824	
14.736218	10.825593	12.958622	13.736335	12.027637	11.494783	13.515753	12.612750	12.424200	12.453082	11.566536	11.612905	12.882543	12.761708	11.700065	12.237778	12.877665	12.090186	11.833798	12.341904	14.843027	13.041447	12.810569	11.680236	12.164699	12.320336	11.071481	11.726744	9.414162	11.967250	14.277376	12.171727	14.149983	12.589397	12.108892	10.747270	12.821650	11.590116	12.545336	12.221309	9.919289	11.955695	10.911156	10.587771	12.150851	11.679493	11.808203	13.651903	11.873634	13.610793	
12.417619	9.962837	11.867066	11.157056	8.759956	10.130960	10.305562	10.894536	9.442407	10.469075	10.014456	10.028281	9.480530	11.287141	8.594889	9.375215	10.456583	9.861100	9.864639	8.760880	11.421792	10.253174	10.892976	9.096760	10.847172	10.424998	9.368199	10.211184	7.642786	9.802099	9.939951	10.922047	10.085757	10.479294	9.250334	8.624909	9.978694	10.274300	10.741611	9.763913	7.975339	9.948105	9.646062	8.662541	10.334943	9.942200	10.114161	10.724364	10.899356	10.818526	
12.665452	10.393375	12.481224	11.513941	10.410204	11.331917	12.014289	12.397949	9.913740	12.058820	11.755258	11.598154	11.256826	11.706981	9.831058	11.140689	11.976722	10.933757	10.470771	10.350418	14.182105	11.150032	11.983362	9.986178	11.458012	11.406005	11.502903	10.832677	8.640221	11.384237	11.904930	11.358413	12.614345	11.959279	11.361394	9.891139	11.504321	10.787125	12.190766	11.633802	8.882020	11.752183	10.134350	9.886518	10.577225	11.179286	11.295431	11.785932	11.663786	11.942706	
14.190289	11.788799	13.273490	14.339265	10.590927	11.334111	12.236131	11.563675	11.869766	12.564945	12.645281	12.143870	12.069681	12.997370	10.573874	11.301002	13.390393	12.328034	10.852104	9.483879	13.672916	11.911608	11.464300	10.830165	12.217386	12.093538	11.419979	11.666947	9.393863	11.323651	12.094437	12.431719	12.365773	12.849363	12.572202	9.738446	11.838755	12.063881	13.174530	12.527969	9.600369	11.353896	11.912425	10.938091	10.984455	11.870291	11.995648	12.507393	11.686717	12.080981	
15.456848	10.943984	13.203472	12.691490	10.783955	10.198929	12.373313	13.011011	10.849883	12.076574	12.518071	11.276120	12.363819	12.987537	11.697005	12.043995	13.362830	11.637492	11.098912	10.391992	13.562627	11.828946	12.572871	11.012008	12.145298	12.263569	10.398120	10.848920	9.750242	12.761071	12.899715	11.149996	12.761629	12.294593	12.073232	10.022638	11.410077	10.630667	13.912784	11.060884	10.300047	11.794044	10.945122	10.967726	10.081311	10.919541	12.053071	12.126677	12.405755	13.524733	
14.489943	11.383895	13.862110	14.709620	11.505481	11.698374	11.754125	12.506421	12.753296	13.006229	13.481315	11.794370	12.350405	12.874535	11.231382	12.357062	14.179047	12.522121	12.086490	10.499095	14.607559	12.668284	12.947563	10.972204	13.496205	11.505840	10.757758	12.323120	9.453615	11.987438	12.933392	13.196991	12.922282	12.385476	12.384651	10.621451	12.272650	11.504073	13.563576	12.240703	10.149406	11.180391	11.888349	11.409981	10.343206	12.313832	11.985823	13.369499	12.715783	13.262322	
14.072269	10.705426	14.463547	13.249194	11.282667	12.286551	12.835657	13.311262	12.325814	12.422214	13.532145	12.567575	12.567712	12.272576	10.708529	12.726525	13.130998	11.110981	11.034724	11.290340	14.448923	12.903133	13.123268	10.836352	13.253679	12.546174	11.519410	12.834365	10.211417	12.406393	12.563050	12.418939	13.846914	12.793427	12.310154	10.632563	11.194155	11.483892	13.790187	12.110503	10.870627	13.465063	12.811351	11.476648	11.357581	12.940815	12.153471	13.286286	12.608336	13.688372	
14.814597	10.976467	14.082172	13.151300	11.848256	11.110913	12.820830	13.317199	11.014799	11.736740	12.559424	11.215409	12.625207	12.969515	11.131284	11.264520	14.313437	11.290699	11.081952	10.806384	15.378825	12.482948	13.553872	11.353419	11.464670	12.220883	10.370036	12.125561	9.322225	11.444367	13.459258	11.638595	13.970890	12.119162	11.862758	10.196548	12.516173	10.890171	12.174064	12.144774	10.067517	12.695226	11.871716	11.161278	10.868593	11.904240	12.600827	13.120213	12.181065	12.700772	
14.430309	11.183552	12.559502	13.534433	11.093846	10.991650	12.686270	12.342173	11.340229	12.187098	12.036209	11.370787	12.273237	12.264085	10.699464	11.159235	13.401241	11.755928	10.765793	9.984989	14.363524	11.892793	12.007219	11.368862	11.987659	11.363039	10.748567	12.411567	8.682465	11.762990	13.720509	12.095479	13.093265	11.392477	11.610342	9.907483	12.239174	10.034640	12.394118	12.322602	9.791585	11.217512	12.410119	10.450517	10.090408	11.190288	12.132392	12.863267	11.821932	13.188182	
14.526814	11.116653	11.608189	13.038397	11.198775	9.984362	12.771310	11.701826	11.553574	12.657267	11.899662	12.781980	12.258797	12.071569	11.735763	11.732999	14.932262	12.058340	11.455797	11.208741	13.664885	11.690648	13.350991	11.264106	11.804702	12.333953	11.022425	12.057536	9.332992	12.997065	13.323427	11.178196	12.804178	11.441231	11.683502	9.943813	11.980617	11.516292	13.077609	11.044318	10.954236	10.952602	10.578955	10.199947	10.183770	12.671274	12.019584	13.156980	12.437593	12.722174	
16.507955	11.516346	14.669751	14.464828	13.204881	12.730431	13.571331	14.463123	12.249298	13.997192	13.243834	13.221966	14.115274	13.072577	11.933460	13.755630	13.581706	13.530865	12.436526	12.038202	15.672262	13.569809	14.149125	11.781119	13.882182	13.374478	12.150362	13.231767	10.678422	13.126042	14.469926	13.139600	14.872682	13.963500	12.982200	11.285155	14.417963	13.400762	14.765590	12.523314	11.337800	14.040248	12.905147	12.219676	12.006878	14.165883	14.184306	13.481732	13.682836	14.260994	
15.619248	12.988375	14.729278	15.286759	12.614803	12.425787	14.334231	14.370143	13.711098	14.518641	13.182657	14.520771	13.312480	12.327980	12.247685	13.322469	15.481048	12.288983	12.357833	11.196496	16.316789	13.266127	14.087008	12.642296	14.146851	13.758596	12.734035	14.574993	10.698492	12.986258	14.631891	13.312676	14.385247	13.424447	13.573971	11.383053	14.202966	12.140236	15.105698	14.085572	11.368971	13.968411	13.625626	11.753953	11.434842	14.321686	13.684228	13.656522	14.876099	15.664653	
14.219275	10.889469	12.876618	13.688073	11.234709	12.398690	13.802066	11.860847	11.616496	12.507742	12.090861	11.977187	12.764379	12.237767	11.865339	12.621346	13.093773	10.261289	10.497086	10.847165	13.561162	12.106287	11.830334	11.862715	11.905193	12.777953	12.195246	12.062094	11.303965	12.772567	14.848628	11.897964	14.367247	11.833439	12.911943	10.716785	12.798884	12.193025	13.126095	12.868904	9.773035	12.219636	11.247327	11.587400	9.946448	12.408198	12.639056	14.267089	12.242478	13.654353	
16.281663	11.621943	14.028620	13.146838	12.255254	11.475881	14.190688	14.533955	11.747020	13.727509	12.338654	12.987841	12.837508	12.971662	11.501420	13.076166	14.073087	13.257173	11.265815	10.924628	15.699971	14.134123	12.530596	10.987492	13.724771	13.575861	11.949965	12.826403	9.773219	13.478040	14.274846	13.853326	13.531205	13.058689	12.887883	11.460491	13.259326	13.175032	14.519284	12.783837	11.710786	13.162694	11.775745	12.063556	12.946148	13.361695	13.452609	13.603477	13.319341	13.144702	
13.773638	9.948245	12.411900	11.610245	9.124519	10.281334	11.900054	10.697207	9.775779	11.880564	10.481724	11.205729	11.149955	10.574495	8.690834	9.184862	12.063444	10.235704	9.599847	10.346595	13.399827	11.077983	10.585830	9.980927	11.446012	11.198985	10.354754	10.274878	9.145176	10.325223	11.678243	10.722631	12.036536	9.854688	11.789197	9.077679	11.446094	10.683240	12.395644	10.384458	9.029660	11.620139	10.659501	8.775378	10.569370	12.317333	9.418638	10.938194	10.705819	11.164484	
12.708221	10.516714	11.519480	11.912045	10.891641	9.996450	12.000008	11.790056	10.261581	12.396089	10.923331	11.828304	10.791054	10.748267	9.872224	11.080130	13.245942	10.713969	9.882215	9.066777	13.403680	10.939893	11.573943	9.161658	11.536083	10.620884	10.088252	11.501567	7.624467	11.345934	11.611375	11.567760	11.364125	11.631469	11.180180	8.347048	11.746742	10.900303	12.611759	11.030028	9.643765	11.009213	11.094890	9.274703	10.022466	11.704357	11.444778	11.920145	11.708553	11.006065	
13.727273	10.731093	13.275206	12.988282	12.106433	11.388471	12.325802	13.402160	9.179287	12.765950	12.570989	11.462950	10.998569	12.217808	11.064432	12.255244	13.353508	11.582748	11.113880	10.217025	14.482800	12.780871	13.288140	10.152754	11.646081	11.705877	11.922005	12.303008	8.671062	11.466609	12.026001	11.773535	12.443975	13.010353	11.916390	9.700567	12.696928	11.373678	13.432215	11.861380	9.624972	11.352472	11.885442	10.640950	10.434437	12.193403	13.095105	13.663733	12.113038	12.404667	
12.650611	10.113348	12.437668	11.749831	10.444589	10.355721	11.860158	12.287196	10.322978	11.017065	12.327820	10.307062	10.752881	10.546270	9.248637	11.460531	12.587819	10.753538	9.450453	9.601896	12.780591	12.035951	10.356658	9.271300	11.259491	11.688101	10.440462	11.547069	8.257008	11.108262	11.455214	11.362031	11.101846	11.239186	11.552126	9.135933	10.908740	11.330516	12.161263	10.436258	10.023623	11.454307	10.757487	10.896497	9.376434	11.268262	11.857912	11.021304	11.542842	12.164124	
14.635501	10.794576	13.287980	13.911204	12.881910	12.675865	12.749149	13.656153	11.730536	12.438780	13.594037	12.573110	13.141283	13.096700	12.198931	13.037187	13.681202	11.575717	12.163190	12.269969	14.371857	13.674416	14.162596	11.641566	12.133573	13.168296	12.281246	13.034338	10.286625	12.763402	13.389281	11.833435	14.347081	12.464079	12.270578	11.158048	12.120960	13.390290	12.926760	12.117827	10.859020	12.890143	12.469763	11.529348	11.148689	13.045754	13.743549	14.224175	12.536860	13.475930	
15.152405	11.169633	14.744662	13.621709	11.061963	11.844772	13.839048	12.926329	11.222551	13.508347	13.134566	12.976245	11.973282	12.472939	11.318945	12.070736	13.853625	11.683977	11.038743	11.913034	15.046158	13.168113	12.611571	11.263921	13.505004	13.425558	12.685454	13.540041	10.100522	13.581005	14.484596	14.509196	14.317871	12.290923	12.125685	11.414336	12.435723	12.067461	13.212482	12.656508	10.305993	12.247714	12.376424	11.884416	10.576981	12.705570	12.646886	13.018823	13.439895	14.140069	
15.149274	12.155203	13.372426	13.657878	12.475589	11.492207	13.468680	14.055719	11.386073	13.400650	12.186793	12.508445	12.895944	12.937034	11.381063	12.681997	13.569082	12.263405	11.531190	10.633155	14.984638	12.634631	12.660108	11.208168	13.746082	12.398233	11.851532	13.382210	9.771434	13.212847	14.386270	12.510415	13.277288	12.401184	11.899155	10.492655	12.594106	12.144435	13.871911	12.266442	10.820223	11.880171	12.631083	10.994020	11.456995	12.279539	13.264601	13.888048	13.197122	13.454203	
12.166316	9.943216	12.420259	12.531391	10.187788	11.160700	12.535767	12.276798	10.776093	10.648074	11.308208	10.038530	11.319630	11.072604	10.883773	10.523275	12.387040	9.684289	9.624233	10.671132	12.237957	12.604806	10.893235	11.071759	10.290999	12.155290	11.210877	10.883658	8.503410	11.710223	13.342106	11.002635	13.189956	11.120306	11.486155	9.652401	12.568707	10.739113	11.138285	11.001849	8.170204	11.320884	10.111939	9.776118	8.886710	10.588745	11.273143	11.800802	11.502551	13.161328	
13.131765	8.922787	11.730135	11.478107	10.330743	9.524268	12.005602	10.165003	10.241352	10.749682	9.794537	11.743947	10.827093	10.593277	10.906603	10.883667	11.958284	10.493057	9.472446	9.606142	13.601831	10.894602	11.456676	10.697977	10.124341	12.230928	9.736609	11.808293	9.575877	11.666723	13.026538	10.315943	12.652247	10.388804	10.974248	10.276844	11.241757	10.132223	11.379121	12.572178	9.784475	10.281322	10.387536	9.610059	9.366820	11.766739	11.313945	12.595151	11.208892	11.888295	
15.552638	10.455768	14.266695	13.281265	11.754207	12.479270	13.203637	13.229815	12.394321	13.424147	13.246619	12.299705	13.239257	13.432656	11.455130	13.489225	13.447202	13.568029	11.688344	11.683937	15.698315	12.703693	12.970470	12.148126	13.089565	13.037945	11.769507	11.960865	10.300994	12.736322	14.108795	12.329602	14.523704	13.908233	13.233331	11.362541	13.259466	12.493691	14.281688	13.437709	10.729975	13.703667	12.075318	11.897080	11.926206	13.632641	13.291166	14.330203	12.727405	14.016954	
14.573369	10.919373	14.722891	13.483549	12.289452	12.345410	12.958466	13.897919	13.470536	12.840457	14.071072	13.219705	12.277433	12.707749	11.684701	13.722963	12.954744	12.758467	11.752720	10.258262	15.938308	12.603726	13.715913	11.058144	13.189563	11.998634	11.677124	13.737527	10.691421	12.044375	14.410643	13.778810	13.446238	11.954011	12.249971	11.779006	12.581018	11.907524	13.022280	13.807927	10.572693	12.906276	12.846880	11.860915	10.536695	13.199381	13.791797	13.711095	14.122354	14.559527	
14.112001	9.879996	11.886205	12.197317	10.247467	11.145451	12.596112	11.459156	10.391064	11.519061	11.816639	11.228692	12.596024	11.074968	9.601621	11.713491	12.792176	10.906221	9.204747	10.870923	13.649905	12.092729	12.342259	10.055607	11.236593	11.653127	10.601761	11.743125	9.739376	11.679448	12.569388	11.236683	12.475121	10.334299	11.354731	10.410743	11.251489	11.606713	11.794532	10.794504	10.862059	12.147754	11.105142	10.178084	10.320081	12.380171	12.093914	12.105814	11.319675	11.122582	
14.357647	10.342730	13.568112	12.324292	11.273419	10.444918	12.521445	11.776846	10.785874	12.262816	12.579312	11.722164	11.165684	12.120350	11.134490	11.870864	13.562967	11.460068	12.529895	11.348078	13.651552	11.010532	13.379592	10.986389	11.528964	11.336829	11.661528	12.799517	8.731912	12.311309	12.285756	10.809063	13.061429	11.034829	11.148005	9.642309	12.628819	11.035787	12.528565	10.418471	9.697304	12.023106	11.948055	9.766098	11.293017	13.306820	11.995567	13.187526	11.951335	12.486194	
12.570811	9.705200	11.978813	11.125920	10.370284	11.195203	11.871506	12.215709	9.588792	11.922831	11.837002	10.752576	11.041099	11.342712	10.514163	11.680578	12.522341	11.675994	8.843246	9.497171	14.206955	11.774429	11.959827	9.870291	10.534934	11.793151	9.837054	10.278895	8.331385	11.289221	11.819364	10.097087	11.878586	12.445380	10.986539	9.340056	11.581408	10.566829	12.779786	11.334539	9.288101	10.112829	10.005464	10.592078	9.025676	10.880261	11.321788	12.316078	12.011480	12.513930	
16.609027	13.336639	14.507507	14.831654	13.045693	12.736772	14.445897	14.508694	12.858697	14.700288	14.555823	13.384333	13.372377	14.302547	12.753647	14.156403	15.363089	13.766468	12.785983	11.174390	16.786739	14.540275	13.432445	12.253125	15.305632	13.163309	12.797260	13.870138	9.955686	13.293040	14.191659	13.619445	13.948009	14.002574	14.324563	11.105766	14.565198	12.990536	15.720894	13.758078	11.281594	12.445763	12.573955	11.541587	12.619315	14.263239	14.712669	14.491652	14.326284	14.544251	
13.843090	10.382778	12.701097	12.133451	11.588082	11.021760	11.623924	11.994644	10.108459	10.704970	11.054420	10.613318	11.537085	12.193151	10.008639	11.064794	12.070492	9.895901	10.180411	11.235629	14.078608	11.606243	12.588483	10.060685	11.933556	11.790705	10.127258	12.757715	9.982824	11.301980	12.703836	11.612908	13.195177	10.884627	11.695332	9.409054	10.813985	10.852268	12.521003	11.290023	10.355109	11.562773	11.989702	10.487957	10.708653	11.136652	11.692612	12.903428	12.117240	12.501990	
13.826189	10.434622	12.482695	12.580926	9.636502	11.078382	11.358535	11.134445	10.364442	11.941800	11.826079	10.058320	12.425589	12.471211	10.855588	11.628753	12.648928	11.009563	8.794099	9.366765	12.570978	12.022931	12.290811	10.044012	10.819005	10.679308	10.886734	11.452015	9.646408	11.845433	12.948720	10.850059	13.052489	11.714123	11.968297	9.033152	11.892238	10.916428	11.616944	11.731389	9.293363	10.706050	10.510257	10.704881	8.337154	11.639432	12.493863	13.383254	10.819737	12.170451	
15.208911	11.568726	13.049006	13.475821	11.908974	12.754035	12.772828	13.826779	11.360132	13.033617	13.270336	12.662838	12.637998	13.106705	11.744961	13.280176	13.837432	12.498512	11.681228	10.905997	14.424709	12.762810	13.736759	11.159318	13.829416	13.039529	12.820573	12.853024	9.612442	14.082021	14.024345	12.997095	14.322554	13.025380	12.683825	11.204977	13.102098	12.969277	13.731834	12.972633	11.086069	11.780278	11.393389	11.711822	10.144876	13.135380	14.329983	14.514548	13.506507	14.116508	
13.899145	10.807218	13.244603	14.135363	11.710563	12.237046	13.417260	12.780605	11.054759	12.289857	12.373223	11.645341	11.990668	12.112809	10.955537	12.915135	14.264831	10.682215	10.936651	11.027567	14.684663	12.060742	12.782547	10.762845	12.472414	12.275197	11.635139	13.268861	9.817469	12.301787	13.774284	12.269335	13.867411	12.857410	11.937213	10.727191	13.480157	12.391941	14.024521	12.893617	10.161415	11.918187	11.601364	11.090929	11.304891	13.007380	13.204027	13.467304	12.879944	12.907219	
14.939589	12.013527	13.629086	14.250874	12.447700	11.941996	13.074910	13.952536	12.050427	13.087541	12.863770	13.477851	12.901167	13.391510	11.890957	13.157969	14.620903	11.939036	10.574467	11.104007	15.700425	13.912907	14.596032	11.510359	12.453088	13.147083	12.515743	13.106725	11.086735	11.988693	13.618075	12.665245	14.043953	13.069770	13.993615	10.776869	12.916948	12.435163	14.698643	13.481302	11.044708	12.322697	12.363034	11.278743	10.602713	13.711701	13.925106	13.817089	13.858130	14.334907	
15.043307	10.777570	14.014732	13.785801	11.244527	12.417037	13.172779	13.158410	10.188610	12.766197	14.263034	11.708764	13.119347	12.976444	9.918347	12.091309	14.253213	12.398531	10.416618	10.061330	15.375134	12.459100	12.728110	10.932066	12.530417	12.808150	11.867002	11.424308	9.596034	12.968166	13.927866	11.482731	13.826115	12.682244	12.434571	11.297989	12.905710	11.930398	13.464396	12.441474	10.324171	12.528806	11.849814	11.930985	10.361097	12.976264	13.154812	13.212200	12.058955	12.708079	
13.466121	10.581990	11.095683	11.505762	10.576418	10.147132	11.509569	11.657003	9.183468	12.494170	11.610536	10.784742	10.917905	11.781659	10.295463	11.359228	11.889065	10.239707	10.085743	9.101826	12.569876	9.774513	11.108764	9.177604	11.266967	9.791659	11.155308	11.506556	8.004367	10.972247	12.388571	10.182658	11.067338	11.596059	9.982556	7.777292	11.230114	10.331103	11.645880	10.779129	9.801633	9.972332	11.190746	9.804516	9.576307	9.628645	11.674949	12.397795	11.198294	11.842215	
13.989855	10.633752	12.668734	13.437131	11.460907	11.890057	13.019996	12.850888	11.121428	12.573468	13.097139	12.961232	13.371341	11.097610	10.256673	12.303915	13.629851	12.515272	9.624079	10.860898	14.163886	12.773284	12.777274	11.767439	12.851851	12.351535	11.707106	12.093391	9.716516	12.148446	13.822194	11.897096	13.521873	12.941310	11.685792	11.325450	13.207326	12.679210	13.054178	11.723642	10.358998	12.102992	11.580667	10.521289	10.460370	13.136196	13.145857	13.154390	12.417415	12.572442	
14.416050	10.017725	12.311329	12.180369	11.181284	11.509510	11.528945	12.780541	10.865748	11.551616	12.714951	11.882536	11.335168	12.467016	10.591396	11.302675	11.033265	11.316753	10.601557	9.812421	13.676440	12.147885	12.293338	9.926608	12.439801	11.570639	10.642944	12.283803	9.972501	12.280202	13.866215	11.854834	11.442070	11.562314	11.453394	11.310242	10.893528	10.676800	11.705274	11.841746	9.432982	10.354834	10.510707	10.836422	9.147508	9.961779	13.023993	13.015801	10.975776	13.666523	
14.311443	12.217845	13.626473	13.893687	11.637692	12.078950	13.760924	13.333494	11.779590	13.794062	13.189467	12.898298	12.510923	13.097168	11.919884	13.299989	14.055484	13.152939	11.359963	11.564769	16.159934	13.493145	12.862408	12.182488	12.729105	12.624689	11.935220	12.509926	10.524287	12.789790	14.918210	13.130239	13.848079	12.489564	13.357598	10.975022	11.872520	11.721544	13.654699	13.042027	10.334445	12.282399	11.926744	11.681488	11.480318	11.965818	13.592867	13.964374	12.682986	13.381461	
14.564697	10.321866	12.746859	13.147020	11.720177	12.399930	13.273932	11.863983	10.906823	13.246906	11.927036	12.663045	13.096562	12.141079	11.036261	12.780494	13.390074	12.050525	9.658520	10.402465	15.191411	12.311718	12.699050	11.135003	12.067997	12.134243	10.949788	11.589211	10.597518	12.133453	13.559965	12.031571	13.775054	12.879870	12.430487	9.677454	12.634070	12.638248	13.257024	12.857118	11.149290	12.488973	11.989298	11.290279	11.100344	13.625476	13.473383	14.422437	11.880020	11.582748	
The results Matches
MPI_Wtime measured for total run by process 1 = 0.007888
MPI_Wtime measured for total run by process 2 = 0.007693
MPI_Wtime measured for total run by process 3 = 0.007785
