MPI_Wtime measured for total run by process 0 = 0.017746
Total time by each process = 0.274400  And Average = 0.017150 
Printing Matrix A
0.452998	0.593199	0.897271	0.749275	0.710454	0.953320	0.818780	0.683048	0.201427	0.770477	0.661681	0.410464	0.579508	0.962290	0.784102	0.111131	0.605888	0.947112	0.998469	0.850220	0.037411	0.477523	0.893377	0.703418	0.160108	0.074064	0.709566	0.520868	0.173870	0.382525	0.550183	0.195072	0.197987	0.659230	0.838571	0.905380	0.312991	0.732173	0.543474	0.301172	
0.909487	0.525370	0.859763	0.908126	0.529397	0.991604	0.784306	0.235650	0.328860	0.178749	0.404330	0.043413	0.467032	0.923688	0.211177	0.714087	0.600095	0.739716	0.285696	0.493490	0.938492	0.894673	0.671771	0.705092	0.025203	0.168061	0.967970	0.146853	0.987060	0.445508	0.295400	0.318900	0.399053	0.355353	0.706458	0.499843	0.333937	0.367749	0.524838	0.006338	
0.956682	0.979574	0.385874	0.359655	0.196968	0.571171	0.964758	0.387863	0.948687	0.048561	0.592058	0.300096	0.942919	0.931703	0.740685	0.017798	0.112441	0.622020	0.123798	0.871249	0.786837	0.813134	0.332491	0.115406	0.944212	0.936324	0.712370	0.462266	0.904264	0.123045	0.332011	0.342316	0.138215	0.942767	0.946010	0.582778	0.256437	0.484441	0.596908	0.870106	
0.763814	0.077390	0.042849	0.131472	0.933625	0.592061	0.395361	0.710088	0.898713	0.795588	0.466871	0.577570	0.774278	0.312236	0.661858	0.912306	0.988771	0.901855	0.529353	0.978733	0.287845	0.728614	0.505172	0.216780	0.091556	0.248608	0.390734	0.281735	0.888189	0.536197	0.776313	0.975719	0.438200	0.796704	0.910902	0.430531	0.346232	0.881951	0.597846	0.255289	
0.111099	0.247829	0.330076	0.666844	0.123536	0.768312	0.651545	0.664932	0.621606	0.057297	0.237074	0.731254	0.646972	0.434710	0.711937	0.934220	0.193897	0.324868	0.711613	0.742237	0.194754	0.734997	0.254581	0.936043	0.861565	0.408696	0.481168	0.681946	0.753155	0.372959	0.806655	0.288127	0.489227	0.524524	0.604708	0.035989	0.777311	0.645760	0.170915	0.908080	
0.575142	0.131120	0.456725	0.184451	0.929721	0.674971	0.864588	0.736928	0.576094	0.554655	0.528213	0.980264	0.361631	0.337417	0.207826	0.565026	0.562273	0.839279	0.509212	0.228878	0.581140	0.175309	0.866948	0.799543	0.173689	0.623844	0.944843	0.007427	0.230132	0.839019	0.590341	0.220927	0.100192	0.171611	0.083936	0.048337	0.304338	0.110804	0.135884	0.614327	
0.264545	0.011476	0.842279	0.515862	0.363746	0.510369	0.758927	0.106700	0.791502	0.468523	0.678799	0.540514	0.740507	0.154422	0.561665	0.185964	0.006920	0.035599	0.216342	0.921611	0.906343	0.534175	0.163276	0.524390	0.919186	0.830216	0.509774	0.581121	0.022048	0.126672	0.504293	0.409924	0.510075	0.360412	0.996985	0.306506	0.714003	0.568598	0.481556	0.832057	
0.085900	0.998726	0.033003	0.845955	0.315391	0.638765	0.285262	0.330896	0.494213	0.521755	0.973332	0.394525	0.668941	0.564614	0.056111	0.551238	0.058944	0.737685	0.129811	0.146997	0.556266	0.264885	0.834451	0.636866	0.287090	0.819861	0.986882	0.947757	0.177509	0.806320	0.909042	0.375631	0.907522	0.059933	0.696955	0.482536	0.992692	0.094750	0.343202	0.155807	
0.890238	0.890715	0.190054	0.532944	0.350844	0.601183	0.696822	0.227872	0.090130	0.641678	0.494735	0.040307	0.871635	0.314570	0.866674	0.845130	0.446045	0.634033	0.574317	0.003663	0.506240	0.185047	0.581660	0.807407	0.700724	0.458876	0.573299	0.682885	0.634240	0.659770	0.467832	0.257827	0.240745	0.549976	0.058836	0.740222	0.158485	0.768139	0.338188	0.411936	
0.024632	0.234370	0.369994	0.042864	0.914710	0.505149	0.207535	0.296419	0.654836	0.263341	0.400034	0.278748	0.928833	0.298664	0.622434	0.305932	0.581411	0.244996	0.457557	0.955640	0.990494	0.754810	0.223765	0.646308	0.897625	0.592272	0.913213	0.856178	0.917907	0.109067	0.865442	0.187406	0.955302	0.398259	0.720262	0.785127	0.814687	0.908784	0.591166	0.917052	
0.464742	0.786450	0.380344	0.220001	0.797469	0.838593	0.744068	0.109764	0.458401	0.112228	0.861921	0.889419	0.437292	0.715060	0.353296	0.517249	0.141437	0.195993	0.946326	0.820033	0.745062	0.406707	0.684625	0.188499	0.024494	0.321689	0.198083	0.563023	0.009312	0.663833	0.910196	0.180645	0.484781	0.573414	0.792633	0.174903	0.052072	0.026825	0.098081	0.879723	
0.516052	0.008990	0.412520	0.349509	0.850097	0.784440	0.194424	0.811926	0.341723	0.110313	0.778786	0.672051	0.866826	0.567556	0.914200	0.087483	0.648691	0.144387	0.668487	0.483043	0.507238	0.278877	0.232568	0.380868	0.476143	0.708648	0.776396	0.085788	0.079575	0.608130	0.100622	0.424028	0.792086	0.810524	0.062311	0.979156	0.561051	0.271212	0.348836	0.367910	
0.143260	0.079909	0.457257	0.562879	0.819041	0.530607	0.866621	0.668976	0.523049	0.119279	0.773068	0.154908	0.356468	0.127738	0.078199	0.530284	0.572206	0.141115	0.775889	0.566294	0.875003	0.514593	0.051534	0.400331	0.663070	0.159942	0.618046	0.770258	0.740970	0.679818	0.393643	0.040628	0.820295	0.995311	0.885737	0.191114	0.658505	0.502364	0.889277	0.284622	
0.422306	0.988486	0.759415	0.014866	0.656739	0.319554	0.904786	0.016231	0.541926	0.321265	0.573147	0.188403	0.218087	0.941691	0.593463	0.659711	0.670878	0.056121	0.406940	0.930678	0.765671	0.114060	0.610414	0.395538	0.141833	0.580003	0.229182	0.946632	0.459173	0.554632	0.114636	0.068406	0.862540	0.215808	0.195513	0.333159	0.396718	0.631641	0.577510	0.159472	
0.743982	0.434323	0.507880	0.420432	0.269277	0.019690	0.189408	0.169428	0.212623	0.321428	0.531721	0.369320	0.101806	0.935571	0.028141	0.398660	0.834517	0.745287	0.213938	0.309451	0.140783	0.867129	0.417237	0.382139	0.421793	0.037995	0.358153	0.881953	0.408276	0.139275	0.912566	0.208540	0.370918	0.089480	0.119545	0.068071	0.728071	0.590519	0.971758	0.775167	
0.676225	0.347065	0.220477	0.494338	0.046542	0.065171	0.171548	0.706191	0.227537	0.127322	0.194601	0.607411	0.130594	0.067980	0.170588	0.495902	0.656309	0.881192	0.071986	0.505540	0.009142	0.077636	0.844422	0.723157	0.579498	0.419041	0.045873	0.696771	0.224382	0.278819	0.607898	0.241784	0.617689	0.140993	0.498505	0.808202	0.217244	0.688337	0.669666	0.133624	
0.261973	0.023263	0.579117	0.484313	0.484785	0.198469	0.537852	0.356890	0.563228	0.845215	0.144416	0.569380	0.539256	0.423325	0.669211	0.458086	0.109614	0.239030	0.201383	0.492229	0.486474	0.778851	0.130951	0.179867	0.633624	0.755912	0.678500	0.139699	0.583010	0.426678	0.119973	0.183404	0.366113	0.918318	0.145776	0.253664	0.101245	0.656576	0.168255	0.926376	
0.861526	0.579918	0.007581	0.757782	0.282641	0.842811	0.069225	0.632202	0.448650	0.002834	0.961067	0.226676	0.289013	0.294508	0.719695	0.259147	0.903173	0.121246	0.558682	0.501344	0.063489	0.243939	0.370370	0.568052	0.426660	0.413445	0.827384	0.450038	0.523373	0.573665	0.965431	0.824289	0.671877	0.779357	0.824564	0.071883	0.624855	0.020768	0.191962	0.814245	
0.159706	0.006348	0.867812	0.103487	0.200932	0.634254	0.509963	0.034966	0.404078	0.412399	0.095023	0.116696	0.800104	0.715104	0.726284	0.610687	0.757038	0.873080	0.073420	0.016035	0.653719	0.440715	0.108831	0.345522	0.290004	0.741552	0.242202	0.104906	0.995713	0.034371	0.349358	0.607987	0.262093	0.731246	0.457635	0.609866	0.397570	0.275036	0.526262	0.019311	
0.378478	0.201294	0.619112	0.662986	0.126209	0.336822	0.342416	0.581963	0.425876	0.940022	0.060491	0.994864	0.600469	0.964463	0.890457	0.942998	0.744637	0.889616	0.450492	0.978574	0.249960	0.052269	0.260205	0.196885	0.947442	0.569592	0.686795	0.465994	0.834356	0.413995	0.414230	0.993749	0.501286	0.522617	0.435966	0.528479	0.816587	0.278302	0.214980	0.762872	
0.612094	0.170354	0.896920	0.586153	0.066804	0.456089	0.357142	0.639901	0.333202	0.810205	0.663708	0.455095	0.919432	0.557086	0.208583	0.296834	0.652422	0.119565	0.103535	0.280617	0.705866	0.651372	0.186545	0.921435	0.453790	0.288915	0.070325	0.597793	0.477406	0.124169	0.474838	0.506666	0.888190	0.676602	0.331950	0.162064	0.693926	0.100823	0.104710	0.400217	
0.753899	0.675999	0.433143	0.813981	0.428672	0.596539	0.359153	0.030770	0.729437	0.239068	0.664590	0.099202	0.214569	0.238987	0.222284	0.877779	0.328337	0.800407	0.827569	0.672029	0.552537	0.159750	0.371773	0.159033	0.897891	0.162596	0.799233	0.920998	0.461823	0.333081	0.799188	0.660290	0.764636	0.889004	0.075084	0.848447	0.829601	0.539311	0.198717	0.302582	
0.096445	0.659090	0.726976	0.909481	0.740072	0.872906	0.453420	0.666784	0.993893	0.810263	0.116822	0.696599	0.666906	0.147795	0.934254	0.962232	0.915556	0.926377	0.201409	0.831330	0.078419	0.480740	0.237433	0.749897	0.703313	0.300303	0.218868	0.766557	0.232812	0.751398	0.364730	0.197765	0.334951	0.922817	0.960000	0.477840	0.458384	0.570259	0.106104	0.927143	
0.880315	0.629552	0.224348	0.984958	0.310462	0.624226	0.449985	0.955478	0.946132	0.321295	0.632442	0.944552	0.757715	0.786643	0.834967	0.673236	0.941232	0.814466	0.698897	0.622741	0.535781	0.684551	0.068956	0.770702	0.518324	0.921221	0.891132	0.241592	0.380584	0.512666	0.742020	0.930833	0.488690	0.848833	0.544724	0.196945	0.718539	0.066271	0.521525	0.802584	
0.928970	0.190614	0.589578	0.468949	0.460440	0.185712	0.167517	0.885713	0.861845	0.843793	0.206119	0.487074	0.922235	0.712154	0.390318	0.483608	0.238543	0.139390	0.106428	0.798283	0.589955	0.769329	0.100540	0.413679	0.389587	0.368955	0.298211	0.520364	0.409375	0.664206	0.747256	0.118980	0.822035	0.813921	0.866710	0.495331	0.596198	0.214137	0.919701	0.659124	
0.885288	0.904994	0.884109	0.403944	0.657875	0.093177	0.215963	0.390931	0.470527	0.966461	0.817055	0.793902	0.726452	0.109991	0.635854	0.955440	0.797195	0.704640	0.285792	0.974788	0.176734	0.348799	0.280122	0.430696	0.944581	0.087886	0.858950	0.174889	0.889826	0.231554	0.053995	0.046821	0.047428	0.532493	0.860044	0.276887	0.575246	0.429476	0.365415	0.606016	
0.257329	0.071633	0.575690	0.701679	0.531401	0.991196	0.120228	0.436585	0.789477	0.500876	0.476360	0.686300	0.403449	0.906972	0.975947	0.078861	0.206891	0.349554	0.397015	0.248098	0.984466	0.513811	0.277311	0.272350	0.919475	0.716310	0.550989	0.447440	0.518386	0.723303	0.867401	0.727608	0.952658	0.856873	0.128395	0.278089	0.344265	0.217555	0.742297	0.688365	
0.263131	0.057607	0.807285	0.768559	0.859459	0.820004	0.294026	0.801152	0.624775	0.596358	0.762996	0.866031	0.666347	0.728837	0.573491	0.070416	0.821877	0.650742	0.633070	0.954834	0.911162	0.219389	0.322452	0.451873	0.678566	0.700397	0.922677	0.548822	0.650014	0.997667	0.694862	0.060126	0.196107	0.145902	0.130168	0.321706	0.875575	0.246519	0.561637	0.145253	
0.746622	0.681763	0.412077	0.258323	0.508245	0.285596	0.324074	0.719845	0.056590	0.349357	0.966483	0.228088	0.212159	0.040084	0.172998	0.013998	0.030986	0.588919	0.926346	0.505155	0.103232	0.637697	0.136473	0.947486	0.223289	0.379820	0.967906	0.031830	0.082514	0.953860	0.257251	0.175132	0.663619	0.731301	0.611294	0.024556	0.027206	0.141832	0.019796	0.356741	
0.386160	0.432858	0.344469	0.534131	0.536602	0.682495	0.455849	0.082089	0.621679	0.709432	0.049846	0.947498	0.396242	0.240730	0.178648	0.659124	0.334032	0.918874	0.556669	0.105484	0.940996	0.887123	0.645606	0.516312	0.782602	0.500257	0.959733	0.909499	0.537086	0.772013	0.747701	0.280542	0.523118	0.760234	0.652421	0.173058	0.653696	0.990261	0.029393	0.566587	
0.732318	0.644443	0.514600	0.048025	0.704172	0.767420	0.251175	0.533606	0.247377	0.854080	0.159556	0.493214	0.087319	0.112554	0.990048	0.928706	0.745986	0.414416	0.127090	0.312272	0.282480	0.283135	0.127652	0.307949	0.110579	0.274827	0.189167	0.083388	0.251516	0.393197	0.875084	0.963930	0.895051	0.881655	0.840788	0.853404	0.273618	0.656924	0.953278	0.776299	
0.126902	0.333993	0.819167	0.592555	0.613324	0.312247	0.307655	0.109478	0.654522	0.224847	0.185060	0.618578	0.214789	0.859948	0.240375	0.231925	0.687373	0.683345	0.983300	0.577222	0.261652	0.085032	0.165645	0.772012	0.185642	0.315477	0.075110	0.829380	0.209558	0.457967	0.325574	0.817209	0.255810	0.519486	0.776454	0.835733	0.986177	0.607412	0.115274	0.971988	
0.376283	0.671618	0.221522	0.741293	0.190325	0.881012	0.889151	0.528846	0.198774	0.384070	0.145040	0.013333	0.140568	0.283038	0.000169	0.556758	0.542492	0.827846	0.729374	0.195093	0.768399	0.435599	0.774325	0.802511	0.012776	0.948326	0.406385	0.289033	0.582405	0.802794	0.827097	0.959026	0.587929	0.133602	0.356011	0.237003	0.404800	0.781960	0.637046	0.152223	
0.771053	0.807638	0.062209	0.724391	0.668741	0.227187	0.886738	0.865426	0.973085	0.791970	0.327724	0.453506	0.701574	0.911649	0.819938	0.988442	0.164421	0.768429	0.892750	0.871244	0.020005	0.057329	0.284644	0.381409	0.921784	0.586825	0.202352	0.982032	0.275798	0.242547	0.957553	0.686727	0.027069	0.348605	0.947976	0.481310	0.318281	0.874724	0.461394	0.860654	
0.429513	0.632687	0.487811	0.535792	0.508400	0.859344	0.009328	0.587928	0.001226	0.956215	0.156382	0.917184	0.976164	0.077587	0.048041	0.820737	0.385721	0.109419	0.068143	0.637140	0.423551	0.042497	0.042554	0.469275	0.566957	0.992983	0.863016	0.198001	0.702074	0.276739	0.213829	0.227669	0.550899	0.473081	0.982300	0.195586	0.606705	0.838730	0.868507	0.693039	
0.733496	0.158802	0.596189	0.435692	0.632391	0.048377	0.809906	0.445770	0.613134	0.979848	0.029073	0.001285	0.413516	0.285037	0.148020	0.717486	0.664098	0.478028	0.233090	0.558549	0.626150	0.711701	0.882973	0.796861	0.076322	0.091542	0.952142	0.741172	0.932842	0.647679	0.004285	0.962379	0.241453	0.928670	0.354126	0.340024	0.094146	0.416331	0.209196	0.473226	
0.989900	0.390913	0.657595	0.307698	0.158294	0.671300	0.320543	0.830962	0.074085	0.036539	0.246852	0.408486	0.428289	0.318117	0.038008	0.923004	0.356111	0.969949	0.446003	0.604143	0.233025	0.766876	0.909122	0.115564	0.357471	0.411418	0.528666	0.945322	0.644721	0.594440	0.054782	0.710637	0.831361	0.424599	0.958234	0.881660	0.304186	0.744827	0.246375	0.196514	
0.012494	0.208170	0.427835	0.498115	0.416931	0.755285	0.609999	0.882606	0.146508	0.718724	0.335948	0.296001	0.248921	0.853441	0.901218	0.099143	0.657887	0.454872	0.460805	0.158279	0.045542	0.349448	0.379486	0.096902	0.539260	0.630736	0.416010	0.515342	0.967564	0.160228	0.418739	0.782494	0.566684	0.162348	0.190354	0.905224	0.234191	0.891438	0.486727	0.139670	
0.803966	0.901194	0.697142	0.884907	0.785319	0.533488	0.304506	0.280683	0.553349	0.898678	0.763658	0.979599	0.058575	0.611525	0.859376	0.571288	0.521601	0.883317	0.889018	0.883448	0.813359	0.878395	0.732918	0.989054	0.602110	0.029970	0.691635	0.363617	0.880605	0.295511	0.726338	0.403322	0.339281	0.466681	0.054864	0.902637	0.767066	0.986088	0.940110	0.786251	
0.862875	0.907988	0.825790	0.304719	0.246747	0.446375	0.467029	0.221023	0.136336	0.034610	0.037834	0.059422	0.718279	0.304884	0.020652	0.200608	0.907357	0.438036	0.380201	0.439540	0.342986	0.600033	0.735611	0.616326	0.508761	0.063147	0.588184	0.351495	0.168079	0.964852	0.747515	0.072257	0.274056	0.388017	0.253049	0.281205	0.713472	0.406050	0.702295	0.321031	

Printing Matrix B
0.538863	0.710012	0.294138	0.347062	0.341024	0.768600	0.089836	0.847227	0.999536	0.979259	0.235670	0.699079	0.689342	0.093451	0.067025	0.237100	0.704331	0.503159	0.696387	0.708923	0.803541	0.856191	0.160571	0.094804	0.473895	0.821789	0.484528	0.289074	0.483158	0.957972	0.493656	0.156071	0.142184	0.196456	0.509450	0.875982	0.382903	0.206367	0.435591	0.703582	
0.375235	0.619052	0.046239	0.033633	0.290650	0.079580	0.186676	0.982293	0.894880	0.167431	0.084129	0.717320	0.775586	0.010506	0.224859	0.120664	0.239458	0.459858	0.647842	0.815093	0.485094	0.722799	0.130323	0.000631	0.883841	0.429533	0.211474	0.435002	0.070541	0.198237	0.159595	0.895495	0.058616	0.684750	0.848843	0.644950	0.394515	0.005708	0.072841	0.550041	
0.174400	0.924652	0.126427	0.372934	0.805162	0.492368	0.890071	0.363811	0.743215	0.655145	0.548403	0.925995	0.667844	0.467757	0.938042	0.697367	0.997371	0.498315	0.981674	0.320766	0.442420	0.751595	0.200996	0.281178	0.163966	0.536270	0.236419	0.655289	0.393969	0.644949	0.140843	0.444452	0.964336	0.262013	0.814017	0.732847	0.395912	0.588928	0.599847	0.541120	
0.806430	0.476183	0.539656	0.947113	0.254517	0.265636	0.934377	0.533575	0.652855	0.844723	0.378366	0.723308	0.062011	0.371186	0.182342	0.425672	0.989697	0.031620	0.033327	0.462978	0.570795	0.683205	0.438701	0.403885	0.012368	0.558427	0.826178	0.165011	0.593971	0.550048	0.448503	0.765084	0.877574	0.967553	0.775438	0.198746	0.159144	0.851404	0.098731	0.689402	
0.503897	0.501833	0.529565	0.218265	0.203041	0.899848	0.744032	0.089744	0.461636	0.532508	0.487828	0.583306	0.613205	0.244818	0.689999	0.823036	0.182049	0.523972	0.991712	0.835149	0.510550	0.846298	0.399929	0.876188	0.993340	0.098639	0.139950	0.128141	0.116656	0.465091	0.307178	0.000552	0.612996	0.200840	0.266761	0.799462	0.770986	0.031892	0.581802	0.032481	
0.316776	0.056311	0.813066	0.209880	0.557410	0.736376	0.963099	0.353815	0.261452	0.180802	0.590645	0.305524	0.626024	0.532546	0.245497	0.782969	0.696146	0.018998	0.023730	0.438933	0.903849	0.445728	0.912237	0.443042	0.354198	0.701903	0.604108	0.306474	0.344844	0.437958	0.404046	0.152613	0.060206	0.609404	0.400488	0.665076	0.223647	0.171285	0.910347	0.309573	
0.238171	0.209388	0.018902	0.072411	0.354882	0.954087	0.731296	0.859119	0.278311	0.875438	0.516861	0.983137	0.651318	0.876391	0.768749	0.826211	0.197440	0.849200	0.551461	0.580088	0.431980	0.665270	0.640875	0.954778	0.992913	0.597985	0.370730	0.250281	0.735543	0.583714	0.312636	0.511213	0.445524	0.726417	0.282023	0.903328	0.840681	0.877279	0.092987	0.400741	
0.662273	0.595674	0.579847	0.055051	0.972627	0.819683	0.048689	0.795338	0.691309	0.491197	0.828261	0.687335	0.963123	0.150497	0.396671	0.142011	0.549964	0.091946	0.583640	0.445202	0.785762	0.841529	0.595782	0.328664	0.158621	0.260422	0.214386	0.655823	0.512371	0.233620	0.357558	0.967986	0.113316	0.037334	0.206930	0.253222	0.747421	0.827143	0.731617	0.630293	
0.975668	0.877120	0.838472	0.367564	0.339264	0.259886	0.976814	0.604345	0.287805	0.787085	0.124214	0.487427	0.135057	0.214837	0.470377	0.756912	0.735845	0.636099	0.166976	0.925161	0.604846	0.203063	0.412919	0.671790	0.449085	0.195458	0.499183	0.444933	0.997455	0.500915	0.504900	0.913877	0.891860	0.815062	0.553639	0.565076	0.925269	0.740145	0.575546	0.038912	
0.870811	0.597930	0.917255	0.004234	0.702634	0.382542	0.762976	0.448279	0.846395	0.713672	0.003564	0.558519	0.046887	0.267021	0.710600	0.647065	0.540302	0.951405	0.287860	0.372268	0.460789	0.198029	0.051229	0.878600	0.909649	0.297659	0.871020	0.842046	0.154842	0.540341	0.414999	0.446853	0.432402	0.412859	0.353898	0.710756	0.539937	0.038452	0.555093	0.488791	
0.509324	0.377955	0.642627	0.298252	0.329068	0.662911	0.025999	0.699369	0.508023	0.178663	0.897355	0.676608	0.798203	0.028458	0.632113	0.818038	0.303699	0.521781	0.415994	0.743796	0.658626	0.489130	0.516471	0.143026	0.300728	0.886415	0.211108	0.635375	0.278084	0.362608	0.181082	0.051633	0.376638	0.431107	0.393447	0.537695	0.581610	0.736697	0.215324	0.122575	
0.201412	0.714135	0.572014	0.421832	0.013342	0.760293	0.965085	0.679205	0.385340	0.134356	0.285216	0.830859	0.698876	0.964907	0.447279	0.430252	0.096473	0.061211	0.493896	0.518584	0.267483	0.701663	0.090803	0.574291	0.491180	0.254930	0.380699	0.643222	0.653344	0.993775	0.695613	0.749313	0.568414	0.460572	0.293568	0.569549	0.258033	0.793619	0.652079	0.824979	
0.076558	0.919656	0.165697	0.536831	0.171009	0.919663	0.954634	0.658707	0.479501	0.585359	0.098435	0.334119	0.426120	0.705304	0.495648	0.221459	0.610192	0.029462	0.703994	0.594930	0.096900	0.741624	0.183570	0.574583	0.519611	0.436138	0.314850	0.974514	0.897995	0.819169	0.210102	0.965849	0.181743	0.596184	0.561605	0.760740	0.705708	0.710039	0.902696	0.552347	
0.444565	0.040352	0.758743	0.500385	0.694684	0.050382	0.360182	0.725081	0.011542	0.427663	0.512379	0.231652	0.690768	0.107364	0.226314	0.015769	0.648197	0.430293	0.070987	0.063679	0.250232	0.670457	0.130291	0.152340	0.716803	0.714980	0.768406	0.447268	0.888323	0.052637	0.214343	0.785514	0.124527	0.269480	0.146486	0.961184	0.447219	0.007132	0.027179	0.719343	
0.739474	0.973164	0.380955	0.967054	0.975064	0.383914	0.088096	0.051948	0.385236	0.408136	0.654587	0.928439	0.000961	0.679316	0.095042	0.772123	0.832983	0.342397	0.165719	0.483215	0.329141	0.330191	0.036557	0.629859	0.703567	0.953514	0.407315	0.459959	0.817524	0.436417	0.537935	0.747083	0.953826	0.584856	0.398930	0.260328	0.935200	0.145308	0.972658	0.393551	
0.813162	0.034378	0.229018	0.628754	0.633613	0.959108	0.273711	0.542466	0.795671	0.347082	0.195394	0.922672	0.197930	0.102352	0.843147	0.846813	0.842967	0.876786	0.375529	0.118528	0.570711	0.180690	0.783827	0.071959	0.850479	0.774099	0.026452	0.176467	0.764751	0.394970	0.774721	0.264207	0.122976	0.689674	0.646533	0.507647	0.885838	0.061665	0.411494	0.249164	
0.552665	0.307846	0.720034	0.803499	0.763131	0.092683	0.440253	0.155541	0.497883	0.061733	0.653418	0.361660	0.257717	0.208922	0.556949	0.931184	0.481349	0.688731	0.723342	0.686168	0.690698	0.024326	0.135741	0.694179	0.025083	0.778039	0.325292	0.217756	0.563024	0.252221	0.884764	0.229587	0.422434	0.567496	0.410547	0.632250	0.032515	0.232196	0.836443	0.801879	
0.682288	0.540026	0.719617	0.590590	0.184461	0.402615	0.026215	0.435338	0.550519	0.594426	0.256498	0.062312	0.883252	0.457268	0.220884	0.581221	0.839065	0.910753	0.879029	0.841324	0.344155	0.132714	0.876140	0.819020	0.570886	0.387726	0.640121	0.116397	0.744546	0.243068	0.832812	0.868603	0.945536	0.230559	0.280701	0.888054	0.315822	0.995225	0.588820	0.618622	
0.227690	0.987090	0.456386	0.391185	0.677152	0.166363	0.458543	0.181840	0.814323	0.228643	0.484282	0.719878	0.137464	0.992065	0.529348	0.885990	0.617035	0.624850	0.976567	0.274353	0.650289	0.163682	0.475681	0.512910	0.757921	0.385027	0.858249	0.042306	0.820009	0.721997	0.645058	0.106396	0.481067	0.335513	0.747281	0.111354	0.050581	0.506401	0.620557	0.816267	
0.760864	0.620680	0.306200	0.614825	0.697358	0.475567	0.944809	0.604509	0.313210	0.883511	0.549888	0.458061	0.269900	0.126731	0.983774	0.268935	0.144292	0.363749	0.552602	0.576701	0.315396	0.592376	0.634232	0.686081	0.136907	0.007933	0.564456	0.287264	0.430456	0.724813	0.356994	0.158867	0.883364	0.951778	0.501191	0.685926	0.580748	0.076791	0.475187	0.162421	
0.332464	0.298889	0.636348	0.731276	0.000148	0.481034	0.449838	0.858427	0.162517	0.769169	0.338684	0.480295	0.733396	0.134412	0.319958	0.820677	0.467187	0.549342	0.705718	0.170339	0.736707	0.063008	0.291273	0.519747	0.731640	0.117499	0.744010	0.989757	0.154880	0.685990	0.421003	0.127260	0.626232	0.991725	0.957219	0.037816	0.813437	0.880470	0.022259	0.558500	
0.689133	0.824224	0.273792	0.910549	0.938150	0.903510	0.103205	0.247343	0.707371	0.061386	0.401132	0.358516	0.200026	0.319278	0.639204	0.976183	0.553777	0.761480	0.614387	0.256241	0.268567	0.911690	0.190520	0.101209	0.398101	0.562481	0.261798	0.013802	0.159984	0.684107	0.210859	0.127525	0.460697	0.592206	0.561033	0.627621	0.008197	0.201373	0.698344	0.096608	
0.465178	0.895678	0.580087	0.188799	0.242561	0.539260	0.533196	0.218057	0.555789	0.068977	0.658709	0.946422	0.235910	0.865623	0.450378	0.030699	0.621321	0.642531	0.835858	0.941480	0.704236	0.531840	0.147524	0.231326	0.560159	0.820135	0.996902	0.885775	0.914353	0.167066	0.713629	0.280286	0.124142	0.536359	0.754147	0.038419	0.958580	0.695817	0.320156	0.809417	
0.227446	0.099184	0.396109	0.457160	0.736356	0.675192	0.821990	0.784936	0.878295	0.906132	0.799135	0.090826	0.514811	0.863819	0.713786	0.715283	0.302788	0.165580	0.799425	0.009359	0.246966	0.985766	0.640029	0.015089	0.091997	0.150766	0.865773	0.648847	0.028235	0.215551	0.185902	0.683252	0.745300	0.187587	0.471573	0.080505	0.881496	0.787496	0.836973	0.039848	
0.723805	0.820102	0.432206	0.970161	0.981615	0.202461	0.116546	0.656207	0.734546	0.406570	0.040739	0.924658	0.553345	0.443760	0.514738	0.319288	0.674222	0.828121	0.608339	0.566868	0.983995	0.757472	0.655041	0.962386	0.257472	0.595706	0.856030	0.220446	0.232518	0.799693	0.147813	0.985799	0.258370	0.928463	0.612203	0.456665	0.264659	0.696738	0.627815	0.309288	
0.028079	0.183499	0.425358	0.293484	0.068150	0.405132	0.212157	0.037999	0.204852	0.337237	0.461792	0.413253	0.008038	0.646153	0.769115	0.521141	0.860434	0.681304	0.108584	0.943667	0.067965	0.392697	0.739730	0.750649	0.397157	0.761636	0.881788	0.585401	0.284880	0.525680	0.186994	0.851190	0.751460	0.333220	0.507281	0.036778	0.625686	0.855367	0.860171	0.309997	
0.693903	0.116278	0.246521	0.465517	0.933233	0.585396	0.038017	0.167656	0.969079	0.649522	0.777763	0.051605	0.115776	0.768865	0.512988	0.233276	0.150494	0.782581	0.051233	0.928416	0.239294	0.104694	0.950397	0.066789	0.773226	0.395835	0.402610	0.954439	0.354412	0.494333	0.802164	0.074292	0.077162	0.349673	0.104971	0.112861	0.791900	0.621576	0.489905	0.661772	
0.404675	0.814120	0.505047	0.325671	0.491862	0.726860	0.547613	0.246685	0.658025	0.753170	0.874446	0.107261	0.083586	0.408644	0.417202	0.836622	0.128023	0.629163	0.419300	0.492530	0.774839	0.205188	0.020541	0.947227	0.048231	0.441561	0.566428	0.589024	0.277659	0.223505	0.068083	0.516739	0.710868	0.829177	0.100736	0.041330	0.541096	0.198026	0.698392	0.240202	
0.845650	0.669299	0.230585	0.062091	0.255990	0.203106	0.345722	0.520180	0.865747	0.186758	0.671063	0.842058	0.474606	0.773795	0.185337	0.919620	0.695761	0.443064	0.847242	0.434591	0.790751	0.427306	0.357543	0.193062	0.296843	0.189772	0.607908	0.180065	0.071914	0.255512	0.967858	0.288237	0.764052	0.589965	0.236456	0.714526	0.662253	0.163679	0.089318	0.243086	
0.736561	0.354066	0.464688	0.426983	0.487991	0.793852	0.857627	0.119467	0.813390	0.232972	0.733989	0.077052	0.089330	0.416038	0.597471	0.564808	0.091981	0.678501	0.453005	0.093271	0.787979	0.396845	0.969212	0.267285	0.225744	0.832448	0.447756	0.355975	0.150230	0.715734	0.431137	0.081733	0.199416	0.079787	0.865717	0.593416	0.060180	0.299302	0.506573	0.811995	
0.066844	0.692051	0.553942	0.051686	0.820039	0.451873	0.047961	0.774293	0.293839	0.899798	0.027138	0.813252	0.483475	0.116711	0.679141	0.722366	0.573148	0.260586	0.462442	0.831262	0.079691	0.533656	0.816740	0.375029	0.162029	0.270136	0.768041	0.276486	0.195943	0.241564	0.321903	0.621070	0.378346	0.022142	0.193927	0.123268	0.136538	0.401270	0.964873	0.063858	
0.051126	0.316069	0.417381	0.070682	0.985752	0.488408	0.276176	0.202706	0.991133	0.495310	0.078251	0.458678	0.275502	0.168067	0.636247	0.367276	0.565918	0.506539	0.275900	0.596624	0.889468	0.569306	0.194509	0.820167	0.996859	0.370702	0.934056	0.289899	0.689327	0.449932	0.689892	0.012947	0.500554	0.239109	0.096708	0.038105	0.920765	0.151821	0.379424	0.300916	
0.287466	0.451394	0.500998	0.431079	0.199260	0.515899	0.698220	0.144961	0.048332	0.975228	0.219803	0.131217	0.620745	0.255842	0.255026	0.376452	0.228376	0.764014	0.569139	0.919699	0.076105	0.657550	0.964444	0.973099	0.186582	0.157816	0.961660	0.546953	0.572070	0.582574	0.359552	0.369589	0.786872	0.317303	0.328695	0.124410	0.672601	0.179125	0.584472	0.649822	
0.100550	0.177438	0.096671	0.644614	0.527185	0.495838	0.186213	0.474667	0.999029	0.329096	0.028973	0.732524	0.235466	0.338620	0.063872	0.590991	0.796080	0.226631	0.492820	0.561491	0.098431	0.906743	0.922755	0.257729	0.173380	0.249508	0.040331	0.903927	0.893681	0.095735	0.230989	0.121974	0.455156	0.919819	0.219849	0.967981	0.538639	0.602925	0.256133	0.383178	
0.447479	0.631865	0.614719	0.763608	0.778339	0.465953	0.546070	0.036396	0.936533	0.949202	0.437525	0.474662	0.791908	0.437559	0.938241	0.477554	0.453424	0.873532	0.645212	0.576543	0.496484	0.432879	0.630424	0.043780	0.425491	0.723339	0.910166	0.839180	0.275588	0.750115	0.097476	0.599550	0.337088	0.619042	0.110221	0.405851	0.238082	0.649259	0.308005	0.435463	
0.686022	0.596512	0.356803	0.298262	0.712430	0.846220	0.276046	0.360805	0.918851	0.595434	0.175433	0.635778	0.840015	0.282022	0.978076	0.881516	0.876288	0.260287	0.913719	0.865481	0.606927	0.436055	0.157471	0.496107	0.776708	0.105395	0.092827	0.365657	0.026209	0.080863	0.365165	0.668383	0.440406	0.474543	0.487219	0.980275	0.051725	0.977119	0.213191	0.285519	
0.564768	0.942041	0.132086	0.590437	0.955378	0.162579	0.633679	0.561996	0.759633	0.428211	0.376563	0.340998	0.824817	0.637485	0.791343	0.027908	0.313917	0.013706	0.277647	0.604297	0.275443	0.553568	0.597839	0.983207	0.152103	0.604323	0.819904	0.956955	0.263439	0.682729	0.517444	0.410893	0.680586	0.277364	0.028743	0.191259	0.648537	0.213307	0.860391	0.603847	
0.607932	0.541160	0.153492	0.072556	0.092555	0.471713	0.465922	0.441360	0.307205	0.104742	0.600384	0.640134	0.040828	0.495296	0.049955	0.913712	0.307313	0.085723	0.952987	0.877735	0.913564	0.655542	0.232054	0.525994	0.815626	0.875208	0.926736	0.664931	0.368783	0.868782	0.259371	0.076626	0.237367	0.027489	0.320627	0.235896	0.254672	0.613676	0.988340	0.025986	
0.770406	0.219976	0.416536	0.664706	0.045135	0.204058	0.315982	0.871189	0.443032	0.743703	0.803902	0.997849	0.871036	0.545301	0.751195	0.663341	0.472482	0.218743	0.768224	0.674337	0.416936	0.117865	0.159078	0.286267	0.887733	0.365768	0.009568	0.750210	0.975142	0.739980	0.866799	0.247939	0.286639	0.228300	0.350130	0.868223	0.781032	0.499984	0.975142	0.542220	
0.816221	0.554509	0.271605	0.706394	0.600230	0.973085	0.849697	0.806311	0.687705	0.191199	0.937247	0.804900	0.045510	0.658389	0.091135	0.883527	0.108596	0.733146	0.742755	0.626948	0.885915	0.810015	0.821057	0.871947	0.650936	0.546595	0.122569	0.306463	0.656379	0.188731	0.165460	0.654871	0.510293	0.654257	0.827558	0.596034	0.881239	0.449084	0.022375	0.211056	

Printing Matrix C
11.439267	12.468645	10.318609	9.779913	12.606868	12.144879	11.350534	10.700044	13.837302	11.768868	10.939894	12.971011	10.638844	10.385710	11.781370	13.198681	12.115599	10.756711	13.129628	13.127076	11.539197	12.130697	10.130051	10.562255	11.501263	11.335331	12.112245	11.219122	11.250696	10.740244	9.499868	10.346723	10.671073	10.624498	9.788619	12.266906	11.119254	11.119901	12.273667	10.404781	
10.630087	9.990049	8.926571	9.346814	10.550142	11.049300	9.967340	10.129278	12.525486	11.045043	9.657554	11.225685	10.038956	8.758239	10.394343	12.073071	11.445152	10.284616	11.506549	11.188258	10.669159	10.664601	9.611242	8.203107	10.293844	10.245068	10.983071	9.864346	9.515449	10.074065	9.447423	8.291917	9.546825	10.235780	9.408063	11.030412	10.667994	9.671582	9.914001	9.405954	
11.419372	12.235975	9.087673	10.513180	11.307671	11.735995	9.982923	11.888999	13.161711	11.681639	9.796963	13.196186	10.433352	9.599730	10.519428	12.542816	12.029106	11.224783	12.040773	13.606975	11.434791	12.333362	10.251744	10.580751	11.415438	11.062701	11.424730	11.257293	11.044134	11.181321	8.651883	11.351404	10.587858	12.412776	9.971337	12.426156	12.234758	11.305682	10.705213	9.172803	
12.054715	12.308596	10.488159	9.711652	12.040246	12.490619	10.738199	10.302982	13.767015	11.493399	9.700002	12.870152	9.777215	9.236274	11.687146	13.928778	11.931397	11.404207	12.944201	13.553569	11.888154	11.329527	10.447605	11.273663	11.710797	10.800157	11.894621	10.653517	11.558103	11.487741	10.875416	9.181592	10.796317	10.619772	9.029123	12.048210	12.069281	9.896058	12.908654	9.347322	
10.479161	11.423191	8.492692	9.844548	11.766146	11.364213	10.635144	10.329802	12.223113	10.322659	9.635442	11.869109	8.414332	10.007203	10.220958	12.272212	10.450999	9.605686	10.824189	11.035236	10.504413	11.456013	10.722473	10.259199	9.051366	10.071705	11.429523	9.645988	10.059163	10.372029	8.435259	10.213823	10.237046	10.644170	8.949188	9.257849	11.065631	9.777208	11.625667	8.185950	
8.966144	9.050812	8.638060	7.259193	9.073127	10.824381	9.420185	8.976508	10.624171	8.985185	8.869048	10.117418	8.238394	8.830992	9.445310	10.570467	8.826588	9.477521	10.044293	10.430307	9.371879	9.350051	9.436283	8.889083	9.404278	8.871028	9.504087	8.968761	8.854008	8.973895	8.530806	8.090171	8.344039	7.905684	8.335544	8.947423	10.304061	9.521398	9.830219	8.517955	
9.358587	10.858014	8.223965	9.446154	10.237670	10.683677	10.571022	9.495852	10.787745	11.037855	8.641026	11.142369	8.344490	8.757316	10.724889	11.455220	9.593312	9.535225	10.142027	11.270265	9.600195	10.404191	9.273251	10.594995	9.094224	9.234118	10.872562	10.513754	8.904578	10.826661	6.824662	9.179920	10.242396	10.448447	8.668726	8.820174	10.810026	10.105085	10.572562	7.342397	
9.681618	10.222515	9.349864	8.275837	9.910806	10.517996	9.599693	9.551922	11.733131	10.745947	8.863622	9.725031	9.365694	8.383108	10.526186	10.315825	9.655283	9.969852	9.599814	12.127305	9.494907	9.796721	10.219120	9.515441	9.287993	9.795572	11.756458	10.909709	8.592401	9.276446	8.159436	9.822155	9.108441	9.457585	8.544874	8.325950	10.689003	9.822588	10.444243	9.033816	
10.038078	10.321222	8.086744	8.409301	9.985655	10.910287	8.732697	9.906082	12.574275	9.777163	8.751893	11.492919	8.262310	8.889127	9.110283	11.966297	10.701782	9.824573	11.228380	11.223910	10.765747	10.152534	8.917484	9.247214	10.457276	10.365424	10.364229	9.524816	9.081083	9.315843	8.464861	9.170787	8.616951	9.687520	9.371613	9.921690	10.477989	9.400644	10.460805	8.590120	
11.490974	12.618319	9.472690	10.531383	11.965133	12.014144	11.045468	10.468921	12.674630	11.775296	10.431124	12.102875	9.751044	10.013150	11.697082	13.911523	10.713792	10.900862	13.044664	13.538334	11.214352	11.495743	10.748247	12.040031	10.636709	9.776027	12.164946	11.560575	9.577581	11.265142	9.016247	10.000632	11.421734	11.377760	9.465702	10.288612	12.233345	10.470846	12.788817	8.329250	
8.313620	9.934363	8.432444	7.935898	9.050053	10.779647	9.921633	9.265311	10.235111	9.305714	8.490567	10.863192	8.429118	7.872980	9.433182	11.024859	8.578631	9.460528	10.241518	10.444686	9.360296	10.016954	9.144547	8.695769	9.457952	9.040333	9.502947	8.778193	9.156905	9.146446	7.052341	7.888227	8.459462	9.637775	8.919926	9.394182	9.569848	8.349872	8.801495	8.091447	
8.997049	9.866323	8.378905	8.816676	10.155015	10.611871	9.147365	8.374458	10.843739	9.178918	8.805506	10.226720	8.671416	8.382480	9.391551	10.674365	9.864212	8.187654	10.037618	11.133312	9.319519	10.224955	9.066601	9.705486	9.019934	9.032491	9.299140	9.763053	9.305085	9.480366	7.952549	8.264473	8.969036	8.761456	8.208861	9.493152	9.964484	9.397950	10.705967	8.718469	
10.102728	10.124514	8.394093	9.328986	10.158648	10.673123	9.901539	9.479795	11.788492	10.659540	9.658311	11.197236	9.260180	8.592227	10.440822	12.483652	9.467405	9.862851	11.373607	11.003119	10.413522	10.052801	10.412644	9.798612	8.857117	9.036219	10.039124	10.024529	9.104778	10.264619	8.218525	7.668853	9.618611	10.294061	8.409425	9.695584	10.388312	9.680689	10.409519	8.286266	
9.105083	9.455749	7.707942	7.580395	8.619393	9.307300	9.522428	8.968179	9.696345	9.527592	8.923205	10.384234	8.201886	7.430323	9.561372	10.841377	8.653166	9.591399	10.383951	10.463221	9.378433	9.067267	7.647537	9.203838	9.471396	9.143891	9.626587	9.198631	8.679612	8.895176	7.451879	7.685714	9.054944	9.335184	8.550328	9.318489	10.414895	7.423845	9.244641	7.978000	
8.869904	9.071695	7.273222	7.687988	8.782954	8.142073	7.172332	8.859891	9.684136	8.293497	7.998978	9.263621	7.695259	6.580937	8.036513	9.634932	8.068816	8.329430	9.551176	9.555652	8.491414	8.598204	6.873194	7.927046	7.593496	8.420611	8.641663	7.559457	7.938283	7.841321	7.266054	7.322736	7.761384	7.299654	6.848630	8.481115	8.064053	6.897141	9.083274	7.186670	
7.915634	8.434534	6.907861	6.616959	7.548239	8.080668	6.819723	7.562479	9.266149	8.299315	6.911342	8.778028	7.445906	6.487459	7.887653	8.456490	8.058556	7.267650	9.354976	9.598120	8.117938	7.949510	6.843200	7.464867	6.584052	7.376901	8.614878	7.365167	7.247586	7.292671	6.870920	7.827366	7.348311	6.805436	6.519722	7.109717	7.515516	8.174310	8.851143	6.850284	
8.938827	8.882652	6.845003	7.931193	8.688602	9.443626	8.434176	7.864307	9.855947	8.119158	7.260632	9.894954	5.950685	7.682679	7.898240	10.244631	8.867608	8.652925	8.789037	9.325468	8.238446	9.217322	8.013028	8.704642	8.548484	7.935036	8.390527	8.331515	8.167288	8.620841	6.705126	7.709734	8.484026	8.766408	7.698677	8.779966	9.244054	8.087186	8.557319	6.759144	
9.507709	10.109994	8.705888	8.917228	11.390619	9.990133	8.657874	9.020493	12.327975	9.801580	9.223652	10.589329	8.243368	7.936659	9.074010	10.740227	9.708406	9.171934	9.507542	11.599481	10.239324	10.378759	10.218331	8.859927	8.037504	9.988444	10.588940	9.238362	9.176228	8.985406	8.318603	8.342803	8.874873	9.394869	8.035013	8.523816	10.080246	8.405328	10.315111	8.496162	
7.649367	8.074124	7.016294	7.532255	8.512490	8.047310	7.299534	7.337617	9.352059	8.175087	6.564364	9.114831	7.549996	7.202141	8.320303	10.191724	10.145761	8.031412	8.883624	8.940805	7.653066	7.704962	7.147121	7.996406	8.220120	7.919592	8.461513	8.087934	8.160173	7.505834	7.517456	7.619362	8.452730	7.985553	6.624642	9.015922	8.744416	7.832421	8.897320	6.865688	
11.704112	12.019742	9.829905	10.386000	12.747920	11.027616	10.836853	10.440253	13.465472	11.188588	9.203338	12.596922	9.242964	9.745763	11.133107	11.961356	12.016302	11.115205	11.181032	12.268964	11.278532	11.021311	10.214519	12.063381	10.739793	10.585371	12.278491	10.562707	11.320430	10.847399	10.300165	11.042847	11.242266	11.101897	9.159859	11.088606	11.852730	9.829762	11.572269	10.278904	
8.166719	9.698461	7.935476	8.115004	9.830874	9.672445	9.347252	9.270803	10.683146	9.790849	7.612949	9.636480	8.375189	7.288741	8.983798	10.123312	9.497214	8.272710	9.580250	9.311234	8.699949	10.249408	7.889919	8.894530	7.189482	8.290387	9.899536	9.607267	8.162123	8.824909	6.788101	8.488172	9.050942	8.927486	7.779266	8.609027	9.579410	8.354335	9.575189	7.815947	
10.538266	11.194311	8.645081	9.077555	10.977375	10.456480	9.241662	9.987984	12.902778	10.946804	8.164158	11.535375	8.951280	8.069466	10.046942	11.981849	11.042805	10.309367	11.071329	12.533448	11.049185	10.174685	10.359470	10.639937	9.774269	9.542942	11.181750	9.439233	9.651922	9.819198	9.006106	8.643811	10.093927	10.740134	9.092361	9.811601	10.413793	9.501898	10.354841	8.649002	
12.433417	12.660118	10.298054	11.138132	12.730961	12.688731	12.627056	10.596506	14.152346	11.632712	10.035045	12.860348	9.301534	9.851634	11.605369	14.009337	12.103948	11.370155	12.397537	12.850164	11.940044	12.176263	11.214528	11.971943	10.353019	11.146338	11.504072	10.790254	11.085391	11.017622	9.261520	11.680125	11.816393	12.228933	10.408035	12.033506	11.725650	10.743736	12.738151	9.431486	
12.513579	12.957729	11.314385	12.057179	13.804058	13.099228	11.682756	12.603897	15.163327	12.913280	10.996060	13.806554	11.023008	10.706835	12.181743	13.980869	13.383760	11.991423	12.463097	14.297635	12.322400	13.232497	12.338678	12.136084	11.765630	12.225619	13.181638	12.016338	12.932963	12.402561	11.187265	12.311321	12.251466	12.332765	10.883439	12.184838	13.412927	12.154092	13.583030	11.419414	
10.904503	11.513897	9.156882	9.743593	11.018287	11.385380	10.547543	10.639082	12.319632	11.954665	8.762777	11.577548	9.531825	8.027881	10.732756	11.494168	10.699198	9.834222	11.221384	11.458973	9.831102	11.368144	9.509146	9.854015	9.352864	9.241992	10.396835	10.971176	9.989023	10.781587	8.126084	9.917825	9.943952	10.037857	8.957665	11.027021	11.005617	9.358195	11.240044	8.911030	
11.737908	11.927619	8.532410	9.835042	11.268604	10.816754	9.896716	10.474456	13.857450	10.301733	9.049871	12.601852	9.440939	8.793759	10.784703	11.752544	10.659345	10.799273	12.084854	11.979529	10.839123	10.846432	9.128442	9.507694	10.173068	10.168167	9.888846	10.324906	9.442780	10.856882	9.202698	9.598168	9.899976	10.749272	9.368245	11.575882	10.949285	9.298581	10.642197	9.042944	
10.426864	11.078169	10.148703	10.045066	11.114121	10.812879	10.373221	10.041451	11.532609	10.875706	9.280043	11.920019	9.070385	9.072335	9.753721	12.431576	11.481054	10.014437	10.387895	11.930253	10.752683	11.022161	10.333348	11.147269	9.990383	9.963751	11.781330	10.603284	10.520801	10.493390	8.900686	9.813627	10.760410	10.509341	9.419753	10.011786	11.402803	9.949657	11.594791	9.233803	
11.494288	12.052293	10.644082	10.069965	11.589143	11.276510	11.578991	10.602642	12.332823	11.338641	10.831537	11.848911	10.138412	9.915617	11.691454	12.636614	11.237770	10.158965	11.610271	12.345772	11.296522	10.787116	10.468877	11.427645	9.747457	10.398038	12.028372	11.209318	10.001154	11.471871	9.891749	10.110707	11.260352	10.488414	9.801882	10.770277	11.230397	10.885746	12.667894	10.292141	
7.294811	7.856804	6.448801	6.542111	8.495554	8.877097	6.826770	7.129349	10.400614	8.023147	7.496705	7.720761	7.009349	6.720150	7.713532	8.576769	7.042287	8.156815	8.842437	8.624221	7.432369	8.929647	8.782420	6.148108	7.002622	7.307456	7.990285	7.504934	6.446285	7.797704	5.873498	6.163202	6.964203	6.539690	7.073125	7.399136	7.571092	7.613130	7.910038	6.971410	
10.912787	11.841982	9.646511	9.808208	10.954064	11.897519	10.820217	10.008980	13.249758	10.706010	9.205811	11.562664	8.754291	10.182750	10.365156	13.157381	10.792232	11.438842	11.944533	12.454528	11.331589	11.026911	10.837306	11.039338	10.622860	10.528188	12.620016	10.991533	9.707278	11.272306	9.308418	9.561321	10.387098	10.927475	9.665218	9.871383	10.816939	10.684844	11.794501	9.436092	
9.958230	9.943500	8.635807	8.427411	10.911101	10.910389	8.951042	9.177875	12.291465	10.282319	8.114857	12.032437	9.098249	7.529426	10.018856	12.283413	10.467517	9.696129	11.187616	11.828306	10.223084	10.226481	9.206304	9.732329	10.734721	9.494291	9.564211	9.557531	9.475548	9.465199	8.796112	8.256197	9.115501	8.761900	8.194552	10.465886	10.498060	8.075245	11.108699	8.175455	
MPI_Wtime measured for total run by process 1 = 0.016899
MPI_Wtime measured for total run by process 2 = 0.016531
MPI_Wtime measured for total run by process 3 = 0.016682
MPI_Wtime measured for total run by process 4 = 0.016731
MPI_Wtime measured for total run by process 5 = 0.017577
MPI_Wtime measured for total run by process 6 = 0.016943
MPI_Wtime measured for total run by process 8 = 0.017383
MPI_Wtime measured for total run by process 9 = 0.017517
MPI_Wtime measured for total run by process 12 = 0.017096
MPI_Wtime measured for total run by process 13 = 0.017101
MPI_Wtime measured for total run by process 14 = 0.017158
9.057924	10.467506	8.312259	8.517437	10.480097	9.484161	10.474620	8.588188	11.582083	9.599782	8.604354	9.967405	8.222552	8.492027	9.913002	11.283518	9.489996	8.896604	10.832394	10.415689	9.910721	9.875765	8.474551	10.222949	8.914638	8.737134	10.564026	8.837636	9.054688	8.800602	7.573843	8.804002	10.192430	8.947343	8.058789	9.190980	9.257610	8.922622	9.658428	8.095738	
8.946478	9.033438	8.561916	7.322737	9.368977	9.934527	9.067400	9.147039	11.267049	9.845202	8.791352	10.356093	8.440044	8.593141	9.736838	11.401335	10.104102	9.609459	10.589354	10.986696	10.278070	9.407771	9.715924	9.151263	9.817146	9.563744	11.749129	8.954251	8.800592	9.243913	8.897413	8.022024	8.849053	8.384247	8.743583	8.184763	9.969760	9.446938	10.389122	8.651453	
12.319086	13.170714	10.360820	9.941703	12.673749	12.341296	11.043357	12.065289	14.032512	12.711960	9.849904	14.135148	9.866760	9.684083	11.728806	13.318109	12.252482	11.808494	12.541138	13.667924	12.534446	12.256603	10.492967	12.238479	12.470790	11.540424	12.775317	10.571288	12.003483	11.440217	9.359387	12.359719	10.924414	11.572710	9.894304	11.695317	12.585878	10.850748	12.359877	9.420704	
9.708837	9.575380	8.058312	8.444812	9.358422	10.418722	10.223660	9.490241	11.888077	9.832976	8.534739	10.971932	8.639311	8.780240	10.021920	10.606889	9.529760	8.799221	10.381285	11.251846	9.664924	10.139966	9.449572	9.247174	9.531515	9.132497	10.209382	10.840131	8.435291	10.611975	8.167866	8.924844	8.470580	9.303042	8.276776	9.484253	10.332207	8.928697	10.963918	8.439548	
10.253975	9.789211	8.082966	8.033234	10.467202	11.016252	9.605126	8.849875	13.021688	10.271699	8.827935	10.510056	7.309234	8.383812	9.797119	11.627160	9.895593	10.693690	11.078636	10.531047	10.471554	9.947989	8.593926	9.075668	9.952534	8.775144	10.112818	9.632576	9.225582	8.967392	8.892789	7.294229	9.316868	9.764059	8.468832	9.773487	11.328960	8.707218	9.135912	8.267144	
10.034781	10.841176	8.337211	8.446752	10.429887	11.481295	8.884523	8.656113	12.804493	9.967753	9.017386	10.707550	9.363581	8.344149	10.054089	11.078578	10.644064	10.321340	11.763175	11.659222	11.041562	10.402324	9.352509	9.051698	9.428415	10.070290	10.751035	9.443132	9.372872	9.902963	8.745674	8.373263	8.845857	9.343921	8.524357	9.820388	9.721671	9.430907	10.280297	9.157230	
9.197250	9.468330	8.227838	6.968354	9.920696	8.882760	7.870030	7.795905	10.152925	8.422692	8.400710	10.405922	7.874492	7.980523	8.662115	10.780832	9.973819	8.396402	9.537959	10.572959	9.729071	8.974742	7.395759	9.561218	9.270888	8.891636	10.095283	8.248592	8.414273	8.108939	8.029115	8.441987	8.571884	7.919707	6.854518	8.787344	9.067790	8.207445	9.997885	7.719172	
14.204190	14.488293	11.362632	11.664245	13.506242	13.293638	12.397022	13.479597	15.949061	12.838534	11.882452	15.607162	11.759982	11.439975	12.737683	15.802513	13.425297	12.215010	15.228774	14.814428	13.764929	13.624685	11.010241	12.296670	13.416256	12.066799	13.702179	12.238077	11.870779	12.839202	11.857290	11.207769	13.026650	12.507530	12.017109	13.219980	13.395807	12.025050	13.655337	11.066972	
8.217032	9.361963	6.601397	7.671749	9.102043	8.802813	8.262651	8.668758	10.702169	8.575925	7.740052	9.272165	7.975703	7.365780	8.723279	9.140911	8.370737	8.078668	10.278904	9.683304	8.666854	9.180354	7.878033	7.374454	7.547809	8.652819	8.659799	8.402265	7.690266	8.609176	7.203204	7.273663	7.121369	7.682821	8.227330	8.780162	7.942828	7.693335	9.530529	8.187558	
The results Matches
MPI_Wtime measured for total run by process 7 = 0.017049
MPI_Wtime measured for total run by process 10 = 0.017221
MPI_Wtime measured for total run by process 11 = 0.017454
MPI_Wtime measured for total run by process 15 = 0.017312
